1500  1.3487  1.3487  27.3346
3000  1.3470  1.3478  27.3689
4500  1.3453  1.3470  27.4034
6000  1.3444  1.3463  27.4215
7500  1.3445  1.3460  27.4186
9000  1.3455  1.3459  27.3989
10500  1.3468  1.3460  27.3729
12000  1.3478  1.3462  27.3514
13500  1.3486  1.3465  27.3365
15000  1.3489  1.3467  27.3289
16500  1.3490  1.3470  27.3274
18000  1.3491  1.3471  27.3265
19500  1.3496  1.3473  27.3155
21000  1.3502  1.3475  27.3029
22500  1.3504  1.3477  27.2994
24000  1.3503  1.3479  27.3012
25500  1.3505  1.3480  27.2971
27000  1.3502  1.3482  27.3027
28500  1.3496  1.3482  27.3159
30000  1.3488  1.3483  27.3310
31500  1.3483  1.3483  27.3422
33000  1.3479  1.3482  27.3510
34500  1.3475  1.3482  27.3591
36000  1.3482  1.3482  27.3433
37500  1.3499  1.3483  27.3102
39000  1.3503  1.3484  27.3008
40500  1.3490  1.3484  27.3273
42000  1.3473  1.3483  27.3616
43500  1.3461  1.3483  27.3857
45000  1.3458  1.3482  27.3935
46500  1.3461  1.3481  27.3866
48000  1.3464  1.3481  27.3812
49500  1.3459  1.3480  27.3917
51000  1.3449  1.3479  27.4114
52500  1.3441  1.3478  27.4281
54000  1.3441  1.3477  27.4279
55500  1.3446  1.3476  27.4181
57000  1.3446  1.3475  27.4172
58500  1.3441  1.3474  27.4270
60000  1.3435  1.3473  27.4403
61500  1.3427  1.3472  27.4558
63000  1.3427  1.3471  27.4565
64500  1.3437  1.3470  27.4360
66000  1.3447  1.3470  27.4161
67500  1.3454  1.3470  27.4011
69000  1.3459  1.3469  27.3913
70500  1.3455  1.3469  27.3984
72000  1.3446  1.3468  27.4179
73500  1.3437  1.3468  27.4363
75000  1.3429  1.3467  27.4525
76500  1.3420  1.3466  27.4696
78000  1.3417  1.3465  27.4756
79500  1.3421  1.3464  27.4684
81000  1.3425  1.3464  27.4611
82500  1.3423  1.3463  27.4636
84000  1.3420  1.3462  27.4697
85500  1.3421  1.3461  27.4684
87000  1.3424  1.3461  27.4615
88500  1.3424  1.3460  27.4624
90000  1.3422  1.3460  27.4664
91500  1.3419  1.3459  27.4718
93000  1.3409  1.3458  27.4924
94500  1.3392  1.3457  27.5268
96000  1.3373  1.3456  27.5662
97500  1.3356  1.3454  27.6012
99000  1.3345  1.3453  27.6246
100500  1.3339  1.3451  27.6365
102000  1.3337  1.3449  27.6419
103500  1.3341  1.3448  27.6333
105000  1.3353  1.3446  27.6080
106500  1.3369  1.3445  27.5744
108000  1.3378  1.3444  27.5571
109500  1.3379  1.3443  27.5551
111000  1.3386  1.3443  27.5403
112500  1.3394  1.3442  27.5228
114000  1.3397  1.3441  27.5167
115500  1.3402  1.3441  27.5078
117000  1.3402  1.3440  27.5082
118500  1.3394  1.3440  27.5227
120000  1.3380  1.3439  27.5515
121500  1.3366  1.3438  27.5803
123000  1.3359  1.3437  27.5960
124500  1.3360  1.3436  27.5933
126000  1.3366  1.3435  27.5813
127500  1.3368  1.3435  27.5770
129000  1.3366  1.3434  27.5821
130500  1.3362  1.3433  27.5894
132000  1.3356  1.3432  27.6011
133500  1.3347  1.3431  27.6200
135000  1.3334  1.3430  27.6469
136500  1.3322  1.3429  27.6714
138000  1.3314  1.3428  27.6881
139500  1.3308  1.3426  27.7016
141000  1.3299  1.3425  27.7193
142500  1.3290  1.3424  27.7395
144000  1.3284  1.3422  27.7519
145500  1.3284  1.3421  27.7519
147000  1.3285  1.3419  27.7497
148500  1.3283  1.3418  27.7530
150000  1.3282  1.3417  27.7557
151500  1.3279  1.3415  27.7630
153000  1.3273  1.3414  27.7743
154500  1.3267  1.3412  27.7878
156000  1.3264  1.3411  27.7939
157500  1.3267  1.3410  27.7881
159000  1.3271  1.3408  27.7787
160500  1.3274  1.3407  27.7734
162000  1.3272  1.3406  27.7772
163500  1.3268  1.3404  27.7855
165000  1.3265  1.3403  27.7905
166500  1.3265  1.3402  27.7919
168000  1.3265  1.3401  27.7918
169500  1.3263  1.3400  27.7955
171000  1.3259  1.3398  27.8033
172500  1.3257  1.3397  27.8087
174000  1.3253  1.3396  27.8169
175500  1.3247  1.3395  27.8286
177000  1.3246  1.3393  27.8309
178500  1.3251  1.3392  27.8201
180000  1.3256  1.3391  27.8096
181500  1.3259  1.3390  27.8031
183000  1.3261  1.3389  27.7998
184500  1.3261  1.3388  27.7997
186000  1.3262  1.3387  27.7979
187500  1.3255  1.3386  27.8117
189000  1.3242  1.3385  27.8388
190500  1.3227  1.3383  27.8703
192000  1.3217  1.3382  27.8916
193500  1.3213  1.3381  27.9007
195000  1.3214  1.3379  27.8986
196500  1.3218  1.3378  27.8911
198000  1.3217  1.3377  27.8926
199500  1.3214  1.3376  27.8987
201000  1.3219  1.3375  27.8877
202500  1.3234  1.3374  27.8568
204000  1.3246  1.3373  27.8311
205500  1.3258  1.3372  27.8065
207000  1.3270  1.3371  27.7819
208500  1.3278  1.3370  27.7632
210000  1.3288  1.3370  27.7434
211500  1.3294  1.3369  27.7305
213000  1.3296  1.3369  27.7270
214500  1.3296  1.3368  27.7275
216000  1.3304  1.3368  27.7097
217500  1.3321  1.3367  27.6749
219000  1.3333  1.3367  27.6500
220500  1.3332  1.3367  27.6515
222000  1.3322  1.3367  27.6717
223500  1.3310  1.3366  27.6984
225000  1.3298  1.3366  27.7230
226500  1.3289  1.3365  27.7420
228000  1.3276  1.3365  27.7689
229500  1.3260  1.3364  27.8017
231000  1.3244  1.3363  27.8357
232500  1.3229  1.3362  27.8669
234000  1.3213  1.3361  27.9015
235500  1.3194  1.3360  27.9406
237000  1.3182  1.3359  27.9669
238500  1.3176  1.3358  27.9793
240000  1.3176  1.3357  27.9785
241500  1.3184  1.3356  27.9629
243000  1.3190  1.3355  27.9497
244500  1.3190  1.3354  27.9496
246000  1.3181  1.3353  27.9675
247500  1.3166  1.3352  27.9997
249000  1.3152  1.3350  28.0311
250500  1.3137  1.3349  28.0625
252000  1.3119  1.3348  28.1016
253500  1.3101  1.3346  28.1386
255000  1.3097  1.3345  28.1486
256500  1.3098  1.3343  28.1446
258000  1.3097  1.3342  28.1485
259500  1.3092  1.3341  28.1594
261000  1.3093  1.3339  28.1555
262500  1.3106  1.3338  28.1275
264000  1.3117  1.3337  28.1045
265500  1.3128  1.3335  28.0805
267000  1.3144  1.3334  28.0465
268500  1.3155  1.3333  28.0240
270000  1.3158  1.3332  28.0178
271500  1.3156  1.3331  28.0218
273000  1.3149  1.3330  28.0375
274500  1.3134  1.3329  28.0679
276000  1.3118  1.3328  28.1022
277500  1.3103  1.3327  28.1340
279000  1.3085  1.3326  28.1737
280500  1.3068  1.3324  28.2093
282000  1.3066  1.3323  28.2151
283500  1.3076  1.3322  28.1923
285000  1.3088  1.3320  28.1669
286500  1.3095  1.3319  28.1520
288000  1.3098  1.3318  28.1461
289500  1.3096  1.3317  28.1499
291000  1.3094  1.3316  28.1542
292500  1.3090  1.3315  28.1627
294000  1.3092  1.3313  28.1585
295500  1.3107  1.3312  28.1269
297000  1.3129  1.3311  28.0801
298500  1.3138  1.3311  28.0610
300000  1.3131  1.3310  28.0742
