5000  0.5962  0.5962  84.3667
10000  0.5962  0.5962  84.3666
15000  0.5962  0.5962  84.3668
20000  0.5962  0.5962  84.3666
25000  0.5962  0.5962  84.3667
30000  0.5962  0.5962  84.3669
35000  0.5962  0.5962  84.3672
40000  0.5962  0.5962  84.3672
45000  0.5962  0.5962  84.3673
50000  0.5962  0.5962  84.3673
55000  0.5962  0.5962  84.3675
60000  0.5962  0.5962  84.3678
65000  0.5962  0.5962  84.3680
70000  0.5962  0.5962  84.3685
75000  0.5962  0.5962  84.3686
80000  0.5962  0.5962  84.3689
85000  0.5962  0.5962  84.3696
90000  0.5962  0.5962  84.3701
95000  0.5962  0.5962  84.3703
100000  0.5962  0.5962  84.3708
105000  0.5962  0.5962  84.3714
110000  0.5962  0.5962  84.3718
115000  0.5962  0.5962  84.3725
120000  0.5962  0.5962  84.3727
125000  0.5962  0.5962  84.3729
130000  0.5962  0.5962  84.3728
135000  0.5962  0.5962  84.3728
140000  0.5962  0.5962  84.3727
145000  0.5962  0.5962  84.3727
150000  0.5962  0.5962  84.3724
155000  0.5962  0.5962  84.3722
160000  0.5962  0.5962  84.3721
165000  0.5962  0.5962  84.3721
170000  0.5962  0.5962  84.3718
175000  0.5962  0.5962  84.3718
180000  0.5962  0.5962  84.3716
185000  0.5962  0.5962  84.3720
190000  0.5962  0.5962  84.3717
195000  0.5962  0.5962  84.3715
200000  0.5962  0.5962  84.3715
205000  0.5962  0.5962  84.3714
210000  0.5962  0.5962  84.3713
215000  0.5962  0.5962  84.3710
220000  0.5962  0.5962  84.3704
225000  0.5962  0.5962  84.3701
230000  0.5962  0.5962  84.3696
235000  0.5962  0.5962  84.3692
240000  0.5962  0.5962  84.3690
245000  0.5962  0.5962  84.3687
250000  0.5962  0.5962  84.3687
255000  0.5962  0.5962  84.3688
260000  0.5962  0.5962  84.3687
265000  0.5962  0.5962  84.3686
270000  0.5962  0.5962  84.3686
275000  0.5962  0.5962  84.3682
280000  0.5962  0.5962  84.3684
285000  0.5962  0.5962  84.3684
290000  0.5962  0.5962  84.3681
295000  0.5962  0.5962  84.3681
300000  0.5962  0.5962  84.3681
305000  0.5962  0.5962  84.3678
310000  0.5962  0.5962  84.3677
315000  0.5962  0.5962  84.3676
320000  0.5962  0.5962  84.3677
325000  0.5962  0.5962  84.3673
330000  0.5962  0.5962  84.3673
335000  0.5962  0.5962  84.3672
340000  0.5962  0.5962  84.3672
345000  0.5962  0.5962  84.3670
350000  0.5962  0.5962  84.3669
355000  0.5962  0.5962  84.3668
360000  0.5962  0.5962  84.3665
365000  0.5962  0.5962  84.3667
370000  0.5962  0.5962  84.3670
375000  0.5962  0.5962  84.3667
380000  0.5962  0.5962  84.3670
385000  0.5962  0.5962  84.3669
390000  0.5962  0.5962  84.3673
395000  0.5962  0.5962  84.3676
400000  0.5962  0.5962  84.3680
405000  0.5962  0.5962  84.3683
410000  0.5962  0.5962  84.3688
415000  0.5962  0.5962  84.3690
420000  0.5962  0.5962  84.3690
425000  0.5962  0.5962  84.3693
430000  0.5962  0.5962  84.3695
435000  0.5962  0.5962  84.3696
440000  0.5962  0.5962  84.3698
445000  0.5962  0.5962  84.3697
450000  0.5962  0.5962  84.3698
455000  0.5962  0.5962  84.3696
460000  0.5962  0.5962  84.3699
465000  0.5962  0.5962  84.3702
470000  0.5962  0.5962  84.3702
475000  0.5962  0.5962  84.3704
480000  0.5962  0.5962  84.3706
485000  0.5962  0.5962  84.3705
490000  0.5962  0.5962  84.3707
495000  0.5962  0.5962  84.3710
500000  0.5962  0.5962  84.3713
505000  0.5962  0.5962  84.3715
510000  0.5962  0.5962  84.3720
515000  0.5962  0.5962  84.3721
520000  0.5962  0.5962  84.3725
525000  0.5962  0.5962  84.3730
530000  0.5962  0.5962  84.3732
535000  0.5962  0.5962  84.3738
540000  0.5962  0.5962  84.3746
545000  0.5962  0.5962  84.3749
550000  0.5962  0.5962  84.3752
555000  0.5962  0.5962  84.3759
560000  0.5962  0.5962  84.3764
565000  0.5961  0.5962  84.3769
570000  0.5961  0.5962  84.3776
575000  0.5961  0.5962  84.3779
580000  0.5961  0.5962  84.3785
585000  0.5961  0.5962  84.3790
590000  0.5961  0.5962  84.3792
595000  0.5961  0.5962  84.3799
600000  0.5961  0.5962  84.3807
605000  0.5961  0.5962  84.3811
610000  0.5961  0.5962  84.3819
615000  0.5961  0.5962  84.3822
620000  0.5961  0.5962  84.3828
625000  0.5961  0.5962  84.3839
630000  0.5961  0.5962  84.3842
635000  0.5961  0.5962  84.3854
640000  0.5961  0.5962  84.3864
645000  0.5961  0.5962  84.3867
650000  0.5961  0.5962  84.3871
655000  0.5961  0.5962  84.3877
660000  0.5961  0.5962  84.3884
665000  0.5961  0.5962  84.3892
670000  0.5961  0.5962  84.3901
675000  0.5961  0.5962  84.3905
680000  0.5960  0.5962  84.3914
685000  0.5960  0.5962  84.3924
690000  0.5960  0.5962  84.3928
695000  0.5960  0.5962  84.3937
700000  0.5960  0.5962  84.3941
705000  0.5960  0.5962  84.3951
710000  0.5960  0.5962  84.3960
715000  0.5960  0.5962  84.3965
720000  0.5960  0.5962  84.3970
725000  0.5960  0.5962  84.3975
730000  0.5960  0.5962  84.3981
735000  0.5960  0.5962  84.3987
740000  0.5960  0.5962  84.3989
745000  0.5960  0.5962  84.3994
750000  0.5960  0.5962  84.3997
755000  0.5960  0.5962  84.4001
760000  0.5960  0.5962  84.4005
765000  0.5960  0.5962  84.4011
770000  0.5960  0.5962  84.4013
775000  0.5960  0.5962  84.4013
780000  0.5960  0.5962  84.4020
785000  0.5960  0.5962  84.4021
790000  0.5960  0.5962  84.4025
795000  0.5960  0.5962  84.4031
800000  0.5960  0.5962  84.4036
805000  0.5960  0.5962  84.4039
810000  0.5960  0.5962  84.4043
815000  0.5960  0.5962  84.4050
820000  0.5959  0.5961  84.4055
825000  0.5959  0.5961  84.4063
830000  0.5959  0.5961  84.4070
835000  0.5959  0.5961  84.4078
840000  0.5959  0.5961  84.4083
845000  0.5959  0.5961  84.4089
850000  0.5959  0.5961  84.4093
855000  0.5959  0.5961  84.4095
860000  0.5959  0.5961  84.4100
865000  0.5959  0.5961  84.4108
870000  0.5959  0.5961  84.4109
875000  0.5959  0.5961  84.4112
880000  0.5959  0.5961  84.4111
885000  0.5959  0.5961  84.4116
890000  0.5959  0.5961  84.4116
895000  0.5959  0.5961  84.4117
900000  0.5959  0.5961  84.4119
905000  0.5959  0.5961  84.4122
910000  0.5959  0.5961  84.4125
915000  0.5959  0.5961  84.4126
920000  0.5959  0.5961  84.4126
925000  0.5959  0.5961  84.4129
930000  0.5959  0.5961  84.4130
935000  0.5959  0.5961  84.4132
940000  0.5959  0.5961  84.4137
945000  0.5959  0.5961  84.4143
950000  0.5959  0.5961  84.4144
955000  0.5959  0.5961  84.4147
960000  0.5959  0.5961  84.4152
965000  0.5959  0.5961  84.4157
970000  0.5959  0.5961  84.4161
975000  0.5959  0.5961  84.4165
980000  0.5959  0.5961  84.4174
985000  0.5959  0.5961  84.4180
990000  0.5959  0.5961  84.4181
995000  0.5959  0.5961  84.4185
1000000  0.5959  0.5961  84.4187
