10000  0.4429  18  3.4444  40.8724  0.0409
20000  0.4429  18  3.4444  40.9526  0.0410
30000  0.4071  16  3.5625  42.4459  0.0424
40000  0.5071  19  3.7368  45.6243  0.0456
50000  0.5071  20  3.5500  41.7151  0.0417
60000  0.4929  18  3.8333  45.8122  0.0458
70000  0.4643  18  3.6111  41.6137  0.0416
80000  0.4643  18  3.6111  41.2713  0.0413
90000  0.4429  17  3.6471  41.2636  0.0413
100000  0.4429  17  3.6471  41.1979  0.0412
110000  0.4643  18  3.6111  41.0087  0.0410
120000  0.4643  18  3.6111  41.0551  0.0411
130000  0.5143  20  3.6000  41.2605  0.0413
140000  0.5929  22  3.7727  44.3288  0.0443
150000  0.5786  20  4.0500  49.1149  0.0491
160000  0.5786  19  4.2632  52.6715  0.0527
170000  0.6143  20  4.3000  54.1423  0.0541
180000  0.6143  20  4.3000  54.2299  0.0542
190000  0.6071  20  4.2500  53.2929  0.0533
200000  0.5786  19  4.2632  53.1327  0.0531
210000  0.5786  19  4.2632  53.0854  0.0531
220000  0.6000  18  4.6667  60.6952  0.0607
230000  0.6500  21  4.3333  54.4890  0.0545
240000  0.5929  19  4.3684  54.2335  0.0542
250000  0.6286  19  4.6316  57.8608  0.0579
260000  0.6143  18  4.7778  59.2055  0.0592
270000  0.6429  18  5.0000  62.4848  0.0625
280000  0.6071  16  5.3125  66.6943  0.0667
290000  0.6071  16  5.3125  66.4580  0.0665
300000  0.6143  16  5.3750  67.4780  0.0675
310000  0.6143  16  5.3750  67.5211  0.0675
320000  0.6357  17  5.2353  65.2853  0.0653
330000  0.6643  17  5.4706  68.9215  0.0689
340000  0.7214  20  5.0500  62.3247  0.0623
350000  0.7857  21  5.2381  65.0931  0.0651
360000  0.8214  21  5.4762  69.2196  0.0692
370000  0.8000  21  5.3333  66.6137  0.0666
380000  0.8000  20  5.6000  71.2112  0.0712
390000  0.7929  19  5.8421  75.2819  0.0753
400000  0.8286  20  5.8000  74.9385  0.0749
410000  0.7929  19  5.8421  75.2813  0.0753
420000  0.7929  19  5.8421  75.0052  0.0750
430000  0.8143  20  5.7000  72.3200  0.0723
440000  0.8143  18  6.3333  81.7710  0.0818
450000  0.8143  19  6.0000  75.5765  0.0756
460000  0.8500  19  6.2632  79.3637  0.0794
470000  0.8643  19  6.3684  80.8580  0.0809
480000  0.8571  19  6.3158  79.5105  0.0795
490000  0.8500  21  5.6667  68.8524  0.0689
500000  0.8500  21  5.6667  68.8222  0.0688
510000  0.8500  21  5.6667  68.8612  0.0689
520000  0.8571  20  6.0000  74.4187  0.0744
530000  0.8643  20  6.0500  75.5237  0.0755
540000  0.8643  20  6.0500  75.5524  0.0756
550000  0.8643  21  5.7619  70.8776  0.0709
560000  0.8571  18  6.6667  84.4560  0.0845
570000  0.8357  17  6.8824  87.3149  0.0873
580000  0.8571  16  7.5000  96.8527  0.0969
590000  0.8643  15  8.0667  106.0665  0.1061
600000  0.8643  15  8.0667  106.0564  0.1061
610000  0.8643  15  8.0667  106.0519  0.1061
620000  0.8357  16  7.3125  93.7696  0.0938
630000  0.8357  16  7.3125  93.7160  0.0937
640000  0.8429  15  7.8667  101.7144  0.1017
650000  0.8786  16  7.6875  98.6424  0.0986
660000  0.8857  16  7.7500  99.6833  0.0997
670000  0.8929  13  9.6154  127.3859  0.1274
680000  0.8929  12  10.4167  138.9697  0.1390
690000  0.8929  12  10.4167  138.8603  0.1389
700000  0.8929  12  10.4167  138.8492  0.1388
710000  0.8929  12  10.4167  138.8745  0.1389
720000  0.9000  12  10.5000  139.9758  0.1400
730000  0.8929  12  10.4167  138.4273  0.1384
740000  0.9000  11  11.4545  153.7680  0.1538
750000  0.9286  10  13.0000  176.4552  0.1765
760000  0.9286  9  14.4444  197.4243  0.1974
770000  0.9500  9  14.7778  201.8829  0.2019
780000  0.9500  9  14.7778  201.6596  0.2017
790000  0.9500  9  14.7778  201.5539  0.2016
800000  0.9429  10  13.2000  178.7743  0.1788
810000  0.9500  9  14.7778  201.5146  0.2015
820000  0.9500  9  14.7778  201.3890  0.2014
830000  0.9571  9  14.8889  202.7625  0.2028
840000  0.9571  7  19.1429  265.1704  0.2652
850000  0.9571  8  16.7500  229.0810  0.2291
860000  0.9643  8  16.8750  230.6319  0.2306
870000  0.9571  8  16.7500  228.0434  0.2280
880000  0.9571  7  19.1429  261.7642  0.2618
890000  0.9643  7  19.2857  263.6574  0.2637
900000  0.9643  7  19.2857  263.6568  0.2637
910000  0.9643  7  19.2857  263.6606  0.2637
920000  0.9643  7  19.2857  263.6300  0.2636
930000  0.9714  7  19.4286  265.4717  0.2655
940000  0.9714  4  34.0000  476.3719  0.4764
950000  0.9714  3  45.3333  638.8693  0.6389
960000  0.9786  3  45.6667  644.7405  0.6447
970000  0.9857  3  46.0000  655.7894  0.6558
980000  0.9857  3  46.0000  655.6143  0.6556
990000  0.9786  3  45.6667  641.4429  0.6414
1000000  0.9786  3  45.6667  641.4161  0.6414
1010000  0.9786  3  45.6667  641.4694  0.6415
1020000  0.9786  3  45.6667  648.4003  0.6484
1030000  0.9857  3  46.0000  655.2242  0.6552
1040000  0.9857  3  46.0000  655.0214  0.6550
1050000  0.9857  3  46.0000  654.8648  0.6549
1060000  0.9786  3  45.6667  647.8676  0.6479
1070000  0.9786  3  45.6667  647.8243  0.6478
1080000  0.9786  3  45.6667  647.8045  0.6478
1090000  0.9786  3  45.6667  647.8049  0.6478
1100000  0.9786  3  45.6667  647.8161  0.6478
1110000  0.9786  3  45.6667  647.8231  0.6478
1120000  0.9786  3  45.6667  647.7960  0.6478
1130000  0.9786  3  45.6667  647.7215  0.6477
1140000  0.9786  3  45.6667  647.5811  0.6476
1150000  0.9857  3  46.0000  651.6645  0.6517
1160000  0.9857  2  69.0000  983.4431  0.9834
1170000  0.9857  2  69.0000  982.9491  0.9829
1180000  0.9857  2  69.0000  982.5787  0.9826
1190000  0.9857  2  69.0000  982.3735  0.9824
1200000  0.9857  2  69.0000  982.3051  0.9823
1210000  0.9857  2  69.0000  982.3142  0.9823
1220000  0.9857  2  69.0000  982.3575  0.9824
1230000  0.9857  2  69.0000  982.4287  0.9824
1240000  0.9857  2  69.0000  982.5394  0.9825
1250000  0.9857  2  69.0000  982.6733  0.9827
1260000  0.9857  2  69.0000  982.8262  0.9828
1270000  0.9857  2  69.0000  982.9557  0.9830
1280000  0.9857  2  69.0000  983.0533  0.9831
1290000  0.9929  2  69.5000  993.5117  0.9935
1300000  0.9929  2  69.5000  993.4776  0.9935
1310000  0.9929  2  69.5000  993.5317  0.9935
1320000  0.9857  2  69.0000  983.0413  0.9830
1330000  0.9857  2  69.0000  982.8792  0.9829
1340000  0.9857  2  69.0000  982.5988  0.9826
1350000  0.9857  2  69.0000  982.2199  0.9822
1360000  0.9929  2  69.5000  988.5953  0.9886
1370000  0.9929  2  69.5000  988.2253  0.9882
1380000  0.9929  2  69.5000  987.9553  0.9880
1390000  0.9929  2  69.5000  987.8157  0.9878
1400000  0.9929  2  69.5000  987.7858  0.9878
1410000  0.9929  2  69.5000  987.8245  0.9878
1420000  0.9929  2  69.5000  987.8916  0.9879
1430000  0.9929  2  69.5000  987.9261  0.9879
1440000  0.9929  2  69.5000  987.9205  0.9879
1450000  1.0000  2  70.0000  994.5444  0.9945
1460000  1.0000  2  70.0000  994.5042  0.9945
1470000  1.0000  2  70.0000  994.4458  0.9944
1480000  1.0000  2  70.0000  994.4001  0.9944
1490000  1.0000  2  70.0000  994.3788  0.9944
1500000  1.0000  2  70.0000  994.3686  0.9944
1510000  1.0000  2  70.0000  994.3371  0.9943
1520000  1.0000  2  70.0000  994.2502  0.9943
1530000  1.0000  2  70.0000  994.0966  0.9941
1540000  1.0000  2  70.0000  1000.4808  1.0005
1550000  1.0000  2  70.0000  1000.3764  1.0004
1560000  1.0000  2  70.0000  1000.3008  1.0003
1570000  1.0000  2  70.0000  1000.2524  1.0003
1580000  1.0000  2  70.0000  1000.2265  1.0002
1590000  1.0000  2  70.0000  1000.2173  1.0002
1600000  1.0000  2  70.0000  1000.2161  1.0002
1610000  1.0000  2  70.0000  1000.2139  1.0002
1620000  1.0000  2  70.0000  1000.2025  1.0002
1630000  1.0000  2  70.0000  1000.1815  1.0002
1640000  1.0000  2  70.0000  1000.1560  1.0002
1650000  1.0000  2  70.0000  1000.1331  1.0001
1660000  1.0000  2  70.0000  1000.1148  1.0001
1670000  1.0000  2  70.0000  1000.1035  1.0001
1680000  1.0000  2  70.0000  1000.0969  1.0001
1690000  1.0000  2  70.0000  1000.0947  1.0001
1700000  1.0000  2  70.0000  1000.0946  1.0001
1710000  1.0000  2  70.0000  1000.0936  1.0001
1720000  1.0000  2  70.0000  1000.0902  1.0001
1730000  1.0000  2  70.0000  1000.0837  1.0001
1740000  1.0000  2  70.0000  1000.0763  1.0001
1750000  1.0000  2  70.0000  1000.0696  1.0001
1760000  1.0000  2  70.0000  1000.0650  1.0001
1770000  1.0000  2  70.0000  1000.0615  1.0001
1780000  1.0000  2  70.0000  1000.0603  1.0001
1790000  1.0000  2  70.0000  1000.0598  1.0001
1800000  1.0000  2  70.0000  1000.0600  1.0001
1810000  1.0000  2  70.0000  1000.0595  1.0001
1820000  1.0000  2  70.0000  1000.0581  1.0001
1830000  1.0000  2  70.0000  1000.0555  1.0001
1840000  1.0000  2  70.0000  1000.0536  1.0001
1850000  1.0000  2  70.0000  1000.0516  1.0001
1860000  1.0000  2  70.0000  1000.0506  1.0001
1870000  1.0000  2  70.0000  1000.0499  1.0000
1880000  1.0000  2  70.0000  1000.0498  1.0000
1890000  1.0000  2  70.0000  1000.0493  1.0000
1900000  1.0000  2  70.0000  1000.0496  1.0000
1910000  1.0000  2  70.0000  1000.0496  1.0000
1920000  1.0000  2  70.0000  1000.0485  1.0000
1930000  1.0000  2  70.0000  1000.0468  1.0000
1940000  1.0000  2  70.0000  1000.0450  1.0000
1950000  1.0000  2  70.0000  1000.0436  1.0000
1960000  1.0000  2  70.0000  1000.0427  1.0000
1970000  1.0000  2  70.0000  1000.0422  1.0000
1980000  1.0000  2  70.0000  1000.0419  1.0000
1990000  1.0000  2  70.0000  1000.0416  1.0000
2000000  1.0000  2  70.0000  1000.0414  1.0000
