6.000000  0.300000  0.011784  0.000001  -0.000001  0
6.000000  0.300000  0.011772  0.000000  0.000000  0
6.000000  0.300000  0.011776  0.000001  -0.000000  0
6.000000  0.300000  0.011765  0.000000  0.000000  0
6.000000  0.300000  0.011776  0.000001  -0.000000  0
6.000000  0.300000  0.011764  0.000000  0.000000  0
6.000000  0.300000  0.011776  0.000001  -0.000000  0
6.000000  0.300000  0.011764  0.000000  0.000000  0
6.000000  0.300000  0.011776  0.000001  -0.000000  0
6.000000  0.300000  0.011764  0.000000  0.000000  0
6.000000  0.300000  0.011776  0.000000  -0.000000  0
6.000000  0.300000  0.011764  0.000000  0.000000  0
6.000000  0.300000  0.011776  0.000000  -0.000000  0
6.000000  0.300000  0.011764  0.000000  0.000000  0
6.000000  0.300000  0.011776  0.000000  0.000000  0
6.000000  0.300000  0.011764  0.000000  0.000000  0
6.000000  0.300000  0.011776  0.000000  -0.000000  0
6.000000  0.300000  0.011764  0.000000  0.000000  0
6.000000  0.300000  0.011776  0.000000  -0.000000  0
6.000000  0.300000  0.011764  0.000000  0.000000  0
6.000000  0.300000  0.011776  0.000000  -0.000000  0
6.000000  0.300000  0.011764  0.000000  0.000000  0
6.000000  0.300000  0.011776  0.000000  0.000000  0
6.000000  0.300000  0.011763  0.000000  0.000000  0
6.000000  0.300000  0.011775  0.000001  0.000000  0
6.000000  0.300000  0.011763  0.000000  -0.000000  0
6.000000  0.300000  0.011775  0.000001  0.000000  0
6.000000  0.300000  0.011763  0.000000  -0.000000  0
6.000000  0.300000  0.011775  0.000001  -0.000000  0
6.000000  0.300000  0.011763  0.000000  0.000000  0
6.000000  0.300000  0.011775  0.000001  0.000000  0
6.000000  0.300000  0.011763  0.000000  -0.000000  0
6.000000  0.300000  0.011775  0.000001  -0.000000  0
6.000000  0.300000  0.011763  0.000000  -0.000000  0
6.000000  0.300000  0.011775  0.000001  0.000000  0
6.000000  0.300000  0.011763  0.000000  -0.000000  0
6.000000  0.300000  0.011774  0.000001  -0.000000  0
6.000000  0.300000  0.011763  0.000000  -0.000000  0
6.000000  0.300000  0.011774  0.000000  0.000000  0
6.000000  0.300000  0.011762  0.000000  -0.000000  0
6.000000  0.300000  0.011774  0.000000  0.000000  0
6.000000  0.300000  0.011763  0.000000  -0.000000  0
6.000000  0.300000  0.011774  0.000000  0.000000  0
6.000000  0.300000  0.011762  0.000000  -0.000000  0
6.000000  0.300000  0.011774  0.000000  0.000000  0
6.000000  0.300000  0.011762  0.000000  0.000000  0
6.000000  0.300000  0.011774  0.000000  0.000000  0
6.000000  0.300000  0.011762  0.000000  -0.000000  0
6.000000  0.300000  0.011774  0.000000  0.000000  0
6.000000  0.300000  0.011762  0.000000  -0.000000  0
6.000000  0.300000  0.011774  0.000000  0.000000  0
6.000000  0.300000  0.011762  0.000000  -0.000000  0
6.000000  0.300000  0.011774  0.000000  0.000000  0
6.000000  0.300000  0.011762  0.000000  0.000000  0
6.000000  0.300000  0.011774  0.000000  0.000000  0
6.000000  0.300000  0.011761  0.000000  0.000000  0
6.000000  0.300000  0.011774  0.000000  0.000000  0
6.000000  0.300000  0.011762  0.000000  -0.000000  0
6.000000  0.300000  0.011774  0.000000  0.000000  0
6.000000  0.300000  0.011761  0.000000  0.000000  0
6.000000  0.300000  0.011774  0.000000  0.000000  0
6.000000  0.300000  0.011761  0.000000  0.000000  0
6.000000  0.300000  0.011774  0.000000  0.000000  0
6.000000  0.300000  0.011761  0.000000  0.000000  0
6.000000  0.300000  0.011774  0.000000  0.000000  0
6.000000  0.300000  0.011761  0.000000  -0.000000  0
6.000000  0.300000  0.011774  -0.000000  0.000000  0
6.000000  0.300000  0.011761  0.000000  -0.000000  0
6.000000  0.300000  0.011774  -0.000000  0.000000  0
6.000000  0.300000  0.011760  0.000000  0.000000  0
6.000000  0.300000  0.011773  0.000000  0.000000  0
6.000000  0.300000  0.011760  0.000000  0.000000  0
6.000000  0.300000  0.011773  0.000000  0.000000  0
6.000000  0.300000  0.011760  0.000000  -0.000000  0
6.000000  0.300000  0.011774  -0.000000  0.000000  0
6.000000  0.300000  0.011760  0.000000  -0.000000  0
6.000000  0.300000  0.011773  -0.000000  0.000000  0
6.000000  0.300000  0.011760  0.000000  -0.000000  0
6.000000  0.300000  0.011773  -0.000000  0.000000  0
6.000000  0.300000  0.011760  0.000000  0.000000  0
6.000000  0.300000  0.011773  -0.000000  0.000000  0
6.000000  0.300000  0.011759  0.000000  0.000000  0
6.000000  0.300000  0.011773  -0.000000  0.000000  0
6.000000  0.300000  0.011759  0.000000  0.000000  0
6.000000  0.300000  0.011773  -0.000000  0.000000  0
6.000000  0.300000  0.011759  0.000000  0.000000  0
6.000000  0.300000  0.011773  0.000000  0.000000  0
6.000000  0.300000  0.011759  0.000000  -0.000000  0
6.000000  0.300000  0.011773  -0.000000  0.000000  0
6.000000  0.300000  0.011759  0.000000  0.000000  0
6.000000  0.300000  0.011773  -0.000000  -0.000000  0
6.000000  0.300000  0.011759  0.000000  0.000000  0
6.000000  0.300000  0.011773  -0.000000  0.000000  0
6.000000  0.300000  0.011758  0.000000  0.000000  0
6.000000  0.300000  0.011773  0.000000  0.000000  0
6.000000  0.300000  0.011758  0.000000  0.000000  0
6.000000  0.300000  0.011773  -0.000000  0.000000  0
6.000000  0.300000  0.011758  0.000000  -0.000000  0
6.000000  0.300000  0.011773  -0.000000  -0.000000  0
6.000000  0.300000  0.011758  0.000000  -0.000000  0
6.000000  0.300000  0.011773  -0.000000  -0.000000  0
6.000000  0.300000  0.011758  0.000000  -0.000000  0
6.000000  0.300000  0.011773  -0.000000  0.000000  0
6.000000  0.300000  0.011757  0.000000  0.000000  0
6.000000  0.300000  0.011773  -0.000000  -0.000000  0
6.000000  0.300000  0.011757  0.000000  0.000000  0
6.000000  0.300000  0.011773  -0.000000  -0.000000  0
6.000000  0.300000  0.011757  0.000000  0.000000  0
6.000000  0.300000  0.011773  0.000000  0.000000  0
6.000000  0.300000  0.011757  0.000000  0.000000  0
6.000000  0.300000  0.011773  -0.000000  0.000000  0
6.000000  0.300000  0.011757  0.000000  -0.000000  0
6.000000  0.300000  0.011773  -0.000000  -0.000000  0
6.000000  0.300000  0.011756  0.000000  -0.000000  0
6.000000  0.300000  0.011773  -0.000000  0.000000  0
6.000000  0.300000  0.011756  0.000000  -0.000000  0
6.000000  0.300000  0.011773  0.000000  0.000000  0
6.000000  0.300000  0.011756  0.000000  0.000000  0
6.000000  0.300000  0.011773  -0.000000  0.000000  0
6.000000  0.300000  0.011756  0.000000  0.000000  0
6.000000  0.300000  0.011773  -0.000000  -0.000000  0
6.000000  0.300000  0.011755  0.000000  0.000000  0
6.000000  0.300000  0.011773  -0.000000  -0.000000  0
6.000000  0.300000  0.011755  0.000000  0.000000  0
6.000000  0.300000  0.011773  -0.000000  -0.000000  0
6.000000  0.300000  0.011755  0.000000  0.000000  0
6.000000  0.300000  0.011773  -0.000000  -0.000000  0
6.000000  0.300000  0.011754  0.000000  0.000000  0
6.000000  0.300000  0.011773  -0.000000  -0.000000  0
6.000000  0.300000  0.011754  0.000000  -0.000000  0
6.000000  0.300000  0.011773  0.000000  0.000000  0
6.000000  0.300000  0.011754  0.000000  -0.000000  0
6.000000  0.300000  0.011773  -0.000000  0.000000  0
6.000000  0.300000  0.011754  0.000000  -0.000000  0
6.000000  0.300000  0.011773  -0.000000  -0.000000  0
6.000000  0.300000  0.011753  0.000000  -0.000000  0
6.000000  0.300000  0.011772  -0.000000  -0.000000  0
6.000000  0.300000  0.011753  0.000000  -0.000000  0
6.000000  0.300000  0.011772  0.000000  0.000000  0
6.000000  0.300000  0.011753  0.000000  0.000000  0
6.000000  0.300000  0.011773  -0.000000  -0.000000  0
6.000000  0.300000  0.011752  0.000000  -0.000000  0
6.000000  0.300000  0.011772  -0.000000  -0.000000  0
6.000000  0.300000  0.011752  0.000000  0.000000  0
6.000000  0.300000  0.011772  0.000000  0.000000  0
6.000000  0.300000  0.011752  0.000000  0.000000  0
6.000000  0.300000  0.011772  -0.000000  -0.000000  0
6.000000  0.300000  0.011751  0.000000  0.000000  0
6.000000  0.300000  0.011773  -0.000000  -0.000000  0
6.000000  0.300000  0.011751  0.000000  0.000000  0
6.000000  0.300000  0.011772  -0.000000  -0.000000  0
6.000000  0.300000  0.011751  0.000000  0.000000  0
6.000000  0.300000  0.011772  0.000000  0.000000  0
6.000000  0.300000  0.011750  0.000000  0.000000  0
6.000000  0.300000  0.011772  -0.000000  -0.000000  0
6.000000  0.300000  0.011750  0.000000  0.000000  0
6.000000  0.300000  0.011772  -0.000000  -0.000000  0
6.000000  0.300000  0.011749  0.000000  0.000000  0
6.000000  0.300000  0.011772  -0.000000  -0.000000  0
6.000000  0.300000  0.011749  0.000000  0.000000  0
6.000000  0.300000  0.011772  -0.000000  -0.000000  0
6.000000  0.300000  0.011749  0.000000  0.000000  0
6.000000  0.300000  0.011772  -0.000000  -0.000000  0
6.000000  0.300000  0.011748  0.000000  0.000000  0
6.000000  0.300000  0.011772  -0.000000  -0.000000  0
6.000000  0.300000  0.011748  0.000000  0.000000  0
6.000000  0.300000  0.011771  0.000000  0.000000  0
6.000000  0.300000  0.011747  0.000000  0.000000  0
6.000000  0.300000  0.011771  -0.000000  0.000000  0
6.000000  0.300000  0.011747  0.000000  -0.000000  0
6.000000  0.300000  0.011771  -0.000000  -0.000000  0
6.000000  0.300000  0.011746  0.000000  0.000000  0
6.000000  0.300000  0.011771  0.000000  -0.000000  0
6.000000  0.300000  0.011746  0.000000  -0.000000  0
6.000000  0.300000  0.011771  0.000000  0.000000  0
6.000000  0.300000  0.011745  0.000000  0.000000  0
6.000000  0.300000  0.011771  -0.000000  -0.000000  0
6.000000  0.300000  0.011745  0.000000  -0.000000  0
6.000000  0.300000  0.011770  -0.000000  -0.000000  0
6.000000  0.300000  0.011744  0.000000  0.000000  0
6.000000  0.300000  0.011770  0.000000  0.000000  0
6.000000  0.300000  0.011744  0.000000  0.000000  0
6.000000  0.300000  0.011770  -0.000000  -0.000000  0
6.000000  0.300000  0.011744  0.000000  0.000000  0
6.000000  0.300000  0.011769  -0.000000  0.000000  0
6.000000  0.300000  0.011743  0.000000  0.000000  0
6.000000  0.300000  0.011769  0.000000  0.000000  0
6.000000  0.300000  0.011743  0.000000  -0.000000  0
6.000000  0.300000  0.011769  -0.000000  0.000000  0
6.000000  0.300000  0.011742  0.000000  0.000000  0
6.000000  0.300000  0.011769  -0.000000  -0.000000  0
6.000000  0.300000  0.011742  0.000000  -0.000000  0
6.000000  0.300000  0.011768  0.000000  0.000000  0
6.000000  0.300000  0.011741  0.000000  0.000000  0
6.000000  0.300000  0.011767  -0.000000  0.000000  0
6.000000  0.300000  0.011741  0.000000  0.000000  0
6.000000  0.300000  0.011767  -0.000000  -0.000000  0
6.000000  0.300000  0.011740  0.000000  0.000000  0
6.000000  0.300000  0.011766  0.000000  -0.000000  0
6.000000  0.300000  0.011740  0.000000  0.000000  0
6.000000  0.300000  0.011766  -0.000000  0.000000  0
6.000000  0.300000  0.011739  0.000000  -0.000000  0
6.000000  0.300000  0.011766  -0.000000  -0.000000  0
6.000000  0.300000  0.011739  0.000000  -0.000000  0
6.000000  0.300000  0.011765  0.000000  0.000000  0
6.000000  0.300000  0.011738  0.000000  0.000000  0
6.000000  0.300000  0.011764  -0.000000  0.000000  0
6.000000  0.300000  0.011738  0.000000  -0.000000  0
6.000000  0.300000  0.011764  -0.000000  -0.000000  0
6.000000  0.300000  0.011737  0.000000  0.000000  0
6.000000  0.300000  0.011763  0.000000  0.000000  0
6.000000  0.300000  0.011737  0.000000  -0.000000  0
6.000000  0.300000  0.011762  -0.000000  -0.000000  0
6.000000  0.300000  0.011737  0.000000  -0.000000  0
6.000000  0.300000  0.011761  -0.000000  0.000000  0
6.000000  0.300000  0.011736  0.000000  0.000000  0
6.000000  0.300000  0.011761  0.000000  0.000000  0
6.000000  0.300000  0.011736  0.000000  -0.000000  0
6.000000  0.300000  0.011760  -0.000000  -0.000000  0
6.000000  0.300000  0.011736  0.000000  -0.000000  0
6.000000  0.300000  0.011759  0.000000  -0.000000  0
6.000000  0.300000  0.011736  0.000000  0.000000  0
6.000000  0.300000  0.011758  -0.000000  0.000000  0
6.000000  0.300000  0.011736  0.000000  -0.000000  0
6.000000  0.300000  0.011757  -0.000000  0.000000  0
6.000000  0.300000  0.011735  0.000000  -0.000000  0
6.000000  0.300000  0.011757  -0.000000  0.000000  0
6.000000  0.300000  0.011735  0.000000  0.000000  0
6.000000  0.300000  0.011756  -0.000000  -0.000000  0
6.000000  0.300000  0.011735  0.000000  -0.000000  0
6.000000  0.300000  0.011755  0.000000  0.000000  0
6.000000  0.300000  0.011735  0.000000  -0.000000  0
6.000000  0.300000  0.011754  -0.000000  -0.000000  0
6.000000  0.300000  0.011735  0.000000  0.000000  0
6.000000  0.300000  0.011753  0.000000  0.000000  0
6.000000  0.300000  0.011735  0.000000  -0.000000  0
6.000000  0.300000  0.011753  -0.000000  -0.000000  0
6.000000  0.300000  0.011735  0.000000  0.000000  0
6.000000  0.300000  0.011752  0.000000  -0.000000  0
6.000000  0.300000  0.011736  0.000000  -0.000000  0
6.000000  0.300000  0.011751  -0.000000  -0.000000  0
6.000000  0.300000  0.011736  0.000000  -0.000000  0
6.000000  0.300000  0.011750  0.000000  -0.000000  0
6.000000  0.300000  0.011735  0.000000  0.000000  0
6.000000  0.300000  0.011750  -0.000000  -0.000000  0
6.000000  0.300000  0.011736  0.000000  -0.000000  0
6.000000  0.300000  0.011749  0.000000  -0.000000  0
6.000000  0.300000  0.011736  0.000000  -0.000000  0
6.000000  0.300000  0.011749  -0.000000  -0.000000  0
6.000000  0.300000  0.011736  0.000000  0.000000  0
6.000000  0.300000  0.011748  0.000000  -0.000000  0
6.000000  0.300000  0.011736  0.000000  -0.000000  0
6.000000  0.300000  0.011747  -0.000000  -0.000000  0
6.000000  0.300000  0.011737  0.000000  -0.000000  0
6.000000  0.300000  0.011747  0.000000  0.000000  0
6.000000  0.300000  0.011737  0.000000  0.000000  0
6.000000  0.300000  0.011746  -0.000000  -0.000000  0
6.000000  0.300000  0.011737  0.000000  0.000000  0
6.000000  0.300000  0.011746  0.000000  0.000000  0
6.000000  0.300000  0.011737  0.000000  -0.000000  0
6.000000  0.300000  0.011745  -0.000000  -0.000000  0
6.000000  0.300000  0.011737  0.000000  0.000000  0
6.000000  0.300000  0.011745  -0.000000  -0.000000  0
6.000000  0.300000  0.011738  0.000000  -0.000000  0
6.000000  0.300000  0.011744  -0.000000  0.000000  0
6.000000  0.300000  0.011738  0.000000  0.000000  0
6.000000  0.300000  0.011744  -0.000000  0.000000  0
6.000000  0.300000  0.011738  0.000000  0.000000  0
6.000000  0.300000  0.011744  -0.000000  -0.000000  0
6.000000  0.300000  0.011738  0.000000  -0.000000  0
6.000000  0.300000  0.011744  -0.000000  -0.000000  0
6.000000  0.300000  0.011738  0.000000  0.000000  0
6.000000  0.300000  0.011743  0.000000  -0.000000  0
6.000000  0.300000  0.011738  0.000000  0.000000  0
6.000000  0.300000  0.011743  -0.000000  -0.000000  0
6.000000  0.300000  0.011738  0.000000  -0.000000  0
6.000000  0.300000  0.011743  0.000000  0.000000  0
6.000000  0.300000  0.011739  0.000000  0.000000  0
6.000000  0.300000  0.011743  -0.000000  0.000000  0
6.000000  0.300000  0.011739  0.000000  -0.000000  0
6.000000  0.300000  0.011743  -0.000000  0.000000  0
6.000000  0.300000  0.011739  0.000000  0.000000  0
6.000000  0.300000  0.011742  -0.000000  -0.000000  0
6.000000  0.300000  0.011739  0.000000  0.000000  0
6.000000  0.300000  0.011742  -0.000000  -0.000000  0
6.000000  0.300000  0.011739  0.000000  -0.000000  0
6.000000  0.300000  0.011742  0.000000  0.000000  0
6.000000  0.300000  0.011739  0.000000  0.000000  0
6.000000  0.300000  0.011742  -0.000000  -0.000000  0
6.000000  0.300000  0.011739  0.000000  -0.000000  0
6.000000  0.300000  0.011742  -0.000000  0.000000  0
6.000000  0.300000  0.011739  0.000000  0.000000  0
6.000000  0.300000  0.011742  -0.000000  0.000000  0
6.000000  0.300000  0.011739  0.000000  0.000000  0
6.000000  0.300000  0.011742  -0.000000  0.000000  0
6.000000  0.300000  0.011739  0.000000  -0.000000  0
6.000000  0.300000  0.011742  0.000000  -0.000000  0
6.000000  0.300000  0.011739  0.000000  0.000000  0
6.000000  0.300000  0.011742  -0.000000  -0.000000  0
6.000000  0.300000  0.011740  0.000000  0.000000  0
6.000000  0.300000  0.011741  0.000000  0.000000  0
6.000000  0.300000  0.011740  0.000000  0.000000  0
6.000000  0.300000  0.011741  -0.000000  0.000000  0
6.000000  0.300000  0.011740  0.000000  0.000000  0
6.000000  0.300000  0.011741  -0.000000  0.000000  0
6.000000  0.300000  0.011740  0.000000  -0.000000  0
6.000000  0.300000  0.011741  -0.000000  -0.000000  0
6.000000  0.300000  0.011740  0.000000  0.000000  0
6.000000  0.300000  0.011741  -0.000000  -0.000000  0
6.000000  0.300000  0.011740  0.000000  0.000000  0
6.000000  0.300000  0.011741  0.000000  0.000000  0
6.000000  0.300000  0.011740  0.000000  0.000000  0
6.000000  0.300000  0.011741  -0.000000  -0.000000  0
6.000000  0.300000  0.011740  0.000000  0.000000  0
6.000000  0.300000  0.011741  -0.000000  0.000000  0
6.000000  0.300000  0.011740  0.000000  -0.000000  0
6.000000  0.300000  0.011741  -0.000000  -0.000000  0
6.000000  0.300000  0.011740  0.000000  0.000000  0
6.000000  0.300000  0.011741  -0.000000  -0.000000  0
6.000000  0.300000  0.011740  0.000000  0.000000  0
6.000000  0.300000  0.011741  0.000000  -0.000000  0
6.000000  0.300000  0.011740  0.000000  0.000000  0
6.000000  0.300000  0.011741  -0.000000  -0.000000  0
6.000000  0.300000  0.011740  0.000000  0.000000  0
6.000000  0.300000  0.011741  -0.000000  0.000000  0
6.000000  0.300000  0.011740  0.000000  -0.000000  0
6.000000  0.300000  0.011741  -0.000000  0.000000  0
6.000000  0.300000  0.011740  0.000000  0.000000  0
6.000000  0.300000  0.011741  -0.000000  0.000000  0
6.000000  0.300000  0.011740  0.000000  0.000000  0
6.000000  0.300000  0.011741  -0.000000  -0.000000  0
6.000000  0.300000  0.011740  0.000000  0.000000  0
6.000000  0.300000  0.011741  -0.000000  -0.000000  0
6.000000  0.300000  0.011740  0.000000  0.000000  0
6.000000  0.300000  0.011740  -0.000000  0.000000  0
6.000000  0.300000  0.011740  0.000000  -0.000000  0
6.000000  0.300000  0.011741  -0.000000  0.000000  0
6.000000  0.300000  0.011740  0.000000  0.000000  0
6.000000  0.300000  0.011741  -0.000000  0.000000  0
6.000000  0.300000  0.011740  0.000000  0.000000  0
6.000000  0.300000  0.011740  -0.000000  -0.000000  0
6.000000  0.300000  0.011740  0.000000  0.000000  0
6.000000  0.300000  0.011741  -0.000000  -0.000000  0
6.000000  0.300000  0.011740  0.000000  0.000000  0
6.000000  0.300000  0.011740  0.000000  0.000000  0
6.000000  0.300000  0.011740  0.000000  -0.000000  0
6.000000  0.300000  0.011740  -0.000000  0.000000  0
6.000000  0.300000  0.011740  0.000000  0.000000  0
6.000000  0.300000  0.011740  -0.000000  0.000000  0
6.000000  0.300000  0.011740  0.000000  -0.000000  0
6.000000  0.300000  0.011740  -0.000000  -0.000000  0
6.000000  0.300000  0.011740  0.000000  0.000000  0
6.000000  0.300000  0.011740  -0.000000  -0.000000  0
6.000000  0.300000  0.011740  0.000000  0.000000  0
6.000000  0.300000  0.011740  -0.000000  0.000000  0
6.000000  0.300000  0.011740  0.000000  -0.000000  0
6.000000  0.300000  0.011740  -0.000000  0.000000  0
6.000000  0.300000  0.011740  0.000000  0.000000  0
6.000000  0.300000  0.011740  -0.000000  0.000000  0
6.000000  0.300000  0.011740  0.000000  -0.000000  0
6.000000  0.300000  0.011740  -0.000000  -0.000000  0
6.000000  0.300000  0.011740  0.000000  0.000000  0
6.000000  0.300000  0.011740  -0.000000  -0.000000  0
6.000000  0.300000  0.011740  0.000000  0.000000  0
6.000000  0.300000  0.011740  -0.000000  0.000000  0
6.000000  0.300000  0.011740  0.000000  -0.000000  0
6.000000  0.300000  0.011740  -0.000000  -0.000000  0
6.000000  0.300000  0.011740  0.000000  0.000000  0
6.000000  0.300000  0.011740  -0.000000  0.000000  0
6.000000  0.300000  0.011740  0.000000  -0.000000  0
6.000000  0.300000  0.011740  -0.000000  -0.000000  0
6.000000  0.300000  0.011740  0.000000  0.000000  0
6.000000  0.300000  0.011740  -0.000000  -0.000000  0
6.000000  0.300000  0.011740  0.000000  0.000000  0
6.000000  0.300000  0.011740  -0.000000  0.000000  0
6.000000  0.300000  0.011740  0.000000  -0.000000  0
6.000000  0.300000  0.011740  -0.000000  -0.000000  0
6.000000  0.300000  0.011740  0.000000  0.000000  0
6.000000  0.300000  0.011740  -0.000000  0.000000  0
6.000000  0.300000  0.011740  0.000000  -0.000000  0
6.000000  0.300000  0.011740  -0.000000  0.000000  0
6.000000  0.300000  0.011740  0.000000  0.000000  0
6.000000  0.300000  0.011740  -0.000000  -0.000000  0
6.000000  0.300000  0.011740  0.000000  0.000000  0
6.000000  0.300000  0.011740  -0.000000  0.000000  0
6.000000  0.300000  0.011740  0.000000  -0.000000  0
6.000000  0.300000  0.011740  -0.000000  -0.000000  0
6.000000  0.300000  0.011740  0.000000  0.000000  0
6.000000  0.300000  0.011740  -0.000000  0.000000  0
6.000000  0.300000  0.011740  0.000000  -0.000000  0
6.000000  0.300000  0.011740  -0.000000  0.000000  0
6.000000  0.300000  0.011740  0.000000  0.000000  0
6.000000  0.300000  0.011740  -0.000000  0.000000  0
6.000000  0.300000  0.011740  0.000000  0.000000  0
6.000000  0.300000  0.011740  -0.000000  -0.000000  0
6.000000  0.300000  0.011740  0.000000  -0.000000  0
6.000000  0.300000  0.011740  -0.000000  -0.000000  0
6.000000  0.300000  0.011740  0.000000  0.000000  0
6.000000  0.300000  0.011740  -0.000000  0.000000  0
6.000000  0.300000  0.011740  0.000000  -0.000000  0
