8600  53.9633  4.0525
17200  53.9624  4.0519
25800  53.9616  4.0517
34400  53.9607  4.0516
43000  53.9598  4.0516
51600  53.9585  4.0518
60200  53.9559  4.0522
68800  53.9532  4.0525
77400  53.9505  4.0529
86000  53.9478  4.0531
94600  53.9451  4.0533
103200  53.9424  4.0535
111800  53.9396  4.0537
120400  53.9368  4.0538
129000  53.9340  4.0539
137600  53.9312  4.0540
146200  53.9283  4.0542
154800  53.9254  4.0544
163400  53.9225  4.0546
172000  53.9196  4.0549
180600  53.9167  4.0552
189200  53.9138  4.0553
197800  53.9109  4.0552
206400  53.9080  4.0551
215000  53.9050  4.0550
223600  53.9021  4.0549
232200  53.8992  4.0548
240800  53.8962  4.0545
249400  53.8933  4.0543
258000  53.8903  4.0542
266600  53.8873  4.0540
275200  53.8843  4.0539
283800  53.8812  4.0538
292400  53.8782  4.0537
301000  53.8752  4.0536
309600  53.8723  4.0535
318200  53.8693  4.0535
326800  53.8664  4.0534
335400  53.8634  4.0534
344000  53.8605  4.0533
352600  53.8576  4.0533
361200  53.8546  4.0533
369800  53.8516  4.0532
378400  53.8486  4.0532
387000  53.8457  4.0532
395600  53.8429  4.0532
404200  53.8402  4.0531
412800  53.8375  4.0531
421400  53.8349  4.0530
430000  53.8324  4.0530
438600  53.8300  4.0529
447200  53.8276  4.0528
455800  53.8251  4.0528
464400  53.8228  4.0527
473000  53.8205  4.0527
481600  53.8183  4.0527
490200  53.8161  4.0528
498800  53.8138  4.0528
507400  53.8117  4.0528
516000  53.8097  4.0528
524600  53.8076  4.0528
533200  53.8042  4.0527
541800  53.8000  4.0528
550400  53.7949  4.0528
559000  53.7900  4.0528
567600  53.7849  4.0528
576200  53.7798  4.0529
584800  53.7748  4.0529
593400  53.7699  4.0529
602000  53.7651  4.0529
610600  53.7603  4.0529
619200  53.7556  4.0529
627800  53.7509  4.0529
636400  53.7460  4.0529
645000  53.7411  4.0529
653600  53.7362  4.0530
662200  53.7313  4.0531
670800  53.7264  4.0531
679400  53.7216  4.0532
688000  53.7171  4.0533
696600  53.7128  4.0534
705200  53.7087  4.0535
713800  53.7047  4.0536
722400  53.7008  4.0537
731000  53.6969  4.0537
739600  53.6931  4.0538
748200  53.6893  4.0539
756800  53.6855  4.0540
765400  53.6817  4.0542
774000  53.6781  4.0543
782600  53.6745  4.0544
791200  53.6713  4.0545
799800  53.6683  4.0546
808400  53.6656  4.0547
817000  53.6632  4.0548
825600  53.6609  4.0549
834200  53.6587  4.0550
842800  53.6565  4.0552
851400  53.6545  4.0553
860000  53.6510  4.0554
868600  53.6475  4.0556
877200  53.6440  4.0557
885800  53.6405  4.0556
894400  53.6370  4.0553
903000  53.6334  4.0550
911600  53.6287  4.0547
920200  53.6239  4.0544
928800  53.6192  4.0541
937400  53.6144  4.0538
946000  53.6095  4.0535
954600  53.6046  4.0532
963200  53.5997  4.0528
971800  53.5949  4.0524
980400  53.5901  4.0520
989000  53.5853  4.0517
997600  53.5806  4.0514
1006200  53.5760  4.0512
1014800  53.5714  4.0510
1023400  53.5671  4.0509
1032000  53.5628  4.0507
1040600  53.5586  4.0505
1049200  53.5546  4.0504
1057800  53.5506  4.0504
1066400  53.5467  4.0504
1075000  53.5429  4.0504
1083600  53.5391  4.0504
1092200  53.5354  4.0505
1100800  53.5317  4.0506
1109400  53.5282  4.0507
1118000  53.5248  4.0509
1126600  53.5216  4.0512
1135200  53.5184  4.0517
1143800  53.5155  4.0524
1152400  53.5128  4.0536
1161000  53.5101  4.0542
1169600  53.5077  4.0542
1178200  53.5053  4.0541
1186800  53.5029  4.0544
1195400  53.5005  4.0549
1204000  53.4982  4.0559
1212600  53.4961  4.0573
1221200  53.4941  4.0555
1229800  53.4922  4.0541
1238400  53.4905  4.0532
1247000  53.4890  4.0527
1255600  53.4877  4.0524
1264200  53.4865  4.0521
1272800  53.4854  4.0519
1281400  53.4844  4.0517
1290000  53.4835  4.0515
1298600  53.4825  4.0513
1307200  53.4817  4.0510
1315800  53.4809  4.0508
1324400  53.4801  4.0507
1333000  53.4794  4.0507
1341600  53.4787  4.0507
1350200  53.4781  4.0509
1358800  53.4776  4.0511
1367400  53.4771  4.0514
1376000  53.4766  4.0518
1384600  53.4760  4.0522
1393200  53.4754  4.0527
1401800  53.4747  4.0532
1410400  53.4740  4.0538
1419000  53.4732  4.0544
1427600  53.4725  4.0550
1436200  53.4719  4.0558
1444800  53.4714  4.0567
1453400  53.4710  4.0570
1462000  53.4707  4.0571
1470600  53.4704  4.0573
1479200  53.4701  4.0575
1487800  53.4697  4.0578
1496400  53.4694  4.0581
1505000  53.4691  4.0585
1513600  53.4688  4.0587
1522200  53.4684  4.0590
1530800  53.4680  4.0592
1539400  53.4676  4.0595
1548000  53.4672  4.0598
1556600  53.4669  4.0600
1565200  53.4666  4.0594
1573800  53.4664  4.0586
1582400  53.4661  4.0580
1591000  53.4659  4.0576
1599600  53.4657  4.0572
1608200  53.4655  4.0570
1616800  53.4653  4.0569
1625400  53.4651  4.0568
1634000  53.4649  4.0567
1642600  53.4647  4.0566
1651200  53.4645  4.0566
1659800  53.4642  4.0565
1668400  53.4640  4.0565
1677000  53.4638  4.0566
1685600  53.4636  4.0566
1694200  53.4634  4.0566
1702800  53.4632  4.0566
1711400  53.4630  4.0566
1720000  53.4628  4.0566
1728600  53.4626  4.0566
1737200  53.4624  4.0566
1745800  53.4622  4.0565
1754400  53.4620  4.0565
1763000  53.4618  4.0565
1771600  53.4616  4.0565
1780200  53.4614  4.0565
1788800  53.4611  4.0565
1797400  53.4609  4.0565
1806000  53.4607  4.0565
1814600  53.4605  4.0565
1823200  53.4603  4.0565
1831800  53.4601  4.0565
1840400  53.4598  4.0565
1849000  53.4596  4.0566
1857600  53.4593  4.0566
1866200  53.4591  4.0566
1874800  53.4588  4.0566
1883400  53.4585  4.0566
1892000  53.4583  4.0566
1900600  53.4580  4.0567
1909200  53.4577  4.0567
1917800  53.4574  4.0567
1926400  53.4571  4.0567
1935000  53.4568  4.0567
1943600  53.4565  4.0568
1952200  53.4562  4.0568
1960800  53.4559  4.0568
1969400  53.4556  4.0568
1978000  53.4552  4.0569
1986600  53.4549  4.0569
1995200  53.4545  4.0569
2003800  53.4541  4.0569
2012400  53.4538  4.0569
2021000  53.4534  4.0569
2029600  53.4530  4.0569
2038200  53.4526  4.0570
2046800  53.4522  4.0570
2055400  53.4517  4.0570
2064000  53.4513  4.0570
2072600  53.4509  4.0570
2081200  53.4504  4.0570
2089800  53.4499  4.0570
2098400  53.4494  4.0570
2107000  53.4489  4.0570
2115600  53.4484  4.0570
2124200  53.4478  4.0571
2132800  53.4472  4.0571
2141400  53.4466  4.0571
2150000  53.4460  4.0570
2158600  53.4454  4.0571
2167200  53.4447  4.0570
2175800  53.4440  4.0570
2184400  53.4433  4.0571
2193000  53.4425  4.0571
2201600  53.4418  4.0571
2210200  53.4410  4.0571
2218800  53.4403  4.0572
2227400  53.4395  4.0573
2236000  53.4388  4.0573
2244600  53.4380  4.0574
2253200  53.4372  4.0575
2261800  53.4364  4.0575
2270400  53.4356  4.0576
2279000  53.4348  4.0577
2287600  53.4340  4.0578
2296200  53.4331  4.0579
2304800  53.4323  4.0581
2313400  53.4313  4.0582
2322000  53.4304  4.0584
2330600  53.4295  4.0585
2339200  53.4286  4.0587
2347800  53.4277  4.0589
2356400  53.4267  4.0591
2365000  53.4258  4.0594
2373600  53.4249  4.0597
2382200  53.4240  4.0601
2390800  53.4232  4.0603
2399400  53.4224  4.0604
2408000  53.4216  4.0605
2416600  53.4208  4.0605
2425200  53.4200  4.0606
2433800  53.4192  4.0607
2442400  53.4185  4.0607
2451000  53.4177  4.0606
2459600  53.4170  4.0605
2468200  53.4164  4.0602
2476800  53.4157  4.0598
2485400  53.4151  4.0594
2494000  53.4143  4.0591
2502600  53.4137  4.0587
2511200  53.4129  4.0583
2519800  53.4122  4.0578
2528400  53.4115  4.0576
2537000  53.4108  4.0574
2545600  53.4100  4.0573
2554200  53.4093  4.0573
2562800  53.4086  4.0573
2571400  53.4079  4.0573
2580000  53.4073  4.0573
2588600  53.4067  4.0573
2597200  53.4063  4.0573
2605800  53.4059  4.0573
2614400  53.4050  4.0574
2623000  53.4039  4.0574
2631600  53.4028  4.0575
2640200  53.4018  4.0578
2648800  53.4008  4.0581
2657400  53.3999  4.0584
2666000  53.3990  4.0586
2674600  53.3981  4.0586
2683200  53.3964  4.0587
2691800  53.3948  4.0588
2700400  53.3932  4.0589
2709000  53.3917  4.0592
2717600  53.3902  4.0595
2726200  53.3889  4.0599
2734800  53.3876  4.0602
2743400  53.3864  4.0604
2752000  53.3851  4.0605
2760600  53.3838  4.0607
2769200  53.3823  4.0609
2777800  53.3807  4.0612
2786400  53.3791  4.0615
2795000  53.3774  4.0618
2803600  53.3756  4.0622
2812200  53.3739  4.0626
2820800  53.3723  4.0631
2829400  53.3708  4.0636
2838000  53.3692  4.0641
2846600  53.3676  4.0647
2855200  53.3659  4.0649
2863800  53.3643  4.0644
2872400  53.3627  4.0639
2881000  53.3613  4.0635
2889600  53.3601  4.0632
2898200  53.3590  4.0629
2906800  53.3581  4.0627
2915400  53.3572  4.0627
2924000  53.3564  4.0626
2932600  53.3558  4.0626
2941200  53.3551  4.0628
2949800  53.3545  4.0629
2958400  53.3539  4.0627
2967000  53.3533  4.0626
2975600  53.3530  4.0625
2984200  53.3527  4.0624
2992800  53.3525  4.0621
3001400  53.3523  4.0618
3010000  53.3521  4.0613
3018600  53.3522  4.0607
3027200  53.3524  4.0599
3035800  53.3526  4.0592
3044400  53.3526  4.0585
3053000  53.3526  4.0579
3061600  53.3526  4.0573
3070200  53.3526  4.0569
3078800  53.3510  4.0564
3087400  53.3495  4.0561
3096000  53.3480  4.0557
3104600  53.3465  4.0553
3113200  53.3452  4.0550
3121800  53.3439  4.0547
3130400  53.3428  4.0542
3139000  53.3419  4.0530
3147600  53.3412  4.0518
3156200  53.3407  4.0506
3164800  53.3403  4.0492
3173400  53.3402  4.0478
3182000  53.3398  4.0464
3190600  53.3385  4.0449
3199200  53.3376  4.0435
3207800  53.3370  4.0419
3216400  53.3366  4.0402
3225000  53.3365  4.0386
3233600  53.3365  4.0369
3242200  53.3368  4.0352
3250800  53.3374  4.0335
3259400  53.3384  4.0319
3268000  53.3396  4.0304
3276600  53.3409  4.0290
3285200  53.3425  4.0279
3293800  53.3443  4.0264
3302400  53.3461  4.0250
3311000  53.3482  4.0236
3319600  53.3504  4.0224
3328200  53.3527  4.0212
3336800  53.3550  4.0200
3345400  53.3574  4.0188
3354000  53.3600  4.0178
3362600  53.3626  4.0167
3371200  53.3652  4.0157
3379800  53.3680  4.0147
3388400  53.3709  4.0136
3397000  53.3739  4.0126
3405600  53.3770  4.0117
3414200  53.3802  4.0108
3422800  53.3835  4.0098
3431400  53.3867  4.0089
3440000  53.3900  4.0081
3448600  53.3933  4.0073
3457200  53.3942  4.0067
3465800  53.3949  4.0062
3474400  53.3958  4.0057
3483000  53.3954  4.0054
3491600  53.3950  4.0052
3500200  53.3947  4.0053
3508800  53.3945  4.0055
3517400  53.3943  4.0060
3526000  53.3942  4.0066
3534600  53.3943  4.0073
3543200  53.3945  4.0083
3551800  53.3949  4.0096
3560400  53.3954  4.0087
3569000  53.3962  4.0078
3577600  53.3971  4.0073
3586200  53.3982  4.0070
3594800  53.3994  4.0070
3603400  53.4007  4.0069
3612000  53.4020  4.0068
3620600  53.4034  4.0067
3629200  53.4048  4.0065
3637800  53.4063  4.0063
3646400  53.4078  4.0061
3655000  53.4093  4.0059
3663600  53.4108  4.0057
3672200  53.4123  4.0055
3680800  53.4136  4.0052
3689400  53.4150  4.0052
3698000  53.4163  4.0053
3706600  53.4176  4.0056
3715200  53.4189  4.0060
3723800  53.4202  4.0066
3732400  53.4215  4.0072
3741000  53.4228  4.0080
3749600  53.4240  4.0087
3758200  53.4253  4.0094
3766800  53.4265  4.0101
3775400  53.4277  4.0107
3784000  53.4289  4.0114
3792600  53.4300  4.0116
3801200  53.4312  4.0115
3809800  53.4319  4.0115
3818400  53.4322  4.0115
3827000  53.4325  4.0115
3835600  53.4326  4.0115
3844200  53.4328  4.0116
3852800  53.4329  4.0117
3861400  53.4330  4.0122
3870000  53.4330  4.0132
3878600  53.4331  4.0146
3887200  53.4330  4.0146
3895800  53.4330  4.0144
3904400  53.4330  4.0140
3913000  53.4331  4.0135
3921600  53.4332  4.0129
3930200  53.4333  4.0123
3938800  53.4335  4.0118
3947400  53.4337  4.0113
3956000  53.4340  4.0110
3964600  53.4344  4.0108
3973200  53.4347  4.0107
3981800  53.4350  4.0107
3990400  53.4341  4.0108
3999000  53.4332  4.0110
4007600  53.4323  4.0112
4016200  53.4315  4.0113
4024800  53.4306  4.0114
4033400  53.4298  4.0113
4042000  53.4290  4.0113
4050600  53.4282  4.0112
4059200  53.4274  4.0111
4067800  53.4267  4.0110
4076400  53.4260  4.0109
4085000  53.4253  4.0108
4093600  53.4247  4.0108
4102200  53.4240  4.0108
4110800  53.4234  4.0108
4119400  53.4228  4.0108
4128000  53.4223  4.0108
4136600  53.4217  4.0108
4145200  53.4211  4.0108
4153800  53.4206  4.0108
4162400  53.4201  4.0108
4171000  53.4196  4.0108
4179600  53.4190  4.0108
4188200  53.4185  4.0108
4196800  53.4180  4.0108
4205400  53.4175  4.0108
4214000  53.4170  4.0108
4222600  53.4165  4.0108
4231200  53.4160  4.0108
4239800  53.4155  4.0108
4248400  53.4150  4.0108
4257000  53.4144  4.0108
4265600  53.4138  4.0108
4274200  53.4133  4.0108
4282800  53.4126  4.0109
4291400  53.4120  4.0109
4300000  53.4114  4.0109
