         0    6949.3213   538.4816   149.9959   0.0000000   0.0000000   13644.4600   446.2260   150.0033   0.0000000   0.0000000 
     20000    6947.1987   536.6888   149.9286  -0.0000896  -0.0000034   13640.6875   458.6528   149.9720   0.0006213  -0.0000016 
     40000    6953.7969   542.2175   149.8515   0.0002764  -0.0000039   13644.3838   461.3399   149.9436   0.0001344  -0.0000014 
     60000    6957.9380   545.4012   149.8222   0.0001592  -0.0000015   13645.1553   464.0414   149.8941   0.0001351  -0.0000025 
     80000    6958.3340   548.2109   149.8505   0.0001405   0.0000014   13644.8955   466.8641   149.8809   0.0001411  -0.0000007 
    100000    6957.5117   550.9693   149.8987   0.0001379   0.0000024   13644.3164   469.6711   149.8889   0.0001403   0.0000004 
    120000    6958.3809   553.6918   149.4270   0.0001361  -0.0000236   13643.9053   472.4668   149.9048   0.0001398   0.0000008 
    140000    6954.1680   556.4265   149.4164   0.0001367  -0.0000005   13643.1895   475.2509   149.9272   0.0001392   0.0000011 
    160000    6957.7080   559.1458   149.1661   0.0001360  -0.0000125   13642.9639   478.0205   149.9440   0.0001385   0.0000008 
    180000    6959.3008   561.8497   149.0656   0.0001352  -0.0000050   13643.1475   480.7824   149.9555   0.0001381   0.0000006 
    200000    6959.1064   564.5274   149.1163   0.0001339   0.0000025   13643.7012   483.5358   149.9599   0.0001377   0.0000002 
    220000    6919.0630   567.2138   150.7996   0.0001343   0.0000842   13644.1396   486.2818   149.9618   0.0001373   0.0000001 
    240000    6984.7310   569.8339   148.7922   0.0001310  -0.0001004   13644.2402   489.0173   149.9658   0.0001368   0.0000002 
    260000    6927.7617   572.5611   150.3864   0.0001364   0.0000797   13644.3135   491.7442   149.9701   0.0001363   0.0000002 
    280000    6989.5542   575.0980   148.6467   0.0001268  -0.0000870   13644.4482   494.4655   149.9704   0.0001361   0.0000000 
    300000    6927.1597   577.8125   150.4879   0.0001357   0.0000921   13644.6201   497.1783   149.9710   0.0001356   0.0000000 
    320000    6954.6680   580.4229   149.9810   0.0001305  -0.0000253   13644.6377   499.8840   149.9759   0.0001353   0.0000002 
    340000    6956.2642   583.0262   150.0093   0.0001302   0.0000014   13644.6504   502.5827   149.9760   0.0001349   0.0000000 
    360000    6958.0688   585.6259   149.9041   0.0001300  -0.0000053   13644.6855   505.2773   149.9751   0.0001347  -0.0000000 
    380000    6957.7891   588.2306   149.8256   0.0001302  -0.0000039   13644.5459   507.9668   149.9765   0.0001345   0.0000001 
    400000    6958.8916   590.8395   149.7396   0.0001304  -0.0000043   13644.6094   510.6460   149.9748   0.0001340  -0.0000001 
    420000    6954.9790   593.4265   149.8571   0.0001294   0.0000059   13644.7588   513.3221   149.9704   0.0001338  -0.0000002 
    440000    6958.1309   596.0142   149.7514   0.0001294  -0.0000053   13644.7559   515.9931   149.9700   0.0001335  -0.0000000 
    460000    6958.4780   598.5995   149.7083   0.0001293  -0.0000022   13644.7998   518.6574   149.9692   0.0001332  -0.0000000 
    480000    6959.2852   601.1738   149.6458   0.0001287  -0.0000031   13644.9141   521.3193   149.9704   0.0001331   0.0000001 
    500000    6960.0098   603.7619   149.5172   0.0001294  -0.0000064   13644.9160   523.9766   149.9777   0.0001329   0.0000004 
    520000    6959.9517   606.3395   149.3787   0.0001289  -0.0000069   13644.6562   526.6328   149.9863   0.0001328   0.0000004 
    540000    6958.9351   608.9103   149.3493   0.0001285  -0.0000015   13644.7529   529.2864   149.9914   0.0001327   0.0000003 
    560000    6956.6733   611.4814   149.4180   0.0001286   0.0000034   13644.8418   531.9362   149.9998   0.0001325   0.0000004 
    580000    6957.6724   614.0443   149.4050   0.0001281  -0.0000006   13644.6699   534.5839   150.0112   0.0001324   0.0000006 
    600000    6958.4468   616.6121   149.3771   0.0001284  -0.0000014   13644.4141   537.2339   150.0266   0.0001325   0.0000008 
    620000    6958.5024   619.1766   149.3563   0.0001282  -0.0000010   13644.8564   539.8804   150.0328   0.0001323   0.0000003 
    640000    6946.6543   621.7402   149.8220   0.0001282   0.0000233   13644.9717   542.5255   150.0409   0.0001323   0.0000004 
    660000    6967.3213   624.2467   149.1372   0.0001253  -0.0000342   13644.6914   545.1725   150.0564   0.0001324   0.0000008 
    680000    6932.5024   626.8597   150.4210   0.0001307   0.0000642   13645.0518   547.8154   150.0636   0.0001321   0.0000004 
    700000    6979.9009   629.3750   148.8753   0.0001258  -0.0000773   13644.8057   550.4413   150.0789   0.0001313   0.0000008 
    720000    6933.0771   631.8923   150.4029   0.0001259   0.0000764   13645.2568   553.0842   150.0880   0.0001321   0.0000005 
    740000    6956.3286   634.4614   149.8956   0.0001285  -0.0000254   13645.3408   555.7266   150.1009   0.0001321   0.0000006 
    760000    6955.8252   637.0317   149.9171   0.0001285   0.0000011   13645.4150   558.3716   150.1151   0.0001323   0.0000007 
    780000    6956.6489   639.5942   149.8957   0.0001281  -0.0000011   13645.6689   561.0130   150.1289   0.0001321   0.0000007 
    800000    6957.1470   642.1365   149.8713   0.0001271  -0.0000012   13645.6992   563.6542   150.1473   0.0001321   0.0000009 
    820000    6955.0117   644.6840   149.9465   0.0001274   0.0000038   13645.9961   566.2998   150.1613   0.0001323   0.0000007 
    840000    6956.8896   647.2311   149.8939   0.0001274  -0.0000026   13646.2549   568.9434   150.1743   0.0001322   0.0000007 
    860000    6957.0293   649.7873   149.8714   0.0001278  -0.0000011   13646.6064   571.5884   150.1853   0.0001323   0.0000006 
    880000    6957.4019   652.3801   149.8275   0.0001296  -0.0000022   13647.0332   574.2399   150.1934   0.0001326   0.0000004 
    900000    6957.7490   654.9445   149.7825   0.0001282  -0.0000022   13647.4326   576.8918   150.1976   0.0001326   0.0000002 
    920000    6957.8379   657.5147   149.7433   0.0001285  -0.0000020   13647.8145   579.5535   150.1941   0.0001331  -0.0000002 
    940000    6957.7153   660.0867   149.7138   0.0001286  -0.0000015   13647.7285   582.2137   150.1926   0.0001330  -0.0000001 
    960000    6957.7637   662.6630   149.6819   0.0001288  -0.0000016   13647.6953   584.8720   150.1918   0.0001329  -0.0000000 
    980000    6957.9790   665.1959   149.6428   0.0001266  -0.0000020   13648.0020   587.5296   150.1855   0.0001329  -0.0000003 
   1000000    6956.1157   667.7617   149.6857   0.0001283   0.0000021   13648.2148   590.1822   150.1790   0.0001326  -0.0000003 
   1020000    6957.2070   670.3282   149.6334   0.0001283  -0.0000026   13648.3213   592.8286   150.1724   0.0001323  -0.0000003 
   1040000    6957.3042   672.8981   149.6007   0.0001285  -0.0000016   13648.2822   595.4806   150.1638   0.0001326  -0.0000004 
   1060000    6957.5791   675.4746   149.5573   0.0001288  -0.0000022   13648.2734   598.1350   150.1421   0.0001327  -0.0000011 
   1080000    6947.5791   678.0513   149.9538   0.0001288   0.0000198   13648.3955   600.7868   150.0977   0.0001326  -0.0000022 
   1100000    6957.7476   680.6307   149.6967   0.0001290  -0.0000129   13648.4062   603.4423   150.0514   0.0001328  -0.0000023 
   1120000    6950.6982   683.2087   149.9653   0.0001289   0.0000134   13648.3945   606.0729   150.0105   0.0001315  -0.0000020 
   1140000    6955.7300   685.7893   149.8622   0.0001290  -0.0000052   13646.3008   608.7187   150.0299   0.0001323   0.0000010 
   1160000    6955.0439   688.3669   149.8979   0.0001289   0.0000018   13647.3252   611.3701   149.9997   0.0001326  -0.0000015 
   1180000    6955.5986   690.9491   149.8960   0.0001291  -0.0000001   13647.6152   614.0192   149.9752   0.0001325  -0.0000012 
   1200000    6956.0479   693.5284   149.8878   0.0001290  -0.0000004   13647.7725   616.6684   149.9510   0.0001325  -0.0000012 
   1220000    6956.2290   696.0956   149.8839   0.0001284  -0.0000002   13647.9766   619.3231   149.9250   0.0001327  -0.0000013 
   1240000    6955.5957   698.6747   149.9072   0.0001290   0.0000012   13648.0176   621.9766   149.9026   0.0001327  -0.0000011 
   1260000    6956.3701   701.2573   149.8845   0.0001291  -0.0000011   13648.0430   624.6292   149.8806   0.0001326  -0.0000011 
   1280000    6956.4668   703.8446   149.8744   0.0001294  -0.0000005   13648.1025   627.2875   149.8583   0.0001329  -0.0000011 
   1300000    6956.6533   706.4293   149.8589   0.0001292  -0.0000008   13648.1152   629.9418   149.8378   0.0001327  -0.0000010 
   1320000    6956.7949   709.0239   149.8412   0.0001297  -0.0000009   13648.1885   632.5989   149.8147   0.0001329  -0.0000012 
   1340000    6957.0112   711.6287   149.8169   0.0001302  -0.0000012   13648.1387   635.2565   149.7943   0.0001329  -0.0000010 
   1360000    6957.0737   714.2266   149.7949   0.0001299  -0.0000011   13647.7783   637.9145   149.7834   0.0001329  -0.0000005 
   1380000    6957.0371   716.8184   149.7759   0.0001296  -0.0000010   13647.9561   640.5729   149.7676   0.0001329  -0.0000008 
   1400000    6956.9663   719.4152   149.7604   0.0001298  -0.0000008   13648.0078   643.2341   149.7557   0.0001331  -0.0000006 
   1420000    6957.1035   722.0190   149.7339   0.0001302  -0.0000013   13648.1064   645.7654   149.7436   0.0001266  -0.0000006 
   1440000    6956.3433   724.6213   149.7426   0.0001301   0.0000004   13648.1191   648.4264   149.7331   0.0001331  -0.0000005 
   1460000    6956.6514   727.2162   149.7218   0.0001297  -0.0000010   13648.0605   651.0906   149.7260   0.0001332  -0.0000004 
   1480000    6956.8442   729.8164   149.6986   0.0001300  -0.0000012   13648.1162   653.7526   149.7172   0.0001331  -0.0000004 
   1500000    6956.7993   732.4139   149.6806   0.0001299  -0.0000009   13648.1094   656.4122   149.7086   0.0001330  -0.0000004 
   1520000    6956.9692   735.0157   149.6559   0.0001301  -0.0000012   13648.0850   659.0765   149.7023   0.0001332  -0.0000003 
   1540000    6952.9907   737.6160   149.8056   0.0001300   0.0000075   13648.1348   661.7383   149.6941   0.0001331  -0.0000004 
   1560000    6954.3789   740.2169   149.8108   0.0001300   0.0000003   13641.4160   664.4012   149.8251   0.0001331   0.0000065 
   1580000    6954.6729   742.8184   149.8347   0.0001301   0.0000012   13653.1973   667.0623   149.6412   0.0001331  -0.0000092 
   1600000    6955.2637   745.4197   149.8401   0.0001301   0.0000003   13633.5352   669.7324   149.9887   0.0001335   0.0000174 
   1620000    6955.4243   748.0231   149.8510   0.0001302   0.0000005   13661.1523   672.3849   149.5564   0.0001326  -0.0000216 
   1640000    6955.7026   750.6257   149.8545   0.0001301   0.0000002   13629.8398   675.0555   150.0657   0.0001335   0.0000255 
   1660000    6955.9443   753.2286   149.8527   0.0001301  -0.0000001   13665.1357   677.7097   149.5133   0.0001327  -0.0000276 
   1680000    6956.0566   755.8337   149.8504   0.0001303  -0.0000001   13627.3438   680.3755   150.1150   0.0001333   0.0000301 
   1700000    6955.6064   758.4384   149.8709   0.0001302   0.0000010   13667.9346   683.0305   149.4816   0.0001328  -0.0000317 
   1720000    6955.9609   761.0438   149.8654   0.0001303  -0.0000003   13624.8828   685.7009   150.1610   0.0001335   0.0000340 
   1740000    6956.1152   763.6522   149.8609   0.0001304  -0.0000002   13661.7119   688.3549   149.6258   0.0001327  -0.0000268 
   1760000    6956.1816   766.2628   149.8576   0.0001305  -0.0000002   13634.7197   691.0244   150.0393   0.0001335   0.0000207 
   1780000    6956.3247   768.8701   149.8499   0.0001304  -0.0000004   13652.9990   693.6870   149.7886   0.0001331  -0.0000125 
   1800000    6956.3857   771.4807   149.8425   0.0001305  -0.0000004   13642.8779   696.3483   149.9430   0.0001331   0.0000077 
   1820000    6956.4688   774.0909   149.8327   0.0001305  -0.0000005   13648.3770   699.0119   149.8756   0.0001332  -0.0000034 
   1840000    6956.5254   776.7050   149.8217   0.0001307  -0.0000005   13645.9150   701.6773   149.9183   0.0001333   0.0000021 
   1860000    6956.5435   779.3244   149.8105   0.0001310  -0.0000006   13647.0059   704.3386   149.9133   0.0001331  -0.0000002 
   1880000    6956.5371   781.9350   149.8000   0.0001305  -0.0000005   13646.6631   707.0038   149.9261   0.0001333   0.0000006 
   1900000    6956.5293   784.5491   149.7895   0.0001307  -0.0000005   13646.8457   709.6710   149.9330   0.0001334   0.0000003 
   1920000    6956.6147   787.1699   149.7747   0.0001310  -0.0000007   13646.8525   712.3348   149.9421   0.0001332   0.0000005 
   1940000    6956.5762   789.7944   149.7634   0.0001312  -0.0000006   13646.8867   715.0023   149.9522   0.0001334   0.0000005 
   1960000    6956.1963   792.4224   149.7681   0.0001314   0.0000002   13646.8809   717.6719   149.9643   0.0001335   0.0000006 
   1980000    6956.4985   795.0523   149.7524   0.0001315  -0.0000008   13647.0312   720.3379   149.9726   0.0001333   0.0000004 
   2000000    6956.5347   797.6766   149.7423   0.0001312  -0.0000005   13646.9971   723.0067   149.9815   0.0001334   0.0000004 
   2020000    6956.5469   800.2908   149.7346   0.0001307  -0.0000004   13646.9971   725.6838   149.9898   0.0001339   0.0000004 
   2040000    6956.5928   802.9089   149.7228   0.0001309  -0.0000006   13647.1094   728.3509   149.9956   0.0001334   0.0000003 
   2060000    6956.5913   805.5321   149.7154   0.0001312  -0.0000004   13646.9766   731.0194   150.0051   0.0001334   0.0000005 
   2080000    6956.6367   808.1599   149.7044   0.0001314  -0.0000006   13647.0557   733.6912   150.0113   0.0001336   0.0000003 
   2100000    6954.3198   810.7913   149.7944   0.0001316   0.0000045   13647.1152   736.3585   150.0154   0.0001334   0.0000002 
   2120000    6955.3105   813.4221   149.7921   0.0001315  -0.0000001   13647.1670   739.0279   150.0189   0.0001335   0.0000002 
   2140000    6955.4341   816.0535   149.8055   0.0001316   0.0000007   13647.1709   741.7029   150.0222   0.0001338   0.0000002 
   2160000    6955.6484   818.6873   149.8120   0.0001317   0.0000003   13647.1738   744.3719   150.0252   0.0001334   0.0000002 
   2180000    6955.8623   821.3212   149.8142   0.0001317   0.0000001   13647.2129   747.0397   150.0268   0.0001334   0.0000001 
   2200000    6955.8960   823.9581   149.8204   0.0001318   0.0000003   13647.2979   749.7101   150.0273   0.0001335   0.0000000 
   2220000    6956.0093   826.5916   149.8223   0.0001317   0.0000001   13647.2656   752.3765   150.0284   0.0001333   0.0000001 
   2240000    6956.0645   829.2230   149.8227   0.0001316   0.0000000   13647.3145   755.0411   150.0291   0.0001332   0.0000000 
   2260000    6956.0874   831.8560   149.8245   0.0001316   0.0000001   13647.3145   757.7097   150.0303   0.0001334   0.0000001 
   2280000    6956.1831   834.4903   149.8227   0.0001317  -0.0000001   13647.3535   760.3751   150.0303   0.0001333   0.0000000 
   2300000    6955.8486   837.1238   149.8355   0.0001317   0.0000006   13647.4092   763.0361   150.0290   0.0001330  -0.0000001 
   2320000    6956.0469   839.7617   149.8346   0.0001319  -0.0000000   13647.4111   765.7017   150.0290   0.0001333  -0.0000000 
   2340000    6956.1567   842.4012   149.8320   0.0001320  -0.0000001   13647.4326   768.3658   150.0285   0.0001332  -0.0000000 
   2360000    6956.1436   845.0401   149.8316   0.0001319  -0.0000000   13647.4863   771.0281   150.0273   0.0001331  -0.0000001 
   2380000    6956.1353   847.6682   149.8330   0.0001314   0.0000001   13647.5244   773.6959   150.0257   0.0001334  -0.0000001 
   2400000    6956.1523   850.3046   149.8322   0.0001318  -0.0000000   13647.4922   776.3640   150.0250   0.0001334  -0.0000000 
   2420000    6956.2217   852.9451   149.8281   0.0001320  -0.0000002   13647.1006   779.0269   150.0330   0.0001331   0.0000004 
   2440000    6956.1377   855.5884   149.8302   0.0001322   0.0000001   13647.1475   781.6934   150.0357   0.0001333   0.0000001 
   2460000    6956.2329   858.2328   149.8251   0.0001322  -0.0000003   13647.2549   784.3593   150.0356   0.0001333  -0.0000000 
   2480000    6956.2490   860.8772   149.8207   0.0001322  -0.0000002   13647.3809   787.0217   150.0348   0.0001331  -0.0000000 
   2500000    6956.1812   863.5211   149.8197   0.0001322  -0.0000000   13647.4297   789.6871   150.0339   0.0001333  -0.0000000 
   2520000    6956.2661   866.1710   149.8130   0.0001325  -0.0000003   13647.4033   792.3512   150.0347   0.0001332   0.0000000 
   2540000    6956.2383   868.8197   149.8086   0.0001324  -0.0000002   13647.4463   795.0118   150.0345   0.0001330  -0.0000000 
   2560000    6956.2544   871.4670   149.8047   0.0001324  -0.0000002   13647.5078   797.6757   150.0326   0.0001332  -0.0000001 
   2580000    6956.2373   874.1152   149.8000   0.0001324  -0.0000002   13647.4795   800.3134   150.0324   0.0001319  -0.0000000 
   2600000    6956.2168   876.7613   149.7959   0.0001323  -0.0000002   13647.5879   802.9800   150.0299   0.0001333  -0.0000001 
   2620000    6956.2134   879.4106   149.7921   0.0001325  -0.0000002   13647.5420   805.6516   150.0294   0.0001336  -0.0000000 
   2640000    6956.2090   882.0646   149.7878   0.0001327  -0.0000002   13647.5352   808.3212   150.0281   0.0001335  -0.0000001 
   2660000    6956.2314   884.7214   149.7824   0.0001328  -0.0000003   13647.5947   810.9836   150.0268   0.0001331  -0.0000001 
   2680000    6956.2017   887.3664   149.7795   0.0001323  -0.0000001   13647.6201   813.6465   150.0246   0.0001331  -0.0000001 
   2700000    6956.2314   890.0100   149.7749   0.0001322  -0.0000002   13647.6455   816.3077   150.0219   0.0001331  -0.0000001 
   2720000    6956.2627   892.6500   149.7694   0.0001320  -0.0000003   13647.6426   818.9611   150.0202   0.0001327  -0.0000001 
   2740000    6956.2656   895.2757   149.7653   0.0001313  -0.0000002   13647.6650   821.6086   150.0169   0.0001324  -0.0000002 
   2760000    6956.2466   897.8979   149.7624   0.0001311  -0.0000001   13647.5977   824.2438   150.0162   0.0001318  -0.0000000 
   2780000    6956.1084   900.5140   149.7642   0.0001308   0.0000001   13647.7422   826.8619   150.0112   0.0001309  -0.0000003 
   2800000    6956.1577   903.1271   149.7623   0.0001307  -0.0000001   13647.5479   829.4803   150.0114   0.0001309   0.0000000 
   2820000    6956.1553   905.7403   149.7601   0.0001307  -0.0000001   13647.6133   832.0954   150.0085   0.0001308  -0.0000001 
   2840000    6956.2065   908.3458   149.7562   0.0001303  -0.0000002   13647.6436   834.7072   150.0056   0.0001306  -0.0000001 
   2860000    6956.2456   910.9518   149.7518   0.0001303  -0.0000002   13647.6289   837.3256   150.0025   0.0001309  -0.0000002 
   2880000    6956.1860   913.5579   149.7507   0.0001303  -0.0000001   13647.7197   839.9375   149.9979   0.0001306  -0.0000002 
   2900000    6956.2539   916.1647   149.7445   0.0001303  -0.0000003   13647.6875   842.5543   149.9944   0.0001308  -0.0000002 
   2920000    6956.1245   918.7741   149.7463   0.0001305   0.0000001   13647.6045   845.1716   149.9922   0.0001309  -0.0000001 
   2940000    6956.2358   921.3785   149.7391   0.0001302  -0.0000004   13647.7480   847.7847   149.9859   0.0001307  -0.0000003 
   2960000    6956.1992   923.9833   149.7356   0.0001302  -0.0000002   13647.7080   850.4031   149.9816   0.0001309  -0.0000002 
   2980000    6956.1709   926.5911   149.7338   0.0001304  -0.0000001   13647.7520   853.0196   149.9754   0.0001308  -0.0000003 
   3000000    6956.1982   929.1974   149.7282   0.0001303  -0.0000003   13647.6562   855.5793   149.9725   0.0001280  -0.0000001 
   3020000    6956.1582   931.8073   149.7264   0.0001305  -0.0000001   13647.6719   858.1955   149.9665   0.0001308  -0.0000003 
   3040000    6956.1758   934.4172   149.7220   0.0001305  -0.0000002   13647.7207   860.8039   149.9600   0.0001304  -0.0000003 
   3060000    6956.1997   937.0295   149.7170   0.0001306  -0.0000003   13647.6816   863.4165   149.9545   0.0001306  -0.0000003 
   3080000    6956.1616   939.6478   149.7144   0.0001309  -0.0000001   13647.7373   866.0328   149.9464   0.0001308  -0.0000004 
   3100000    6956.1704   942.2644   149.7099   0.0001308  -0.0000002   13647.7188   868.6440   149.9397   0.0001306  -0.0000003 
   3120000    6956.2021   944.8817   149.7037   0.0001309  -0.0000003   13647.7041   871.2598   149.9313   0.0001308  -0.0000004 
   3140000    6956.1372   947.4969   149.6999   0.0001308  -0.0000002   13647.7021   873.8740   149.9218   0.0001307  -0.0000005 
   3160000    6956.1792   950.1094   149.6930   0.0001306  -0.0000003   13647.7559   876.4883   149.9108   0.0001307  -0.0000005 
   3180000    6956.1362   952.7273   149.6888   0.0001309  -0.0000002   13647.6309   879.1055   149.9003   0.0001309  -0.0000005 
   3200000    6956.1797   955.3453   149.6808   0.0001309  -0.0000004   13647.7627   881.7195   149.8843   0.0001307  -0.0000008 
   3220000    6956.1606   957.9616   149.6741   0.0001308  -0.0000003   13647.7324   884.3366   149.8664   0.0001309  -0.0000009 
   3240000    6956.1187   960.5819   149.6667   0.0001310  -0.0000004   13647.6924   886.9542   149.8452   0.0001309  -0.0000011 
   3260000    6956.1436   963.1996   149.6575   0.0001309  -0.0000005   13647.7275   889.5663   149.8167   0.0001306  -0.0000014 
   3280000    6956.1367   965.8192   149.6474   0.0001310  -0.0000005   13647.7295   892.1855   149.7810   0.0001310  -0.0000018 
   3300000    6956.2104   968.4359   149.6329   0.0001308  -0.0000007   13647.7432   894.8030   149.7347   0.0001309  -0.0000023 
   3320000    6956.0967   971.0464   149.6240   0.0001305  -0.0000004   13647.6787   897.4329   149.6817   0.0001315  -0.0000027 
   3340000    6956.1587   973.6636   149.6074   0.0001309  -0.0000008   13647.7041   900.0524   149.6253   0.0001310  -0.0000028 
   3360000    6956.1597   976.2864   149.5931   0.0001311  -0.0000007   13647.7129   902.6662   149.5741   0.0001307  -0.0000026 
   3380000    6956.1416   978.9089   149.5803   0.0001311  -0.0000006   13647.6748   905.2834   149.5404   0.0001309  -0.0000017 
   3400000    6956.0552   981.5334   149.5689   0.0001312  -0.0000006   13647.7549   907.9073   149.5160   0.0001312  -0.0000012 
   3420000    6956.1641   984.1551   149.5536   0.0001311  -0.0000008   13647.7012   910.5312   149.5025   0.0001312  -0.0000007 
   3440000    6956.1162   986.7789   149.5364   0.0001312  -0.0000009   13647.7061   913.1614   149.4947   0.0001315  -0.0000004 
   3460000    6956.0820   989.4049   149.5208   0.0001313  -0.0000008   13647.6582   915.7891   149.4889   0.0001314  -0.0000003 
   3480000    6956.1006   992.0299   149.5021   0.0001312  -0.0000009   13647.7217   918.4117   149.4828   0.0001311  -0.0000003 
   3500000    6956.0737   994.6592   149.4824   0.0001315  -0.0000010   13647.6484   921.0380   149.4804   0.0001313  -0.0000001 
   3520000    6956.1626   997.2869   149.4602   0.0001314  -0.0000011   13647.7471   923.6587   149.4742   0.0001310  -0.0000003 
   3540000    6956.0698   999.9144   149.4429   0.0001314  -0.0000009   13647.7227   926.2825   149.4718   0.0001312  -0.0000001 
   3560000    6956.1040     2.5463   149.4222   0.0001316  -0.0000010   13647.6484   928.9073   149.4707   0.0001312  -0.0000001 
   3580000    6956.0840     5.1754   149.4073   0.0001315  -0.0000007   13647.7441   931.5295   149.4669   0.0001311  -0.0000002 
   3600000    6956.0864     7.8090   149.3917   0.0001317  -0.0000008   13647.7070   934.1561   149.4655   0.0001313  -0.0000001 
   3620000    6956.0625    10.4441   149.3799   0.0001318  -0.0000006   13647.6758   936.7811   149.4637   0.0001312  -0.0000001 
   3640000    6956.1030    13.0772   149.3680   0.0001317  -0.0000006   13647.7402   939.4072   149.4608   0.0001313  -0.0000001 
   3660000    6956.0601    15.7171   149.3591   0.0001320  -0.0000004   13647.6758   942.0366   149.4605   0.0001315  -0.0000000 
   3680000    6956.0806    18.3515   149.3519   0.0001317  -0.0000004   13647.7295   944.6617   149.4567   0.0001313  -0.0000002 
   3700000    6956.0850    20.9860   149.3458   0.0001317  -0.0000003   13647.7422   947.2891   149.4543   0.0001314  -0.0000001 
   3720000    6956.0508    23.6250   149.3413   0.0001319  -0.0000002   13647.6982   949.9203   149.4519   0.0001316  -0.0000001 
   3740000    6956.0508    26.2637   149.3396   0.0001319  -0.0000001   13647.6924   952.5352   149.4487   0.0001307  -0.0000002 
   3760000    6956.0854    28.9035   149.3349   0.0001320  -0.0000002   13647.7002   955.1629   149.4447   0.0001314  -0.0000002 
   3780000    6956.0439    31.5419   149.3347   0.0001319  -0.0000000   13647.7041   957.7874   149.4387   0.0001312  -0.0000003 
   3800000    6956.0825    34.1790   149.3324   0.0001319  -0.0000001   13647.6113   960.4132   149.4376   0.0001313  -0.0000001 
   3820000    6956.0420    36.8224   149.3326   0.0001322   0.0000000   13647.5957   963.0441   149.4350   0.0001315  -0.0000001 
   3840000    6956.0493    39.4658   149.3321   0.0001322  -0.0000000   13647.6533   965.6735   149.4318   0.0001315  -0.0000002 
   3860000    6956.0835    42.1078   149.3314   0.0001321  -0.0000000   13647.6084   968.3052   149.4307   0.0001316  -0.0000001 
   3880000    6956.0381    44.7544   149.3324   0.0001323   0.0000001   13647.6533   970.9390   149.4277   0.0001317  -0.0000002 
   3900000    6956.0732    47.3807   149.3315   0.0001313  -0.0000000   13647.6826   973.5705   149.4247   0.0001316  -0.0000001 
   3920000    6956.0273    50.0215   149.3329   0.0001320   0.0000001   13647.6240   976.2140   149.4239   0.0001322  -0.0000000 
   3940000    6956.0259    52.6675   149.3339   0.0001323   0.0000001   13647.6445   978.8473   149.4214   0.0001317  -0.0000001 
   3960000    6956.0693    55.3087   149.3327   0.0001321  -0.0000001   13647.6543   981.4792   149.4199   0.0001316  -0.0000001 
   3980000    6956.0259    57.9548   149.3347   0.0001323   0.0000001   13647.6025   984.1152   149.4194   0.0001318  -0.0000000 
   4000000    6956.0020    60.6021   149.3370   0.0001324   0.0000001   13647.6230   986.7472   149.4181   0.0001316  -0.0000001 
