10000  0.0800  2  3.0000  32.5048  0.0325
20000  0.1067  2  4.0000  49.6508  0.0497
30000  0.1867  4  3.5000  42.3266  0.0423
40000  0.1867  4  3.5000  41.4164  0.0414
50000  0.1867  4  3.5000  41.2707  0.0413
60000  0.2800  5  4.2000  51.8213  0.0518
70000  0.3467  6  4.3333  53.0384  0.0530
80000  0.3867  7  4.1429  51.0487  0.0510
90000  0.3867  7  4.1429  50.8816  0.0509
100000  0.4133  8  3.8750  45.8548  0.0459
110000  0.4933  10  3.7000  43.2821  0.0433
120000  0.5067  10  3.8000  45.0435  0.0450
130000  0.4933  10  3.7000  43.7507  0.0438
140000  0.5467  11  3.7273  43.9983  0.0440
150000  0.5867  11  4.0000  48.6812  0.0487
160000  0.5733  11  3.9091  46.9992  0.0470
170000  0.6667  11  4.5455  56.7922  0.0568
180000  0.6933  10  5.2000  67.5437  0.0675
190000  0.7200  9  6.0000  79.7817  0.0798
200000  0.7467  9  6.2222  83.3206  0.0833
210000  0.7333  9  6.1111  81.3504  0.0814
220000  0.7333  9  6.1111  81.0093  0.0810
230000  0.7600  9  6.3333  83.5877  0.0836
240000  0.8267  9  6.8889  92.8263  0.0928
250000  0.8267  9  6.8889  92.5170  0.0925
260000  0.8667  10  6.5000  86.2136  0.0862
270000  0.8667  9  7.2222  97.5236  0.0975
280000  0.8400  8  7.8750  108.5266  0.1085
290000  0.8533  8  8.0000  111.0510  0.1111
300000  0.8533  8  8.0000  110.9326  0.1109
310000  0.8267  7  8.8571  124.0783  0.1241
320000  0.8267  6  10.3333  146.7891  0.1468
330000  0.8267  6  10.3333  146.8125  0.1468
340000  0.8267  7  8.8571  123.4108  0.1234
350000  0.8533  7  9.1429  128.8110  0.1288
360000  0.8533  7  9.1429  128.8516  0.1289
370000  0.8533  7  9.1429  128.8483  0.1288
380000  0.8533  7  9.1429  128.8015  0.1288
390000  0.8533  7  9.1429  128.7439  0.1287
400000  0.8533  7  9.1429  128.0755  0.1281
410000  0.8667  7  9.2857  130.1170  0.1301
420000  0.8800  7  9.4286  132.1113  0.1321
430000  0.8800  6  11.0000  157.5063  0.1575
440000  0.8800  7  9.4286  132.0350  0.1320
450000  0.8667  7  9.2857  129.0670  0.1291
460000  0.8667  7  9.2857  129.0924  0.1291
470000  0.8667  7  9.2857  129.1138  0.1291
480000  0.8667  7  9.2857  129.1120  0.1291
490000  0.8533  7  9.1429  126.4001  0.1264
500000  0.8533  7  9.1429  126.3698  0.1264
510000  0.8533  7  9.1429  126.3150  0.1263
520000  0.8533  7  9.1429  126.2845  0.1263
530000  0.8533  7  9.1429  126.2540  0.1263
540000  0.8533  7  9.1429  126.2534  0.1263
550000  0.8667  7  9.2857  128.6954  0.1287
560000  0.8667  7  9.2857  128.6643  0.1287
570000  0.8667  7  9.2857  128.6069  0.1286
580000  0.8667  6  10.8333  152.1761  0.1522
590000  0.8667  6  10.8333  152.0539  0.1521
600000  0.8800  6  11.0000  154.8354  0.1548
610000  0.8800  6  11.0000  154.7755  0.1548
620000  0.8533  6  10.6667  149.5042  0.1495
630000  0.8533  7  9.1429  125.7521  0.1258
640000  0.8533  7  9.1429  125.6445  0.1256
650000  0.8533  7  9.1429  125.5151  0.1255
660000  0.8533  7  9.1429  125.3619  0.1254
670000  0.8800  7  9.4286  130.1018  0.1301
680000  0.8800  6  11.0000  153.9856  0.1540
690000  0.8800  6  11.0000  153.8360  0.1538
700000  0.8800  7  9.4286  128.6261  0.1286
710000  0.8800  7  9.4286  128.3284  0.1283
720000  0.8933  7  9.5714  129.9590  0.1300
730000  0.8933  7  9.5714  129.6401  0.1296
740000  0.9067  7  9.7143  131.2045  0.1312
750000  0.9200  5  13.8000  191.3404  0.1913
760000  0.9200  5  13.8000  191.1797  0.1912
770000  0.9200  5  13.8000  191.0453  0.1910
780000  0.9200  5  13.8000  190.9177  0.1909
790000  0.9200  5  13.8000  190.7951  0.1908
800000  0.9200  5  13.8000  190.6535  0.1907
810000  0.9200  5  13.8000  190.4726  0.1905
820000  0.9333  5  14.0000  193.0006  0.1930
830000  0.9333  5  14.0000  192.7821  0.1928
840000  0.9467  5  14.2000  195.2882  0.1953
850000  0.9467  4  17.7500  247.2327  0.2472
860000  0.9467  4  17.7500  247.0416  0.2470
870000  0.9467  4  17.7500  246.8987  0.2469
880000  0.9467  4  17.7500  246.7885  0.2468
890000  0.9333  4  17.5000  242.3602  0.2424
900000  0.9333  4  17.5000  242.2795  0.2423
910000  0.9333  4  17.5000  242.2156  0.2422
920000  0.9333  4  17.5000  242.1427  0.2421
930000  0.9467  4  17.7500  245.8895  0.2459
940000  0.9467  4  17.7500  245.7945  0.2458
950000  0.9467  4  17.7500  245.7039  0.2457
960000  0.9467  4  17.7500  245.6227  0.2456
970000  0.9467  4  17.7500  245.5329  0.2455
980000  0.9467  4  17.7500  245.4542  0.2455
990000  0.9467  4  17.7500  245.3717  0.2454
1000000  0.9467  4  17.7500  245.2693  0.2453
1010000  0.9467  4  17.7500  245.1662  0.2452
1020000  0.9467  4  17.7500  245.0984  0.2451
1030000  0.9467  4  17.7500  245.0303  0.2450
1040000  0.9467  4  17.7500  244.9727  0.2450
1050000  0.9467  4  17.7500  244.9108  0.2449
1060000  0.9467  4  17.7500  244.8503  0.2449
1070000  0.9467  4  17.7500  244.7753  0.2448
1080000  0.9467  4  17.7500  244.7210  0.2447
1090000  0.9467  4  17.7500  244.6872  0.2447
1100000  0.9467  4  17.7500  244.6538  0.2447
1110000  0.9467  4  17.7500  244.6228  0.2446
1120000  0.9467  4  17.7500  244.5795  0.2446
1130000  0.9467  4  17.7500  244.5303  0.2445
1140000  0.9467  4  17.7500  244.4676  0.2445
1150000  0.9467  4  17.7500  244.3936  0.2444
1160000  0.9467  4  17.7500  244.3060  0.2443
1170000  0.9467  4  17.7500  244.1935  0.2442
1180000  0.9467  4  17.7500  244.0568  0.2441
1190000  0.9467  4  17.7500  243.8953  0.2439
1200000  0.9467  4  17.7500  243.7186  0.2437
1210000  0.9467  4  17.7500  243.5163  0.2435
1220000  0.9733  4  18.2500  251.3998  0.2514
1230000  0.9733  4  18.2500  251.2581  0.2513
1240000  0.9600  4  18.0000  246.0075  0.2460
1250000  0.9467  4  17.7500  241.7310  0.2417
1260000  0.9467  4  17.7500  241.4806  0.2415
1270000  0.9467  4  17.7500  241.2394  0.2412
1280000  0.9467  4  17.7500  241.0172  0.2410
1290000  0.9733  4  18.2500  248.3065  0.2483
1300000  0.9733  4  18.2500  248.2003  0.2482
1310000  0.9733  4  18.2500  248.1195  0.2481
1320000  0.9733  4  18.2500  248.0523  0.2481
1330000  0.9733  4  18.2500  248.0041  0.2480
1340000  0.9733  4  18.2500  247.9604  0.2480
1350000  0.9733  4  18.2500  247.9112  0.2479
1360000  0.9867  4  18.5000  251.4215  0.2514
1370000  0.9867  3  24.6667  339.6665  0.3397
1380000  0.9867  4  18.5000  249.2994  0.2493
1390000  0.9867  4  18.5000  249.0234  0.2490
1400000  0.9867  4  18.5000  248.7957  0.2488
1410000  0.9867  4  18.5000  248.6275  0.2486
1420000  1.0000  2  37.5000  516.7531  0.5168
1430000  1.0000  2  37.5000  516.5712  0.5166
1440000  1.0000  2  37.5000  516.4824  0.5165
1450000  1.0000  2  37.5000  516.4633  0.5165
1460000  1.0000  2  37.5000  516.4595  0.5165
1470000  1.0000  3  25.0000  340.3702  0.3404
1480000  1.0000  3  25.0000  340.3697  0.3404
1490000  1.0000  3  25.0000  340.3830  0.3404
1500000  1.0000  3  25.0000  340.3983  0.3404
1510000  1.0000  3  25.0000  340.4643  0.3405
1520000  1.0000  3  25.0000  340.5077  0.3405
1530000  1.0000  3  25.0000  340.5219  0.3405
1540000  1.0000  3  25.0000  340.5217  0.3405
1550000  1.0000  3  25.0000  340.5110  0.3405
1560000  1.0000  3  25.0000  340.4907  0.3405
1570000  1.0000  3  25.0000  340.4804  0.3405
1580000  1.0000  3  25.0000  340.4819  0.3405
1590000  1.0000  3  25.0000  340.4887  0.3405
1600000  1.0000  3  25.0000  340.4857  0.3405
1610000  1.0000  3  25.0000  340.4740  0.3405
1620000  1.0000  3  25.0000  340.4725  0.3405
1630000  1.0000  3  25.0000  340.4528  0.3405
1640000  1.0000  3  25.0000  340.4282  0.3404
1650000  1.0000  3  25.0000  340.4114  0.3404
1660000  1.0000  3  25.0000  340.4064  0.3404
1670000  1.0000  3  25.0000  340.4174  0.3404
1680000  1.0000  3  25.0000  340.4329  0.3404
1690000  1.0000  3  25.0000  340.4191  0.3404
1700000  1.0000  3  25.0000  340.4051  0.3404
1710000  1.0000  3  25.0000  340.3943  0.3404
1720000  1.0000  3  25.0000  340.3780  0.3404
1730000  1.0000  3  25.0000  340.3739  0.3404
1740000  1.0000  3  25.0000  340.3440  0.3403
1750000  1.0000  3  25.0000  340.3278  0.3403
1760000  1.0000  3  25.0000  340.2838  0.3403
1770000  1.0000  3  25.0000  340.2392  0.3402
1780000  1.0000  3  25.0000  340.2071  0.3402
1790000  1.0000  3  25.0000  340.1797  0.3402
1800000  1.0000  3  25.0000  340.1624  0.3402
1810000  1.0000  3  25.0000  340.1287  0.3401
1820000  1.0000  3  25.0000  340.1046  0.3401
1830000  1.0000  3  25.0000  340.1090  0.3401
1840000  1.0000  3  25.0000  340.1161  0.3401
1850000  1.0000  3  25.0000  340.1206  0.3401
1860000  1.0000  3  25.0000  340.1358  0.3401
1870000  1.0000  3  25.0000  340.1541  0.3402
1880000  1.0000  3  25.0000  340.1660  0.3402
1890000  1.0000  3  25.0000  340.1852  0.3402
1900000  1.0000  3  25.0000  340.1996  0.3402
1910000  1.0000  3  25.0000  340.2187  0.3402
1920000  1.0000  3  25.0000  340.2356  0.3402
1930000  1.0000  3  25.0000  340.2504  0.3403
1940000  1.0000  3  25.0000  340.2624  0.3403
1950000  1.0000  3  25.0000  340.2835  0.3403
1960000  1.0000  3  25.0000  340.3022  0.3403
1970000  1.0000  3  25.0000  340.3107  0.3403
1980000  1.0000  3  25.0000  340.3054  0.3403
1990000  1.0000  3  25.0000  340.3127  0.3403
2000000  1.0000  3  25.0000  340.3214  0.3403
