10000  0.5200  19  4.1053  51.6691  0.0517
20000  0.5267  18  4.3889  56.2510  0.0563
30000  0.5533  19  4.3684  55.1698  0.0552
40000  0.5467  19  4.3158  54.2480  0.0542
50000  0.5533  19  4.3684  55.0820  0.0551
60000  0.5533  19  4.3684  55.0274  0.0550
70000  0.6400  21  4.5714  58.7751  0.0588
80000  0.6667  22  4.5455  58.7389  0.0587
90000  0.7000  22  4.7727  62.3018  0.0623
100000  0.7400  24  4.6250  60.0186  0.0600
110000  0.7333  23  4.7826  62.0205  0.0620
120000  0.6800  19  5.3684  70.3957  0.0704
130000  0.7067  19  5.5789  73.1744  0.0732
140000  0.7467  19  5.8947  77.9854  0.0780
150000  0.7467  17  6.5882  88.8704  0.0889
160000  0.7467  17  6.5882  88.6794  0.0887
170000  0.8267  18  6.8889  92.1738  0.0922
180000  0.8333  17  7.3529  98.3688  0.0984
190000  0.8667  15  8.6667  118.7236  0.1187
200000  0.8667  14  9.2857  128.0870  0.1281
210000  0.8667  14  9.2857  127.5054  0.1275
220000  0.8867  14  9.5000  130.3064  0.1303
230000  0.8600  13  9.9231  134.2312  0.1342
240000  0.8733  12  10.9167  148.1831  0.1482
250000  0.8733  12  10.9167  148.0661  0.1481
260000  0.8800  12  11.0000  149.1380  0.1491
270000  0.9000  12  11.2500  152.9245  0.1529
280000  0.9267  12  11.5833  158.4238  0.1584
290000  0.9333  12  11.6667  159.3660  0.1594
300000  0.9333  13  10.7692  145.9598  0.1460
310000  0.9333  13  10.7692  145.9219  0.1459
320000  0.9200  9  15.3333  212.4933  0.2125
330000  0.9133  10  13.7000  186.5423  0.1865
340000  0.9200  9  15.3333  210.0389  0.2100
350000  0.9200  9  15.3333  209.9936  0.2100
360000  0.9200  9  15.3333  210.0151  0.2100
370000  0.9467  9  15.7778  216.6152  0.2166
380000  0.9400  7  20.1429  279.7603  0.2798
390000  0.9333  7  20.0000  274.3837  0.2744
400000  0.9333  7  20.0000  274.3067  0.2743
410000  0.9333  6  23.3333  323.3537  0.3234
420000  0.9267  7  19.8571  271.0905  0.2711
430000  0.9267  8  17.3750  234.1976  0.2342
440000  0.9333  9  15.5556  206.9103  0.2069
450000  0.9200  9  15.3333  203.4293  0.2034
460000  0.9200  9  15.3333  203.4518  0.2035
470000  0.9067  8  17.0000  226.1845  0.2262
480000  0.8933  8  16.7500  221.3283  0.2213
490000  0.9133  8  17.1250  226.4616  0.2265
500000  0.9133  7  19.5714  260.5735  0.2606
510000  0.9133  7  19.5714  260.5840  0.2606
520000  0.9133  6  22.8333  306.1292  0.3061
530000  0.9133  7  19.5714  258.4218  0.2584
540000  0.9333  7  20.0000  265.4113  0.2654
550000  0.9133  6  22.8333  304.7306  0.3047
560000  0.9133  6  22.8333  304.7861  0.3048
570000  0.9200  7  19.7143  259.7436  0.2597
580000  0.9400  7  20.1429  264.7519  0.2648
590000  0.9267  6  23.1667  304.5681  0.3046
600000  0.9267  6  23.1667  304.5027  0.3045
610000  0.9267  6  23.1667  304.5427  0.3045
620000  0.9067  4  34.0000  452.6682  0.4527
630000  0.9400  5  28.2000  371.6900  0.3717
640000  0.9400  5  28.2000  371.4454  0.3714
650000  0.9533  5  28.6000  377.9370  0.3779
660000  0.9533  5  28.6000  377.9305  0.3779
670000  0.9600  4  36.0000  478.0897  0.4781
680000  0.9600  4  36.0000  477.3441  0.4773
690000  0.9467  4  35.5000  468.4000  0.4684
700000  0.9467  4  35.5000  468.3529  0.4684
710000  0.9467  4  35.5000  468.5016  0.4685
720000  0.9533  3  47.6667  633.1385  0.6331
730000  0.9533  4  35.7500  469.4052  0.4694
740000  0.9533  4  35.7500  469.1438  0.4691
750000  0.9533  4  35.7500  469.1180  0.4691
760000  0.9533  4  35.7500  469.1475  0.4691
770000  0.9600  4  36.0000  472.0666  0.4721
780000  0.9600  3  48.0000  633.5449  0.6335
790000  0.9600  3  48.0000  633.0452  0.6330
800000  0.9600  3  48.0000  632.9485  0.6329
810000  0.9600  3  48.0000  633.0450  0.6330
820000  0.9800  3  49.0000  645.5865  0.6456
830000  0.9800  3  49.0000  645.3835  0.6454
840000  0.9867  3  49.3333  649.6978  0.6497
850000  0.9867  3  49.3333  649.7082  0.6497
860000  0.9867  3  49.3333  649.7063  0.6497
870000  0.9867  2  74.0000  980.4438  0.9804
880000  0.9867  2  74.0000  986.8081  0.9868
890000  0.9867  2  74.0000  986.6706  0.9867
900000  0.9867  2  74.0000  986.7162  0.9867
910000  0.9867  2  74.0000  986.8375  0.9868
920000  0.9867  2  74.0000  986.7947  0.9868
930000  0.9867  2  74.0000  980.2368  0.9802
940000  0.9867  2  74.0000  980.3114  0.9803
950000  0.9867  2  74.0000  980.3575  0.9804
960000  0.9867  2  74.0000  980.3938  0.9804
970000  0.9867  2  74.0000  986.6721  0.9867
980000  0.9867  2  74.0000  986.5267  0.9865
990000  0.9867  2  74.0000  986.4529  0.9865
1000000  0.9867  2  74.0000  986.4893  0.9865
1010000  0.9867  2  74.0000  986.6058  0.9866
1020000  0.9867  2  74.0000  986.6498  0.9866
1030000  0.9933  2  74.5000  993.8392  0.9938
1040000  0.9933  2  74.5000  983.2725  0.9833
1050000  0.9933  2  74.5000  983.2056  0.9832
1060000  0.9933  2  74.5000  983.3515  0.9834
1070000  0.9933  2  74.5000  993.7615  0.9938
1080000  0.9933  2  74.5000  983.0635  0.9831
1090000  0.9933  2  74.5000  982.8456  0.9828
1100000  0.9933  2  74.5000  982.8138  0.9828
1110000  0.9933  2  74.5000  982.8251  0.9828
1120000  0.9933  2  74.5000  989.2601  0.9893
1130000  0.9933  2  74.5000  988.6826  0.9887
1140000  0.9933  2  74.5000  988.3027  0.9883
1150000  1.0000  2  75.0000  994.7632  0.9948
1160000  0.9933  2  74.5000  988.2697  0.9883
1170000  1.0000  2  75.0000  994.4973  0.9945
1180000  1.0000  2  75.0000  1000.3523  1.0004
1190000  1.0000  2  75.0000  1000.2462  1.0002
1200000  1.0000  2  75.0000  1000.2321  1.0002
1210000  1.0000  2  75.0000  1000.2277  1.0002
1220000  1.0000  2  75.0000  1000.1459  1.0001
1230000  1.0000  2  75.0000  1000.0905  1.0001
1240000  1.0000  2  75.0000  1000.0675  1.0001
1250000  1.0000  2  75.0000  1000.0640  1.0001
1260000  1.0000  2  75.0000  1000.0630  1.0001
1270000  1.0000  2  75.0000  1000.0468  1.0000
1280000  1.0000  2  75.0000  1000.0372  1.0000
1290000  1.0000  2  75.0000  1000.0338  1.0000
1300000  1.0000  2  75.0000  1000.0329  1.0000
1310000  1.0000  2  75.0000  1000.0314  1.0000
1320000  1.0000  2  75.0000  1000.0272  1.0000
1330000  1.0000  2  75.0000  1000.0250  1.0000
1340000  1.0000  2  75.0000  1000.0245  1.0000
1350000  1.0000  2  75.0000  1000.0244  1.0000
1360000  1.0000  2  75.0000  1000.0234  1.0000
1370000  1.0000  2  75.0000  1000.0222  1.0000
1380000  1.0000  2  75.0000  1000.0224  1.0000
1390000  1.0000  2  75.0000  1000.0229  1.0000
1400000  1.0000  2  75.0000  1000.0234  1.0000
1410000  1.0000  2  75.0000  1000.0222  1.0000
1420000  1.0000  2  75.0000  1000.0209  1.0000
1430000  1.0000  2  75.0000  1000.0212  1.0000
1440000  1.0000  2  75.0000  1000.0220  1.0000
1450000  1.0000  2  75.0000  1000.0223  1.0000
1460000  1.0000  2  75.0000  1000.0216  1.0000
1470000  1.0000  2  75.0000  1000.0211  1.0000
1480000  1.0000  2  75.0000  1000.0213  1.0000
1490000  1.0000  2  75.0000  1000.0221  1.0000
1500000  1.0000  2  75.0000  1000.0223  1.0000
1510000  1.0000  2  75.0000  1000.0210  1.0000
1520000  1.0000  2  75.0000  1000.0203  1.0000
1530000  1.0000  2  75.0000  1000.0206  1.0000
1540000  1.0000  2  75.0000  1000.0212  1.0000
1550000  1.0000  2  75.0000  1000.0214  1.0000
1560000  1.0000  2  75.0000  1000.0216  1.0000
1570000  1.0000  2  75.0000  1000.0203  1.0000
1580000  1.0000  2  75.0000  1000.0212  1.0000
1590000  1.0000  2  75.0000  1000.0222  1.0000
1600000  1.0000  2  75.0000  1000.0230  1.0000
1610000  1.0000  2  75.0000  1000.0220  1.0000
1620000  1.0000  2  75.0000  1000.0206  1.0000
1630000  1.0000  2  75.0000  1000.0209  1.0000
1640000  1.0000  2  75.0000  1000.0221  1.0000
1650000  1.0000  2  75.0000  1000.0234  1.0000
1660000  1.0000  2  75.0000  1000.0228  1.0000
1670000  1.0000  2  75.0000  1000.0217  1.0000
1680000  1.0000  2  75.0000  1000.0226  1.0000
1690000  1.0000  2  75.0000  1000.0240  1.0000
1700000  1.0000  2  75.0000  1000.0251  1.0000
1710000  1.0000  2  75.0000  1000.0237  1.0000
1720000  1.0000  2  75.0000  1000.0217  1.0000
1730000  1.0000  2  75.0000  1000.0228  1.0000
1740000  1.0000  2  75.0000  1000.0240  1.0000
1750000  1.0000  2  75.0000  1000.0263  1.0000
1760000  1.0000  2  75.0000  1000.0250  1.0000
1770000  1.0000  2  75.0000  1000.0238  1.0000
1780000  1.0000  2  75.0000  1000.0248  1.0000
1790000  1.0000  2  75.0000  1000.0262  1.0000
1800000  1.0000  2  75.0000  1000.0288  1.0000
1810000  1.0000  2  75.0000  1000.0273  1.0000
1820000  1.0000  2  75.0000  1000.0248  1.0000
1830000  1.0000  2  75.0000  1000.0253  1.0000
1840000  1.0000  2  75.0000  1000.0263  1.0000
1850000  1.0000  2  75.0000  1000.0294  1.0000
1860000  1.0000  2  75.0000  1000.0274  1.0000
1870000  1.0000  2  75.0000  1000.0260  1.0000
1880000  1.0000  2  75.0000  1000.0265  1.0000
1890000  1.0000  2  75.0000  1000.0285  1.0000
1900000  1.0000  2  75.0000  1000.0314  1.0000
1910000  1.0000  2  75.0000  1000.0297  1.0000
1920000  1.0000  2  75.0000  1000.0271  1.0000
1930000  1.0000  2  75.0000  1000.0274  1.0000
1940000  1.0000  2  75.0000  1000.0294  1.0000
1950000  1.0000  2  75.0000  1000.0334  1.0000
1960000  1.0000  2  75.0000  1000.0315  1.0000
1970000  1.0000  2  75.0000  1000.0288  1.0000
1980000  1.0000  2  75.0000  1000.0294  1.0000
1990000  1.0000  2  75.0000  1000.0315  1.0000
2000000  1.0000  2  75.0000  1000.0364  1.0000
