1500  1.1420  1.1420  97.3196
3000  1.1433  1.1426  97.2098
4500  1.1411  1.1421  97.3929
6000  1.1412  1.1419  97.3859
7500  1.1394  1.1414  97.5385
9000  1.1396  1.1411  97.5182
10500  1.1402  1.1410  97.4701
12000  1.1418  1.1411  97.3312
13500  1.1438  1.1414  97.1683
15000  1.1412  1.1414  97.3856
16500  1.1409  1.1413  97.4074
18000  1.1450  1.1416  97.0660
19500  1.1458  1.1419  96.9945
21000  1.1435  1.1421  97.1880
22500  1.1446  1.1422  97.0988
24000  1.1425  1.1422  97.2754
25500  1.1414  1.1422  97.3728
27000  1.1416  1.1422  97.3501
28500  1.1447  1.1423  97.0842
30000  1.1430  1.1423  97.2293
31500  1.1435  1.1424  97.1908
33000  1.1455  1.1425  97.0227
34500  1.1461  1.1427  96.9721
36000  1.1442  1.1427  97.1281
37500  1.1459  1.1429  96.9837
39000  1.1475  1.1431  96.8492
40500  1.1462  1.1432  96.9588
42000  1.1438  1.1432  97.1685
43500  1.1429  1.1432  97.2377
45000  1.1411  1.1431  97.3911
46500  1.1460  1.1432  96.9808
48000  1.1469  1.1433  96.8977
49500  1.1476  1.1435  96.8437
51000  1.1477  1.1436  96.8309
52500  1.1473  1.1437  96.8699
54000  1.1497  1.1438  96.6673
55500  1.1485  1.1440  96.7688
57000  1.1449  1.1440  97.0714
58500  1.1437  1.1440  97.1756
60000  1.1450  1.1440  97.0653
61500  1.1439  1.1440  97.1586
63000  1.1401  1.1439  97.4767
64500  1.1409  1.1438  97.4070
66000  1.1404  1.1438  97.4561
67500  1.1418  1.1437  97.3322
69000  1.1445  1.1437  97.1072
70500  1.1405  1.1437  97.4479
72000  1.1398  1.1436  97.5053
73500  1.1405  1.1435  97.4451
75000  1.1402  1.1435  97.4690
76500  1.1417  1.1434  97.3392
78000  1.1429  1.1434  97.2415
79500  1.1438  1.1434  97.1659
81000  1.1441  1.1434  97.1351
82500  1.1435  1.1434  97.1923
84000  1.1404  1.1434  97.4500
85500  1.1405  1.1433  97.4463
87000  1.1418  1.1433  97.3313
88500  1.1406  1.1433  97.4379
90000  1.1408  1.1432  97.4182
91500  1.1416  1.1432  97.3482
93000  1.1408  1.1432  97.4166
94500  1.1379  1.1431  97.6710
96000  1.1365  1.1430  97.7876
97500  1.1380  1.1429  97.6562
99000  1.1369  1.1428  97.7582
100500  1.1366  1.1427  97.7772
102000  1.1391  1.1427  97.5682
103500  1.1395  1.1426  97.5318
105000  1.1407  1.1426  97.4265
106500  1.1397  1.1425  97.5123
108000  1.1398  1.1425  97.5038
109500  1.1423  1.1425  97.2902
111000  1.1424  1.1425  97.2857
112500  1.1434  1.1425  97.1988
114000  1.1453  1.1426  97.0334
115500  1.1434  1.1426  97.1996
117000  1.1443  1.1426  97.1210
118500  1.1449  1.1426  97.0741
120000  1.1429  1.1426  97.2411
121500  1.1399  1.1426  97.4954
123000  1.1394  1.1425  97.5357
124500  1.1411  1.1425  97.3905
126000  1.1387  1.1425  97.5977
127500  1.1379  1.1424  97.6650
129000  1.1421  1.1424  97.3124
130500  1.1419  1.1424  97.3227
132000  1.1444  1.1424  97.1115
133500  1.1450  1.1425  97.0611
135000  1.1453  1.1425  97.0353
136500  1.1436  1.1425  97.1844
138000  1.1425  1.1425  97.2712
139500  1.1397  1.1425  97.5153
141000  1.1388  1.1424  97.5868
142500  1.1428  1.1425  97.2524
144000  1.1420  1.1424  97.3139
145500  1.1406  1.1424  97.4365
147000  1.1381  1.1424  97.6547
148500  1.1373  1.1423  97.7157
150000  1.1415  1.1423  97.3579
151500  1.1417  1.1423  97.3459
153000  1.1444  1.1423  97.1158
154500  1.1445  1.1424  97.1036
156000  1.1447  1.1424  97.0918
157500  1.1446  1.1424  97.0923
159000  1.1461  1.1424  96.9659
160500  1.1444  1.1425  97.1167
162000  1.1468  1.1425  96.9127
163500  1.1456  1.1425  97.0111
165000  1.1425  1.1425  97.2762
166500  1.1418  1.1425  97.3345
168000  1.1432  1.1425  97.2162
169500  1.1422  1.1425  97.2990
171000  1.1424  1.1425  97.2797
172500  1.1429  1.1425  97.2438
174000  1.1451  1.1425  97.0576
175500  1.1445  1.1426  97.1074
177000  1.1450  1.1426  97.0623
178500  1.1448  1.1426  97.0802
180000  1.1442  1.1426  97.1269
181500  1.1464  1.1426  96.9473
183000  1.1419  1.1426  97.3252
184500  1.1404  1.1426  97.4572
186000  1.1446  1.1426  97.0971
187500  1.1437  1.1426  97.1742
189000  1.1451  1.1427  97.0522
190500  1.1452  1.1427  97.0416
192000  1.1431  1.1427  97.2262
193500  1.1408  1.1427  97.4208
195000  1.1421  1.1427  97.3078
196500  1.1423  1.1427  97.2884
198000  1.1444  1.1427  97.1144
199500  1.1435  1.1427  97.1937
201000  1.1412  1.1427  97.3816
202500  1.1444  1.1427  97.1138
204000  1.1427  1.1427  97.2540
205500  1.1421  1.1427  97.3069
207000  1.1425  1.1427  97.2732
208500  1.1443  1.1427  97.1194
210000  1.1455  1.1427  97.0210
211500  1.1464  1.1427  96.9439
213000  1.1478  1.1428  96.8261
214500  1.1464  1.1428  96.9462
216000  1.1458  1.1428  96.9949
217500  1.1437  1.1428  97.1722
219000  1.1430  1.1428  97.2299
220500  1.1429  1.1428  97.2432
222000  1.1436  1.1428  97.1796
223500  1.1464  1.1429  96.9411
225000  1.1453  1.1429  97.0337
226500  1.1454  1.1429  97.0314
228000  1.1437  1.1429  97.1770
229500  1.1395  1.1429  97.5326
231000  1.1423  1.1429  97.2905
232500  1.1445  1.1429  97.1017
234000  1.1476  1.1429  96.8464
235500  1.1468  1.1429  96.9085
237000  1.1457  1.1430  97.0028
238500  1.1439  1.1430  97.1527
240000  1.1427  1.1430  97.2605
241500  1.1421  1.1430  97.3081
243000  1.1432  1.1430  97.2170
244500  1.1429  1.1430  97.2445
246000  1.1434  1.1430  97.2017
247500  1.1427  1.1430  97.2552
249000  1.1400  1.1429  97.4865
250500  1.1400  1.1429  97.4844
252000  1.1402  1.1429  97.4719
253500  1.1413  1.1429  97.3797
255000  1.1433  1.1429  97.2058
256500  1.1434  1.1429  97.2017
258000  1.1439  1.1429  97.1533
259500  1.1445  1.1429  97.1078
261000  1.1473  1.1429  96.8717
262500  1.1460  1.1430  96.9768
264000  1.1448  1.1430  97.0791
265500  1.1430  1.1430  97.2312
267000  1.1426  1.1430  97.2692
268500  1.1443  1.1430  97.1257
270000  1.1422  1.1430  97.2972
271500  1.1465  1.1430  96.9373
273000  1.1445  1.1430  97.1074
274500  1.1455  1.1430  97.0199
276000  1.1479  1.1430  96.8214
277500  1.1449  1.1430  97.0731
279000  1.1442  1.1431  97.1304
280500  1.1465  1.1431  96.9379
282000  1.1442  1.1431  97.1297
283500  1.1434  1.1431  97.1974
285000  1.1399  1.1431  97.4932
286500  1.1408  1.1430  97.4168
288000  1.1457  1.1431  97.0023
289500  1.1419  1.1431  97.3241
291000  1.1429  1.1431  97.2393
292500  1.1445  1.1431  97.1037
294000  1.1464  1.1431  96.9459
295500  1.1491  1.1431  96.7138
297000  1.1509  1.1432  96.5620
298500  1.1535  1.1432  96.3501
300000  1.1507  1.1432  96.5839
