10000  0.04951
20000  0.04575
30000  0.04342
40000  0.04214
50000  0.04132
60000  0.04076
70000  0.04053
80000  0.04047
90000  0.04046
100000  0.04051
110000  0.04056
120000  0.04055
130000  0.04045
140000  0.04038
150000  0.04039
160000  0.04042
170000  0.04041
180000  0.04039
190000  0.04034
200000  0.04042
210000  0.04044
220000  0.04036
230000  0.04040
240000  0.04043
250000  0.04046
260000  0.04042
270000  0.04041
280000  0.04042
290000  0.04028
300000  0.04036
310000  0.04038
320000  0.04044
330000  0.04043
340000  0.04039
350000  0.04038
360000  0.04039
370000  0.04047
380000  0.04040
390000  0.04040
400000  0.04042
410000  0.04046
420000  0.04050
430000  0.04043
440000  0.04051
450000  0.04056
460000  0.04051
470000  0.04050
480000  0.04045
490000  0.04042
500000  0.04049
510000  0.04052
520000  0.04048
530000  0.04055
540000  0.04046
550000  0.04045
560000  0.04049
570000  0.04047
580000  0.04049
590000  0.04060
600000  0.04054
610000  0.04049
620000  0.04045
630000  0.04058
640000  0.04064
650000  0.04051
660000  0.04056
670000  0.04042
680000  0.04037
690000  0.04032
700000  0.04037
710000  0.04042
720000  0.04043
730000  0.04045
740000  0.04047
750000  0.04040
760000  0.04042
770000  0.04042
780000  0.04036
790000  0.04042
800000  0.04036
810000  0.04044
820000  0.04037
830000  0.04045
840000  0.04040
850000  0.04034
860000  0.04038
870000  0.04049
880000  0.04050
890000  0.04056
900000  0.04048
910000  0.04041
920000  0.04039
930000  0.04027
940000  0.04042
950000  0.04038
960000  0.04032
970000  0.04031
980000  0.04043
990000  0.04047
1000000  0.04038
1010000  0.04037
1020000  0.04042
1030000  0.04038
1040000  0.04029
1050000  0.04029
1060000  0.04035
1070000  0.04033
1080000  0.04050
1090000  0.04046
1100000  0.04044
1110000  0.04030
1120000  0.04023
1130000  0.04030
1140000  0.04027
1150000  0.04024
1160000  0.04027
1170000  0.04029
1180000  0.04031
1190000  0.04029
1200000  0.04027
1210000  0.04020
1220000  0.04024
1230000  0.04038
1240000  0.04034
1250000  0.04034
1260000  0.04055
1270000  0.04062
1280000  0.04050
1290000  0.04051
1300000  0.04055
1310000  0.04051
1320000  0.04045
1330000  0.04043
1340000  0.04043
1350000  0.04036
1360000  0.04034
1370000  0.04033
1380000  0.04017
1390000  0.04023
1400000  0.04025
1410000  0.04024
1420000  0.04038
1430000  0.04043
1440000  0.04045
1450000  0.04038
1460000  0.04042
1470000  0.04047
1480000  0.04043
1490000  0.04035
1500000  0.04035
1510000  0.04028
1520000  0.04031
1530000  0.04032
1540000  0.04030
1550000  0.04034
1560000  0.04027
1570000  0.04033
1580000  0.04036
1590000  0.04029
1600000  0.04025
1610000  0.04028
1620000  0.04031
1630000  0.04028
1640000  0.04022
1650000  0.04031
1660000  0.04036
1670000  0.04026
1680000  0.04033
1690000  0.04029
1700000  0.04034
1710000  0.04028
1720000  0.04025
1730000  0.04020
1740000  0.04021
1750000  0.04021
1760000  0.04027
1770000  0.04029
1780000  0.04034
1790000  0.04033
1800000  0.04028
1810000  0.04026
1820000  0.04025
1830000  0.04028
1840000  0.04025
1850000  0.04021
1860000  0.04021
1870000  0.04019
1880000  0.04019
1890000  0.04013
1900000  0.04015
1910000  0.04016
1920000  0.04013
1930000  0.04019
1940000  0.04015
1950000  0.04015
1960000  0.04007
1970000  0.04004
1980000  0.04008
1990000  0.04014
2000000  0.04010
