1500  1.3187  1.3187  55.6905
3000  1.3173  1.3180  55.7464
4500  1.3158  1.3173  55.8134
6000  1.3144  1.3165  55.8706
7500  1.3134  1.3159  55.9139
9000  1.3127  1.3154  55.9443
10500  1.3124  1.3150  55.9556
12000  1.3122  1.3146  55.9640
13500  1.3119  1.3143  55.9794
15000  1.3112  1.3140  56.0065
16500  1.3104  1.3137  56.0424
18000  1.3094  1.3133  56.0825
19500  1.3086  1.3129  56.1203
21000  1.3079  1.3126  56.1507
22500  1.3075  1.3122  56.1639
24000  1.3075  1.3120  56.1655
25500  1.3077  1.3117  56.1563
27000  1.3082  1.3115  56.1358
28500  1.3087  1.3114  56.1139
30000  1.3088  1.3112  56.1108
31500  1.3085  1.3111  56.1247
33000  1.3080  1.3110  56.1441
34500  1.3078  1.3108  56.1524
36000  1.3082  1.3107  56.1370
37500  1.3089  1.3106  56.1064
39000  1.3097  1.3106  56.0730
40500  1.3103  1.3106  56.0450
42000  1.3108  1.3106  56.0261
43500  1.3110  1.3106  56.0154
45000  1.3111  1.3106  56.0101
46500  1.3112  1.3106  56.0075
48000  1.3111  1.3107  56.0133
49500  1.3107  1.3107  56.0305
51000  1.3103  1.3107  56.0462
52500  1.3103  1.3106  56.0457
54000  1.3106  1.3106  56.0325
55500  1.3109  1.3106  56.0206
57000  1.3110  1.3107  56.0169
58500  1.3110  1.3107  56.0167
60000  1.3112  1.3107  56.0067
61500  1.3117  1.3107  55.9865
63000  1.3122  1.3107  55.9642
64500  1.3129  1.3108  55.9339
66000  1.3137  1.3109  55.9022
67500  1.3142  1.3109  55.8804
69000  1.3146  1.3110  55.8640
70500  1.3149  1.3111  55.8478
72000  1.3153  1.3112  55.8311
73500  1.3158  1.3113  55.8121
75000  1.3163  1.3114  55.7916
76500  1.3168  1.3115  55.7692
78000  1.3174  1.3116  55.7437
79500  1.3179  1.3117  55.7226
81000  1.3182  1.3118  55.7102
82500  1.3183  1.3120  55.7043
84000  1.3184  1.3121  55.7011
85500  1.3185  1.3122  55.6953
87000  1.3187  1.3123  55.6889
88500  1.3189  1.3124  55.6817
90000  1.3190  1.3125  55.6752
91500  1.3190  1.3126  55.6762
93000  1.3188  1.3127  55.6866
94500  1.3184  1.3128  55.7034
96000  1.3180  1.3129  55.7182
97500  1.3179  1.3130  55.7210
99000  1.3181  1.3130  55.7160
100500  1.3181  1.3131  55.7140
102000  1.3180  1.3132  55.7170
103500  1.3180  1.3133  55.7169
105000  1.3183  1.3133  55.7069
106500  1.3185  1.3134  55.6953
108000  1.3187  1.3135  55.6901
109500  1.3188  1.3136  55.6859
111000  1.3190  1.3136  55.6770
112500  1.3192  1.3137  55.6676
114000  1.3194  1.3138  55.6583
115500  1.3200  1.3139  55.6347
117000  1.3208  1.3139  55.6009
118500  1.3214  1.3140  55.5760
120000  1.3216  1.3141  55.5654
121500  1.3218  1.3142  55.5582
123000  1.3222  1.3143  55.5399
124500  1.3230  1.3144  55.5074
126000  1.3237  1.3145  55.4802
127500  1.3239  1.3147  55.4708
129000  1.3239  1.3148  55.4717
130500  1.3240  1.3149  55.4676
132000  1.3243  1.3150  55.4524
133500  1.3246  1.3151  55.4419
135000  1.3246  1.3152  55.4408
136500  1.3246  1.3153  55.4402
138000  1.3247  1.3154  55.4383
139500  1.3248  1.3155  55.4322
141000  1.3250  1.3156  55.4259
142500  1.3250  1.3157  55.4240
144000  1.3250  1.3158  55.4221
145500  1.3253  1.3159  55.4110
147000  1.3259  1.3160  55.3853
148500  1.3267  1.3161  55.3516
150000  1.3275  1.3162  55.3211
151500  1.3280  1.3163  55.2983
153000  1.3285  1.3164  55.2774
154500  1.3288  1.3166  55.2670
156000  1.3288  1.3167  55.2654
157500  1.3288  1.3168  55.2636
159000  1.3289  1.3169  55.2611
160500  1.3288  1.3170  55.2673
162000  1.3283  1.3171  55.2853
163500  1.3278  1.3172  55.3060
165000  1.3273  1.3173  55.3261
166500  1.3268  1.3174  55.3487
168000  1.3264  1.3175  55.3665
169500  1.3261  1.3176  55.3800
171000  1.3256  1.3176  55.4009
172500  1.3247  1.3177  55.4385
174000  1.3235  1.3177  55.4887
175500  1.3223  1.3178  55.5390
177000  1.3211  1.3178  55.5867
178500  1.3203  1.3178  55.6225
180000  1.3199  1.3178  55.6385
181500  1.3196  1.3179  55.6507
183000  1.3191  1.3179  55.6714
184500  1.3184  1.3179  55.6999
186000  1.3178  1.3179  55.7255
187500  1.3177  1.3179  55.7326
189000  1.3179  1.3179  55.7227
190500  1.3180  1.3179  55.7174
192000  1.3180  1.3179  55.7203
193500  1.3178  1.3179  55.7287
195000  1.3174  1.3179  55.7427
196500  1.3171  1.3179  55.7581
198000  1.3168  1.3179  55.7691
199500  1.3169  1.3179  55.7648
201000  1.3174  1.3178  55.7457
202500  1.3179  1.3178  55.7208
204000  1.3186  1.3179  55.6915
205500  1.3194  1.3179  55.6614
207000  1.3201  1.3179  55.6288
208500  1.3209  1.3179  55.5972
210000  1.3215  1.3179  55.5689
211500  1.3222  1.3180  55.5422
213000  1.3229  1.3180  55.5128
214500  1.3237  1.3180  55.4794
216000  1.3244  1.3181  55.4474
217500  1.3251  1.3181  55.4218
219000  1.3256  1.3182  55.4001
220500  1.3261  1.3182  55.3790
222000  1.3266  1.3183  55.3582
223500  1.3270  1.3183  55.3396
225000  1.3275  1.3184  55.3204
226500  1.3281  1.3185  55.2959
228000  1.3289  1.3185  55.2625
229500  1.3296  1.3186  55.2324
231000  1.3301  1.3187  55.2112
232500  1.3303  1.3188  55.2041
234000  1.3301  1.3188  55.2101
235500  1.3300  1.3189  55.2156
237000  1.3301  1.3190  55.2132
238500  1.3303  1.3190  55.2036
240000  1.3307  1.3191  55.1866
241500  1.3314  1.3192  55.1570
243000  1.3325  1.3193  55.1127
244500  1.3337  1.3194  55.0625
246000  1.3347  1.3195  55.0220
247500  1.3353  1.3196  54.9968
249000  1.3357  1.3197  54.9818
250500  1.3358  1.3198  54.9747
252000  1.3361  1.3198  54.9651
253500  1.3364  1.3199  54.9516
255000  1.3371  1.3200  54.9244
256500  1.3380  1.3202  54.8847
258000  1.3389  1.3203  54.8503
259500  1.3393  1.3204  54.8305
261000  1.3394  1.3205  54.8273
262500  1.3392  1.3206  54.8344
264000  1.3391  1.3207  54.8418
265500  1.3389  1.3208  54.8495
267000  1.3384  1.3209  54.8676
268500  1.3376  1.3210  54.9013
270000  1.3368  1.3211  54.9341
271500  1.3362  1.3212  54.9600
273000  1.3359  1.3212  54.9732
274500  1.3360  1.3213  54.9665
276000  1.3366  1.3214  54.9424
277500  1.3375  1.3215  54.9069
279000  1.3381  1.3216  54.8828
280500  1.3381  1.3217  54.8796
282000  1.3381  1.3218  54.8797
283500  1.3380  1.3218  54.8863
285000  1.3374  1.3219  54.9108
286500  1.3363  1.3220  54.9547
288000  1.3352  1.3221  55.0020
289500  1.3342  1.3221  55.0404
291000  1.3336  1.3222  55.0660
292500  1.3331  1.3222  55.0854
294000  1.3325  1.3223  55.1114
295500  1.3319  1.3223  55.1372
297000  1.3314  1.3224  55.1588
298500  1.3308  1.3224  55.1811
300000  1.3301  1.3225  55.2107
