         0    6949.3862   538.4816   149.9949   0.0000000   0.0000000    1101.0616   484.4350   149.9969   0.0000000   0.0000000 
     20000    6949.0215   539.8305   149.9582   0.0000674  -0.0000018    1099.8718   498.1844   150.0061   0.0006875   0.0000005 
     40000    6957.3994   546.0615   149.8795   0.0003115  -0.0000039    1099.3209   505.6645   149.9781   0.0003740  -0.0000014 
     60000    6961.3096   557.0126   149.8426   0.0005476  -0.0000018    1098.6024   515.3656   149.9854   0.0004851   0.0000004 
     80000    6961.0117   571.2244   149.7444   0.0007106  -0.0000049    1098.7766   526.1178   149.9699   0.0005376  -0.0000008 
    100000    6960.9346   585.5045   149.2404   0.0007140  -0.0000252    1099.3619   539.6002   150.4133   0.0006741   0.0000222 
    120000    6956.9614   599.7438   149.2556   0.0007120   0.0000008    1099.9298   553.9191   150.6305   0.0007159   0.0000109 
    140000    6958.7969   613.9285   149.1827   0.0007092  -0.0000036    1100.6494   568.1638   150.5354   0.0007122  -0.0000048 
    160000    6958.4907   628.0763   149.2565   0.0007074   0.0000037    1100.2856   582.2408   150.6491   0.0007038   0.0000057 
    180000    6955.3657   642.1535   149.4181   0.0007039   0.0000081    1100.1885   596.2197   150.7218   0.0006989   0.0000036 
    200000    6917.6611   656.2956   150.9412   0.0007071   0.0000762    1100.2457   610.1003   150.7539   0.0006940   0.0000016 
    220000    6988.3818   670.5314   148.9262   0.0007118  -0.0001008    1100.3058   623.9045   150.7500   0.0006902  -0.0000002 
    240000    6927.0332   684.6635   150.6255   0.0007066   0.0000850    1100.2305   637.6512   150.7647   0.0006873   0.0000007 
    260000    6988.3481   699.0417   148.7802   0.0007189  -0.0000923    1100.4432   651.3557   150.6901   0.0006852  -0.0000037 
    280000    6929.0835   713.3062   150.6588   0.0007132   0.0000939    1100.4520   665.0233   150.6281   0.0006834  -0.0000031 
    300000    6952.1025   727.6249   150.2599   0.0007159  -0.0000199    1100.3829   678.6340   150.5846   0.0006805  -0.0000022 
    320000    6957.2715   742.0090   150.1069   0.0007192  -0.0000077    1100.5920   692.2621   150.4880   0.0006814  -0.0000048 
    340000    6957.9019   756.4445   149.9778   0.0007218  -0.0000065    1100.5258   705.8963   150.4403   0.0006817  -0.0000024 
    360000    6958.3374   770.9446   149.8794   0.0007250  -0.0000049    1100.6908   719.5394   150.3410   0.0006822  -0.0000050 
    380000    6956.3921   785.5215   149.8887   0.0007288   0.0000005    1100.5988   733.2230   150.2826   0.0006842  -0.0000029 
    400000    6957.9048   800.1313   149.7799   0.0007305  -0.0000054    1100.7853   746.9453   150.1552   0.0006861  -0.0000064 
    420000    6957.9907   814.8303   149.6870   0.0007350  -0.0000046    1100.7195   760.7054   150.0522   0.0006880  -0.0000052 
    440000    6958.0962   829.6115   149.5536   0.0007391  -0.0000067    1100.8938   774.5052   149.8716   0.0006900  -0.0000090 
    460000    6958.1030   844.4613   149.3794   0.0007425  -0.0000087    1100.8438   788.3577   149.7038   0.0006926  -0.0000084 
    480000    6957.7642   859.3472   149.2194   0.0007443  -0.0000080    1101.2321   802.2882   149.4525   0.0006965  -0.0000126 
    500000    6957.3540   874.3202   149.1310   0.0007487  -0.0000044    1099.7234   816.2798   149.6857   0.0006996   0.0000117 
    520000    6957.1880   889.3480   149.0964   0.0007514  -0.0000017    1101.4351   830.3571   149.3161   0.0007039  -0.0000185 
    540000    6956.8579   904.4415   149.0973   0.0007547   0.0000000    1100.2872   844.5269   149.4876   0.0007085   0.0000086 
    560000    6955.8291   919.5688   149.1355   0.0007564   0.0000019    1100.2351   858.7881   149.5175   0.0007131   0.0000015 
    580000    6956.0732   934.7414   149.1332   0.0007586  -0.0000001    1100.2804   873.1591   149.5452   0.0007185   0.0000014 
    600000    6955.2710   949.9907   149.1623   0.0007625   0.0000015    1100.2666   887.6594   149.5867   0.0007250   0.0000021 
    620000    6955.3164   965.3224   149.1679   0.0007666   0.0000003    1100.3146   902.2606   149.6052   0.0007301   0.0000009 
    640000    6954.6943   980.6895   149.1911   0.0007684   0.0000012    1100.4230   917.0004   149.6213   0.0007370   0.0000008 
    660000    6952.4546   996.1307   149.3017   0.0007721   0.0000055    1100.4052   931.8809   149.6434   0.0007440   0.0000011 
    680000    6955.0820    11.6319   149.2525   0.0007751  -0.0000025    1100.3145   946.9153   149.7009   0.0007517   0.0000029 
    700000    6955.3008    27.1898   149.2514   0.0007779  -0.0000001    1100.3798   962.1066   149.7083   0.0007596   0.0000004 
    720000    6955.9653    42.8089   149.2245   0.0007810  -0.0000013    1100.4783   977.4595   149.7027   0.0007676  -0.0000003 
    740000    6956.1475    58.4708   149.1972   0.0007831  -0.0000014    1100.4895   992.9777   149.6781   0.0007759  -0.0000012 
    760000    6956.2031    74.2139   149.1640   0.0007872  -0.0000017    1100.4564     8.6659   149.6832   0.0007844   0.0000003 
    780000    6956.1343    90.0122   149.1422   0.0007899  -0.0000011    1100.5150    24.5245   149.6977   0.0007929   0.0000007 
    800000    6956.0386   105.8286   149.1156   0.0007908  -0.0000013    1100.7413    40.5531   149.6339   0.0008014  -0.0000032 
    820000    6955.9077   121.7307   149.0739   0.0007951  -0.0000021    1100.6233    56.7527   149.5854   0.0008100  -0.0000024 
    840000    6955.8335   137.6874   148.9986   0.0007978  -0.0000038    1100.6135    73.1174   149.5480   0.0008182  -0.0000019 
    860000    6955.8540   153.6284   148.8636   0.0007970  -0.0000067    1100.5248    89.6481   149.4859   0.0008265  -0.0000031 
    880000    6956.0542   169.6840   148.6632   0.0008028  -0.0000100    1100.5426   106.3443   149.3681   0.0008348  -0.0000059 
    900000    6956.1694   185.7659   148.4306   0.0008041  -0.0000116    1100.5885   123.1855   149.2204   0.0008421  -0.0000074 
    920000    6956.0420   201.8880   148.1918   0.0008061  -0.0000119    1100.7445   140.1247   149.0451   0.0008470  -0.0000088 
    940000    6955.9595   218.0463   147.9483   0.0008079  -0.0000122    1100.7354   157.1663   148.9037   0.0008521  -0.0000071 
    960000    6955.9893   234.2642   147.7107   0.0008109  -0.0000119    1100.6144   174.3230   148.7902   0.0008578  -0.0000057 
    980000    6955.9976   250.5162   147.5762   0.0008126  -0.0000067    1100.6970   191.5833   148.6844   0.0008630  -0.0000053 
   1000000    6955.7207   266.8034   147.5304   0.0008144  -0.0000023    1100.6903   208.8965   148.6350   0.0008657  -0.0000025 
   1020000    6954.9800   283.1258   147.5467   0.0008161   0.0000008    1100.6548   226.2402   148.6248   0.0008672  -0.0000005 
   1040000    6954.8838   299.4802   147.5767   0.0008177   0.0000015    1100.7518   243.5971   148.6022   0.0008678  -0.0000011 
   1060000    6955.1675   315.8658   147.6050   0.0008193   0.0000014    1100.7035   260.9489   148.6260   0.0008676   0.0000012 
   1080000    6954.7075   332.2652   147.6618   0.0008200   0.0000028    1100.8492   278.2693   148.6122   0.0008660  -0.0000007 
   1100000    6955.4751   348.6825   147.6842   0.0008209   0.0000011    1100.8722   295.5379   148.6231   0.0008634   0.0000005 
   1120000    6954.9697   365.0830   147.7490   0.0008200   0.0000032    1100.8560   312.7470   148.6422   0.0008605   0.0000010 
   1140000    6954.8120   381.5839   147.7927   0.0008250   0.0000022    1100.7601   329.8766   148.6751   0.0008565   0.0000016 
   1160000    6954.3955   398.1935   147.8014   0.0008305   0.0000004    1100.8221   346.9123   148.6722   0.0008518  -0.0000001 
   1180000    6955.3691   414.7710   147.7318   0.0008289  -0.0000035    1100.7455   363.8468   148.6963   0.0008467   0.0000012 
   1200000    6955.9268   431.3726   147.6594   0.0008301  -0.0000036    1100.8375   380.6787   148.6953   0.0008416  -0.0000001 
   1220000    6956.3809   448.0627   147.6605   0.0008345   0.0000001    1100.7815   397.4100   148.7306   0.0008366   0.0000018 
   1240000    6956.7031   464.8506   147.6506   0.0008394  -0.0000005    1100.8727   414.0372   148.7268   0.0008314  -0.0000002 
   1260000    6955.6934   481.6823   147.6920   0.0008416   0.0000021    1100.8323   430.5551   148.7375   0.0008259   0.0000005 
   1280000    6956.7485   498.5780   147.6595   0.0008448  -0.0000016    1100.8500   446.9646   148.7462   0.0008205   0.0000004 
   1300000    6956.6689   515.5359   147.6542   0.0008479  -0.0000003    1100.9661   463.2578   148.7460   0.0008147  -0.0000000 
   1320000    6956.9702   532.5721   147.6308   0.0008518  -0.0000012    1101.0303   479.4397   148.7249   0.0008091  -0.0000011 
   1340000    6957.0537   549.6855   147.5909   0.0008557  -0.0000020    1101.0298   495.5176   148.7265   0.0008039   0.0000001 
   1360000    6956.8906   566.8220   147.5504   0.0008568  -0.0000020    1101.0286   511.5044   148.7306   0.0007993   0.0000002 
   1380000    6956.3047   584.0110   147.5463   0.0008595  -0.0000002    1101.1542   527.4120   148.6987   0.0007954  -0.0000016 
   1400000    6956.4844   601.2911   147.5081   0.0008640  -0.0000019    1101.4747   543.2544   148.6018   0.0007921  -0.0000048 
   1420000    6954.6914   618.7469   147.5583   0.0008728   0.0000025    1100.8806   559.0359   148.7099   0.0007891   0.0000054 
   1440000    6954.5063   636.1432   147.5777   0.0008698   0.0000010    1100.9191   574.7628   148.7297   0.0007863   0.0000010 
   1460000    6953.7637   653.4827   147.6228   0.0008670   0.0000023    1100.8843   590.4312   148.7705   0.0007834   0.0000020 
   1480000    6952.6235   670.9788   147.6998   0.0008748   0.0000039    1101.1326   606.0572   148.7349   0.0007813  -0.0000018 
   1500000    6954.9082   688.5507   147.6531   0.0008786  -0.0000023    1101.0884   621.6534   148.7435   0.0007798   0.0000004 
   1520000    6954.7363   706.1773   147.6609   0.0008813   0.0000004    1101.2943   637.2291   148.6965   0.0007788  -0.0000023 
   1540000    6954.8755   723.8663   147.6484   0.0008844  -0.0000006    1100.9735   652.7965   148.7680   0.0007784   0.0000036 
   1560000    6955.2373   741.6248   147.6270   0.0008879  -0.0000011    1101.2031   668.3644   148.7387   0.0007784  -0.0000015 
   1580000    6955.7227   759.4407   147.6002   0.0008908  -0.0000013    1101.0720   683.9420   148.7805   0.0007789   0.0000021 
   1600000    6956.0420   777.3252   147.5696   0.0008942  -0.0000015    1101.2156   699.5351   148.7702   0.0007797  -0.0000005 
   1620000    6956.0508   795.2603   147.5422   0.0008968  -0.0000014    1101.2185   715.1479   148.7688   0.0007806  -0.0000001 
   1640000    6956.2104   813.2808   147.5177   0.0009010  -0.0000012    1101.1738   730.7907   148.7892   0.0007821   0.0000010 
   1660000    6956.2290   831.3230   147.5033   0.0009021  -0.0000007    1101.3762   746.4601   148.7578   0.0007835  -0.0000016 
   1680000    6956.0254   849.4408   147.5029   0.0009059  -0.0000000    1101.2487   762.1565   148.7783   0.0007848   0.0000010 
   1700000    6955.5894   867.6275   147.5140   0.0009093   0.0000006    1101.2754   777.8722   148.7926   0.0007858   0.0000007 
   1720000    6954.7212   885.8557   147.5442   0.0009114   0.0000015    1101.4906   793.5996   148.7452   0.0007864  -0.0000024 
   1740000    6954.9980   904.0523   147.5470   0.0009098   0.0000001    1101.3821   809.3275   148.7651   0.0007864   0.0000010 
   1760000    6954.9775   922.3166   147.5680   0.0009132   0.0000010    1101.2317   825.0396   148.8169   0.0007856   0.0000026 
   1780000    6955.3740   940.6132   147.5716   0.0009148   0.0000002    1101.3921   840.7129   148.8101   0.0007837  -0.0000003 
   1800000    6955.8008   958.9246   147.5957   0.0009156   0.0000012    1101.2556   856.3116   148.8640   0.0007799   0.0000027 
   1820000    6956.0571   977.2523   147.6398   0.0009164   0.0000022    1101.2996   871.8070   148.8901   0.0007748   0.0000013 
   1840000    6955.4927   995.6133   147.7137   0.0009181   0.0000037    1101.4792   887.1561   148.8758   0.0007675  -0.0000007 
   1860000    6955.7769    14.0123   147.7646   0.0009199   0.0000025    1101.4901   902.3049   148.8837   0.0007574   0.0000004 
   1880000    6955.8696    32.4629   147.8115   0.0009225   0.0000023    1101.2780   917.1733   148.9539   0.0007434   0.0000035 
   1900000    6956.0034    50.9884   147.8424   0.0009263   0.0000015    1101.3257   931.6575   148.9771   0.0007242   0.0000012 
   1920000    6955.6060    69.5699   147.8825   0.0009291   0.0000020    1101.5154   945.6219   148.9546   0.0006982  -0.0000011 
   1940000    6955.1079    88.2506   147.9278   0.0009340   0.0000023    1101.5127   958.9258   148.9621   0.0006652   0.0000004 
   1960000    6954.2300   107.1113   147.9826   0.0009430   0.0000027    1101.2201   971.6452   149.0387   0.0006360   0.0000038 
   1980000    6955.2007   127.3251   148.0551   0.0010107   0.0000036    1101.0837   983.6816   149.0934   0.0006018   0.0000027 
   2000000    6953.5649   148.1475   148.3492   0.0010411   0.0000147    1101.2666   990.0657   149.0809   0.0003192  -0.0000006 
   2020000    6955.2471   169.0489   148.4000   0.0010451   0.0000025    1101.1627   992.8826   149.1160   0.0001408   0.0000018 
   2040000    6954.7754   189.9568   148.4462   0.0010454   0.0000023    1101.1105   993.9044   149.1430   0.0000511   0.0000014 
   2060000    6953.8735   210.8685   148.5175   0.0010456   0.0000036    1100.9840   993.5608   149.1953  -0.0000172   0.0000026 
   2080000    6953.3872   231.7768   148.6000   0.0010454   0.0000041    1101.0850   991.9929   149.1984  -0.0000784   0.0000002 
   2100000    6956.5952   252.6834   148.5390   0.0010453  -0.0000030    1101.2688   989.3768   149.1701  -0.0001308  -0.0000014 
   2120000    6957.2236   273.5780   148.5018   0.0010447  -0.0000019    1101.0380   985.9399   149.2258  -0.0001718   0.0000028 
   2140000    6957.3794   294.4584   148.4745   0.0010440  -0.0000014    1101.0566   981.9191   149.2417  -0.0002010   0.0000008 
   2160000    6957.0278   315.3145   148.4837   0.0010428   0.0000005    1100.9087   977.5160   149.3028  -0.0002202   0.0000031 
   2180000    6958.1138   336.1624   148.4260   0.0010424  -0.0000029    1101.2793   972.9052   149.2403  -0.0002305  -0.0000031 
   2200000    6958.1572   356.9965   148.3849   0.0010417  -0.0000021    1101.0811   968.2349   149.2810  -0.0002335   0.0000020 
   2220000    6957.7944   377.8183   148.3484   0.0010411  -0.0000018    1100.9045   963.6217   149.3412  -0.0002307   0.0000030 
   2240000    6957.7891   398.6251   148.3019   0.0010403  -0.0000023    1101.1182   959.1493   149.3198  -0.0002236  -0.0000011 
   2260000    6957.1846   419.3775   148.2830   0.0010376  -0.0000009    1101.0643   954.8690   149.3401  -0.0002140   0.0000010 
   2280000    6956.3198   440.1299   148.2950   0.0010376   0.0000006    1101.1661   950.8087   149.3244  -0.0002030  -0.0000008 
   2300000    6955.3960   460.8878   148.3459   0.0010379   0.0000025    1100.9095   946.9677   149.3895  -0.0001921   0.0000033 
   2320000    6953.5059   481.6409   148.4581   0.0010377   0.0000056    1101.0333   943.3401   149.3863  -0.0001814  -0.0000002 
   2340000    6954.0874   502.4201   148.4918   0.0010390   0.0000017    1101.1074   939.9012   149.3787  -0.0001719  -0.0000004 
   2360000    6952.9033   523.2256   148.5892   0.0010403   0.0000049    1101.1534   936.6279   149.3694  -0.0001637  -0.0000005 
   2380000    6952.5532   544.0571   148.6911   0.0010416   0.0000051    1100.9828   933.4884   149.4111  -0.0001570   0.0000021 
   2400000    6954.6133   564.9058   148.7005   0.0010424   0.0000005    1101.1123   930.4779   149.3956  -0.0001505  -0.0000008 
   2420000    6953.8042   585.7880   148.7916   0.0010441   0.0000046    1101.0143   927.5797   149.4247  -0.0001449   0.0000015 
   2440000    6955.8452   606.6442   148.7765   0.0010428  -0.0000008    1101.0630   924.8018   149.4247  -0.0001389   0.0000000 
   2460000    6956.9766   627.5504   148.7368   0.0010453  -0.0000020    1101.0350   922.1265   149.4383  -0.0001338   0.0000007 
   2480000    6957.0630   648.4794   148.7134   0.0010465  -0.0000012    1101.0909   919.5707   149.4320  -0.0001278  -0.0000003 
   2500000    6957.0908   669.4615   148.6875   0.0010491  -0.0000013    1101.1339   917.1031   149.4221  -0.0001234  -0.0000005 
   2520000    6956.6714   690.4449   148.6679   0.0010492  -0.0000010    1101.0657   914.7034   149.4347  -0.0001200   0.0000006 
   2540000    6956.7939   711.4393   148.6458   0.0010497  -0.0000011    1101.0312   912.3978   149.4443  -0.0001153   0.0000005 
   2560000    6956.6602   732.4563   148.6616   0.0010508   0.0000008    1101.0494   910.1780   149.4481  -0.0001110   0.0000002 
   2580000    6956.5005   753.4822   148.7308   0.0010513   0.0000035    1101.0017   908.0136   149.4643  -0.0001082   0.0000008 
   2600000    6956.4165   774.5187   148.9245   0.0010518   0.0000097    1101.0900   905.9111   149.4499  -0.0001051  -0.0000007 
   2620000    6956.1929   795.5625   149.3215   0.0010522   0.0000199    1101.0602   903.8824   149.4572  -0.0001014   0.0000004 
   2640000    6956.0513   816.5962   149.4823   0.0010517   0.0000080    1101.0245   901.9597   149.4686  -0.0000961   0.0000006 
   2660000    6955.8833   837.6387   149.5013   0.0010521   0.0000010    1101.0719   900.1456   149.4595  -0.0000907  -0.0000005 
   2680000    6955.6543   858.6710   149.5058   0.0010516   0.0000002    1101.0465   898.4317   149.4635  -0.0000857   0.0000002 
   2700000    6955.0913   879.7163   149.5300   0.0010523   0.0000012    1101.0017   896.8195   149.4737  -0.0000806   0.0000005 
   2720000    6955.4458   900.7739   149.5313   0.0010529   0.0000001    1101.0112   895.3303   149.4746  -0.0000745   0.0000000 
   2740000    6955.6064   921.7833   149.5333   0.0010505   0.0000001    1101.0197   893.9791   149.4696  -0.0000676  -0.0000003 
   2760000    6955.7021   942.7785   149.5362   0.0010498   0.0000001    1101.0338   892.7547   149.4654  -0.0000612  -0.0000002 
   2780000    6955.7817   963.7570   149.5391   0.0010489   0.0000001    1101.1522   891.6331   149.4330  -0.0000561  -0.0000016 
   2800000    6955.8237   984.7153   149.5424   0.0010479   0.0000002    1101.0530   890.5931   149.4428  -0.0000520   0.0000005 
   2820000    6955.9023     5.6533   149.5431   0.0010469   0.0000000    1101.0109   889.6449   149.4504  -0.0000474   0.0000004 
   2840000    6955.9199    26.5723   149.5448   0.0010460   0.0000001    1100.9917   888.7047   149.4568  -0.0000470   0.0000003 
   2860000    6956.1104    47.4724   149.5407   0.0010450  -0.0000002    1100.9976   887.7413   149.4606  -0.0000482   0.0000002 
   2880000    6956.5225    68.3668   149.5263   0.0010447  -0.0000007    1101.0184   886.7132   149.4608  -0.0000514   0.0000000 
   2900000    6956.2695    89.2413   149.5211   0.0010437  -0.0000003    1101.0115   885.5105   149.4663  -0.0000601   0.0000003 
   2920000    6956.0654   110.0853   149.5082   0.0010422  -0.0000006    1101.0485   884.1015   149.4615  -0.0000704  -0.0000002 
   2940000    6955.8989   130.9252   149.4989   0.0010420  -0.0000005    1100.9973   882.4781   149.4765  -0.0000812   0.0000007 
   2960000    6955.4258   151.7315   149.5039   0.0010403   0.0000002    1101.0198   880.6163   149.4846  -0.0000931   0.0000004 
   2980000    6955.3032   172.5335   149.5070   0.0010401   0.0000002    1101.0975   878.4934   149.4773  -0.0001061  -0.0000004 
   3000000    6955.3018   193.3247   149.5055   0.0010396  -0.0000001    1101.0417   876.1099   149.4936  -0.0001192   0.0000008 
   3020000    6955.3735   214.1103   149.5015   0.0010393  -0.0000002    1101.1572   873.4898   149.4747  -0.0001310  -0.0000009 
   3040000    6955.5649   234.8792   149.4989   0.0010384  -0.0000001    1101.1427   870.6075   149.4713  -0.0001441  -0.0000002 
   3060000    6955.8901   255.6465   149.4926   0.0010384  -0.0000003    1101.0217   867.5020   149.4937  -0.0001553   0.0000011 
   3080000    6956.1157   276.4125   149.4849   0.0010383  -0.0000004    1101.0193   864.2415   149.5021  -0.0001630   0.0000004 
   3100000    6956.4385   297.1731   149.4727   0.0010380  -0.0000006    1101.0215   860.8901   149.5085  -0.0001676   0.0000003 
   3120000    6956.4414   317.9314   149.4639   0.0010379  -0.0000004    1101.0259   857.4827   149.5119  -0.0001704   0.0000002 
   3140000    6956.6216   338.6978   149.4547   0.0010383  -0.0000005    1100.9241   854.0378   149.5405  -0.0001722   0.0000014 
   3160000    6956.7568   359.4601   149.4483   0.0010381  -0.0000003    1101.0304   850.6050   149.5254  -0.0001716  -0.0000008 
   3180000    6956.9854   380.2516   149.4388   0.0010396  -0.0000005    1101.0280   847.1985   149.5255  -0.0001703   0.0000000 
   3200000    6957.4868   401.0077   149.4181   0.0010378  -0.0000010    1101.0748   843.8530   149.5117  -0.0001673  -0.0000007 
   3220000    6956.4409   421.7917   149.4443   0.0010392   0.0000013    1101.1427   840.5669   149.4889  -0.0001643  -0.0000011 
   3240000    6955.8877   442.5851   149.4624   0.0010397   0.0000009    1101.0709   837.3537   149.4934  -0.0001607   0.0000002 
   3260000    6955.2627   463.3841   149.4877   0.0010399   0.0000013    1101.0211   834.2440   149.5040  -0.0001555   0.0000005 
   3280000    6954.6094   484.1926   149.5256   0.0010404   0.0000019    1101.1222   831.2454   149.4790  -0.0001499  -0.0000012 
   3300000    6953.8213   505.0209   149.5827   0.0010414   0.0000029    1101.0726   828.3632   149.4840  -0.0001441   0.0000003 
   3320000    6955.0122   525.8628   149.5685   0.0010421  -0.0000007    1101.0715   825.5980   149.4855  -0.0001383   0.0000001 
   3340000    6955.1924   546.7173   149.5792   0.0010427   0.0000005    1101.0886   822.9285   149.4816  -0.0001335  -0.0000002 
   3360000    6955.3872   567.5688   149.5848   0.0010426   0.0000003    1101.0712   820.3572   149.4866  -0.0001286   0.0000002 
   3380000    6955.5571   588.4399   149.5893   0.0010436   0.0000002    1101.1075   817.9022   149.4797  -0.0001228  -0.0000003 
   3400000    6955.6953   609.3480   149.5940   0.0010454   0.0000002    1101.1244   815.5657   149.4747  -0.0001168  -0.0000003 
   3420000    6955.7373   630.2377   149.5979   0.0010445   0.0000002    1101.1703   813.3354   149.4634  -0.0001115  -0.0000006 
   3440000    6955.8394   651.1538   149.5963   0.0010458  -0.0000001    1101.2194   811.2222   149.4451  -0.0001057  -0.0000009 
   3460000    6955.8525   672.0653   149.5933   0.0010456  -0.0000002    1101.0865   809.2319   149.4685  -0.0000995   0.0000012 
   3480000    6955.9395   692.9761   149.5857   0.0010455  -0.0000004    1101.1039   807.3721   149.4667  -0.0000930  -0.0000001 
   3500000    6955.9487   713.9078   149.5787   0.0010466  -0.0000004    1101.1180   805.6470   149.4609  -0.0000863  -0.0000003 
   3520000    6955.8555   734.8344   149.5755   0.0010463  -0.0000002    1101.1401   804.0617   149.4518  -0.0000793  -0.0000005 
   3540000    6955.9028   755.7574   149.5720   0.0010462  -0.0000002    1101.0985   802.5946   149.4550  -0.0000734   0.0000002 
   3560000    6955.8677   776.6769   149.5719   0.0010460  -0.0000000    1101.0377   801.2477   149.4678  -0.0000673   0.0000006 
   3580000    6955.8325   797.5868   149.5743   0.0010455   0.0000001    1101.0936   800.0145   149.4580  -0.0000617  -0.0000005 
   3600000    6955.8213   818.4855   149.5778   0.0010449   0.0000002    1101.2009   798.9242   149.4260  -0.0000545  -0.0000016 
   3620000    6955.7393   839.3670   149.5844   0.0010441   0.0000003    1100.9624   797.9541   149.4757  -0.0000485   0.0000025 
   3640000    6955.7300   860.2745   149.5893   0.0010454   0.0000002    1101.0958   797.0784   149.4544  -0.0000438  -0.0000011 
   3660000    6955.6470   881.1606   149.5969   0.0010443   0.0000004    1101.0085   796.2471   149.4827  -0.0000416   0.0000014 
   3680000    6955.6870   901.9961   149.5980   0.0010418   0.0000001    1101.1600   795.4762   149.4592  -0.0000385  -0.0000012 
   3700000    6955.6494   922.8234   149.5986   0.0010414   0.0000000    1101.1022   794.7690   149.4721  -0.0000354   0.0000006 
   3720000    6955.6704   943.6481   149.6003   0.0010412   0.0000001    1101.1460   794.0305   149.4637  -0.0000369  -0.0000004 
   3740000    6955.6611   964.4436   149.5998   0.0010398  -0.0000000    1101.0919   793.2025   149.4764  -0.0000414   0.0000006 
   3760000    6955.6582   985.2457   149.5980   0.0010401  -0.0000001    1101.0319   792.2184   149.4944  -0.0000492   0.0000009 
   3780000    6955.6826     6.0342   149.5950   0.0010394  -0.0000002    1101.1040   791.0239   149.4824  -0.0000597  -0.0000006 
   3800000    6955.7188    26.8128   149.5886   0.0010389  -0.0000003    1101.0186   789.5734   149.5017  -0.0000725   0.0000010 
   3820000    6955.7217    47.5800   149.5853   0.0010384  -0.0000002    1101.1195   787.8479   149.4869  -0.0000863  -0.0000007 
   3840000    6955.8008    68.3438   149.5784   0.0010382  -0.0000003    1100.9889   785.8331   149.5169  -0.0001007   0.0000015 
   3860000    6955.7227    89.0953   149.5735   0.0010376  -0.0000002    1101.0035   783.5295   149.5238  -0.0001152   0.0000003 
   3880000    6955.7700   109.8146   149.5652   0.0010360  -0.0000004    1101.0966   780.9284   149.5119  -0.0001301  -0.0000006 
   3900000    6955.7769   130.5618   149.5555   0.0010374  -0.0000005    1101.1277   778.0258   149.5077  -0.0001451  -0.0000002 
   3920000    6955.8979   151.2628   149.5418   0.0010351  -0.0000007    1100.9757   774.8254   149.5481  -0.0001600   0.0000020 
   3940000    6955.9668   172.0013   149.5342   0.0010369  -0.0000004    1101.0823   771.3547   149.5364  -0.0001735  -0.0000006 
   3960000    6956.0469   192.7306   149.5304   0.0010365  -0.0000002    1101.1160   767.6643   149.5284  -0.0001845  -0.0000004 
   3980000    6956.1816   213.4624   149.5269   0.0010366  -0.0000002    1101.1505   763.8392   149.5156  -0.0001913  -0.0000006 
   4000000    6956.2793   234.1915   149.5214   0.0010365  -0.0000003    1101.1244   759.9673   149.5135  -0.0001936  -0.0000001 
