10000  0.96614
20000  0.98588
30000  0.98666
40000  0.98808
50000  0.98882
60000  0.98847
70000  0.98824
80000  0.98799
90000  0.98917
100000  0.98847
110000  0.98738
120000  0.98734
130000  0.98635
140000  0.98651
150000  0.98733
160000  0.98819
170000  0.98729
180000  0.98653
190000  0.98723
200000  0.98713
210000  0.98633
220000  0.98515
230000  0.98583
240000  0.98563
250000  0.98680
260000  0.98726
270000  0.98747
280000  0.98651
290000  0.98551
300000  0.98406
310000  0.98492
320000  0.98350
330000  0.98268
340000  0.98223
350000  0.98369
360000  0.98362
370000  0.98340
380000  0.98291
390000  0.98279
400000  0.98272
410000  0.98208
420000  0.98171
430000  0.98292
440000  0.98290
450000  0.98152
460000  0.98201
470000  0.98196
480000  0.98273
490000  0.98306
500000  0.98259
510000  0.98275
520000  0.98295
530000  0.98252
540000  0.98228
550000  0.98158
560000  0.98086
570000  0.98175
580000  0.98324
590000  0.98368
600000  0.98374
610000  0.98315
620000  0.98354
630000  0.98299
640000  0.98267
650000  0.98238
660000  0.98232
670000  0.98299
680000  0.98328
690000  0.98335
700000  0.98320
710000  0.98332
720000  0.98289
730000  0.98261
740000  0.98211
750000  0.98160
760000  0.98278
770000  0.98281
780000  0.98258
790000  0.98233
800000  0.98178
810000  0.98197
820000  0.98144
830000  0.98112
840000  0.98099
850000  0.98155
860000  0.98198
870000  0.98150
880000  0.98112
890000  0.98090
900000  0.98143
910000  0.98084
920000  0.98064
930000  0.98009
940000  0.98137
950000  0.98148
960000  0.98147
970000  0.98102
980000  0.98037
990000  0.98089
1000000  0.98047
1010000  0.98009
1020000  0.97960
1030000  0.98068
1040000  0.98106
1050000  0.98047
1060000  0.98017
1070000  0.98010
1080000  0.97981
1090000  0.97981
1100000  0.97934
1110000  0.97858
1120000  0.98015
1130000  0.98017
1140000  0.98048
1150000  0.97969
1160000  0.97937
1170000  0.97940
1180000  0.97901
1190000  0.97855
1200000  0.97825
1210000  0.97868
1220000  0.97962
1230000  0.97901
1240000  0.97917
1250000  0.97901
1260000  0.97857
1270000  0.97784
1280000  0.97701
1290000  0.97702
1300000  0.97777
1310000  0.97837
1320000  0.97829
1330000  0.97841
1340000  0.97836
1350000  0.97782
1360000  0.97721
1370000  0.97653
1380000  0.97642
1390000  0.97680
1400000  0.97716
1410000  0.97696
1420000  0.97757
1430000  0.97796
1440000  0.97786
1450000  0.97721
1460000  0.97611
1470000  0.97565
1480000  0.97611
1490000  0.97627
1500000  0.97637
1510000  0.97663
1520000  0.97722
1530000  0.97743
1540000  0.97699
1550000  0.97602
1560000  0.97510
1570000  0.97543
1580000  0.97573
1590000  0.97601
1600000  0.97618
1610000  0.97662
1620000  0.97692
1630000  0.97631
1640000  0.97607
1650000  0.97554
1660000  0.97455
1670000  0.97490
1680000  0.97503
1690000  0.97530
1700000  0.97580
1710000  0.97611
1720000  0.97599
1730000  0.97592
1740000  0.97520
1750000  0.97445
1760000  0.97383
1770000  0.97387
1780000  0.97387
1790000  0.97399
1800000  0.97425
1810000  0.97435
1820000  0.97361
1830000  0.97354
1840000  0.97244
1850000  0.97184
1860000  0.97128
1870000  0.97048
1880000  0.97038
1890000  0.97142
1900000  0.97162
1910000  0.97140
1920000  0.97057
1930000  0.97023
1940000  0.96993
1950000  0.96962
1960000  0.96837
1970000  0.96778
1980000  0.96701
1990000  0.96613
2000000  0.96530
2010000  0.96446
2020000  0.96409
2030000  0.96429
2040000  0.96355
2050000  0.96234
2060000  0.96090
2070000  0.95922
2080000  0.95978
2090000  0.95827
2100000  0.95746
2110000  0.95654
2120000  0.95638
2130000  0.95567
2140000  0.95477
2150000  0.95303
2160000  0.95266
2170000  0.95237
2180000  0.95101
2190000  0.95126
2200000  0.95007
2210000  0.94896
2220000  0.94762
2230000  0.94618
2240000  0.94561
2250000  0.94468
2260000  0.94385
2270000  0.94225
2280000  0.94107
2290000  0.94079
2300000  0.93989
2310000  0.93950
2320000  0.93805
2330000  0.93682
2340000  0.93655
2350000  0.93606
2360000  0.93395
2370000  0.93310
2380000  0.93330
2390000  0.93229
2400000  0.93143
2410000  0.93095
2420000  0.93035
2430000  0.92946
2440000  0.92822
2450000  0.92825
2460000  0.92734
2470000  0.92650
2480000  0.92653
2490000  0.92599
2500000  0.92542
2510000  0.92468
2520000  0.92313
2530000  0.92398
2540000  0.92372
2550000  0.92283
2560000  0.92262
2570000  0.92213
2580000  0.92146
2590000  0.92122
2600000  0.91967
2610000  0.91913
2620000  0.91969
2630000  0.92006
2640000  0.91928
2650000  0.91909
2660000  0.91888
2670000  0.91859
2680000  0.91868
2690000  0.91736
2700000  0.91643
2710000  0.91759
2720000  0.91780
2730000  0.91738
2740000  0.91729
2750000  0.91696
2760000  0.91615
2770000  0.91674
2780000  0.91636
2790000  0.91519
2800000  0.91576
2810000  0.91611
2820000  0.91593
2830000  0.91617
2840000  0.91558
2850000  0.91457
2860000  0.91525
2870000  0.91562
2880000  0.91460
2890000  0.91491
2900000  0.91495
2910000  0.91504
2920000  0.91527
2930000  0.91492
2940000  0.91364
2950000  0.91373
2960000  0.91470
2970000  0.91473
2980000  0.91486
2990000  0.91449
3000000  0.91436
