10000  2.9322  -0.4704
20000  2.9322  -0.4704
30000  2.9322  -0.4704
40000  2.9322  -0.4704
50000  2.9322  -0.4704
60000  2.9322  -0.4704
70000  2.9322  -0.4704
80000  2.9322  -0.4704
90000  2.9322  -0.4704
100000  2.9322  -0.4704
110000  2.9322  -0.4704
120000  2.9322  -0.4704
130000  2.9322  -0.4704
140000  2.9322  -0.4704
150000  2.9322  -0.4704
160000  2.9322  -0.4704
170000  2.9322  -0.4704
180000  2.9322  -0.4704
190000  2.9322  -0.4704
200000  2.9322  -0.4704
210000  2.9322  -0.4704
220000  2.9322  -0.4704
230000  2.9322  -0.4704
240000  2.9322  -0.4704
250000  2.9322  -0.4704
260000  2.9322  -0.4704
270000  2.9322  -0.4704
280000  2.9322  -0.4704
290000  2.9322  -0.4704
300000  2.9322  -0.4704
310000  2.9322  -0.4704
320000  2.9322  -0.4704
330000  2.9322  -0.4704
340000  2.9322  -0.4704
350000  2.9322  -0.4704
360000  2.9322  -0.4704
370000  2.9322  -0.4704
380000  2.9322  -0.4704
390000  2.9322  -0.4704
400000  2.9322  -0.4704
410000  2.9322  -0.4704
420000  2.9322  -0.4704
430000  2.9322  -0.4704
440000  2.9322  -0.4704
450000  2.9322  -0.4704
460000  2.9322  -0.4704
470000  2.9322  -0.4704
480000  2.9322  -0.4704
490000  2.9322  -0.4704
500000  2.9322  -0.4704
510000  2.9322  -0.4704
520000  2.9322  -0.4704
530000  2.9322  -0.4704
540000  2.9322  -0.4704
550000  2.9322  -0.4704
560000  2.9322  -0.4704
570000  2.9322  -0.4704
580000  2.9322  -0.4704
590000  2.9322  -0.4704
600000  2.9322  -0.4704
610000  2.9322  -0.4704
620000  2.9322  -0.4704
630000  2.9322  -0.4704
640000  2.9322  -0.4704
650000  2.9322  -0.4704
660000  2.9322  -0.4704
670000  2.9322  -0.4704
680000  2.9322  -0.4704
690000  2.9322  -0.4704
700000  2.9322  -0.4704
710000  2.9322  -0.4704
720000  2.9322  -0.4704
730000  2.9322  -0.4704
740000  2.9322  -0.4704
750000  2.9322  -0.4704
760000  2.9322  -0.4704
770000  2.9322  -0.4704
780000  2.9322  -0.4704
790000  2.9322  -0.4704
800000  2.9322  -0.4704
810000  2.9322  -0.4704
820000  2.9322  -0.4704
830000  2.9322  -0.4704
840000  2.9322  -0.4704
850000  2.9322  -0.4704
860000  2.9322  -0.4704
870000  2.9322  -0.4704
880000  2.9322  -0.4704
890000  2.9322  -0.4704
900000  2.9322  -0.4704
910000  2.9322  -0.4704
920000  2.9322  -0.4704
930000  2.9322  -0.4704
940000  2.9322  -0.4704
950000  2.9322  -0.4704
960000  2.9322  -0.4704
970000  2.9322  -0.4704
980000  2.9322  -0.4704
990000  2.9322  -0.4704
1000000  2.9322  -0.4704
1010000  2.9322  -0.4704
1020000  2.9322  -0.4704
1030000  2.9322  -0.4704
1040000  2.9322  -0.4704
1050000  2.9322  -0.4704
1060000  2.9322  -0.4704
1070000  2.9322  -0.4704
1080000  2.9322  -0.4704
1090000  2.9322  -0.4704
1100000  2.9322  -0.4704
1110000  2.9322  -0.4704
1120000  2.9322  -0.4704
1130000  2.9322  -0.4704
1140000  2.9322  -0.4704
1150000  2.9322  -0.4704
1160000  2.9322  -0.4704
1170000  2.9322  -0.4704
1180000  2.9322  -0.4704
1190000  2.9322  -0.4704
1200000  2.9322  -0.4704
1210000  2.9322  -0.4704
1220000  2.9322  -0.4704
1230000  2.9322  -0.4704
1240000  2.9322  -0.4704
1250000  2.9322  -0.4704
1260000  2.9322  -0.4704
1270000  2.9322  -0.4704
1280000  2.9322  -0.4704
1290000  2.9322  -0.4704
1300000  2.9322  -0.4704
1310000  2.9322  -0.4704
1320000  2.9322  -0.4704
1330000  2.9322  -0.4704
1340000  2.9322  -0.4704
1350000  2.9322  -0.4704
1360000  2.9322  -0.4704
1370000  2.9322  -0.4704
1380000  2.9322  -0.4704
1390000  2.9322  -0.4704
1400000  2.9322  -0.4704
1410000  2.9322  -0.4704
1420000  2.9322  -0.4704
1430000  2.9322  -0.4704
1440000  2.9322  -0.4704
1450000  2.9322  -0.4704
1460000  2.9322  -0.4704
1470000  2.9322  -0.4704
1480000  2.9322  -0.4704
1490000  2.9322  -0.4704
1500000  2.9322  -0.4704
1510000  2.9322  -0.4704
1520000  2.9322  -0.4704
1530000  2.9322  -0.4704
1540000  2.9322  -0.4704
1550000  2.9322  -0.4704
1560000  2.9322  -0.4704
1570000  2.9322  -0.4704
1580000  2.9322  -0.4704
1590000  2.9322  -0.4704
1600000  2.9322  -0.4704
1610000  2.9322  -0.4704
1620000  2.9322  -0.4704
1630000  2.9322  -0.4704
1640000  2.9322  -0.4704
1650000  2.9322  -0.4704
1660000  2.9322  -0.4704
1670000  2.9322  -0.4704
1680000  2.9322  -0.4704
1690000  2.9322  -0.4704
1700000  2.9322  -0.4704
1710000  2.9322  -0.4704
1720000  2.9322  -0.4704
1730000  2.9322  -0.4704
1740000  2.9322  -0.4704
1750000  2.9322  -0.4704
1760000  2.9322  -0.4704
1770000  2.9322  -0.4704
1780000  2.9322  -0.4704
1790000  2.9322  -0.4704
1800000  2.9322  -0.4704
1810000  2.9322  -0.4704
1820000  2.9322  -0.4704
1830000  2.9322  -0.4704
1840000  2.9322  -0.4704
1850000  2.9322  -0.4704
1860000  2.9322  -0.4704
1870000  2.9322  -0.4704
1880000  2.9322  -0.4704
1890000  2.9322  -0.4704
1900000  2.9322  -0.4704
1910000  2.9322  -0.4704
1920000  2.9322  -0.4704
1930000  2.9322  -0.4704
1940000  2.9322  -0.4704
1950000  2.9322  -0.4704
1960000  2.9322  -0.4704
1970000  2.9322  -0.4704
1980000  2.9322  -0.4704
1990000  2.9322  -0.4704
2000000  2.9322  -0.4704
