15000  0.2810  18  3.2778  39.4551  0.0395
30000  0.2667  17  3.2941  39.4652  0.0395
45000  0.2238  14  3.3571  40.7401  0.0407
60000  0.2048  14  3.0714  35.0682  0.0351
75000  0.2619  18  3.0556  35.2445  0.0352
90000  0.3143  21  3.1429  36.4042  0.0364
105000  0.3095  18  3.6111  43.8765  0.0439
120000  0.3143  19  3.4737  40.9777  0.0410
135000  0.3429  21  3.4286  40.0499  0.0400
150000  0.3190  19  3.5263  40.5650  0.0406
165000  0.2952  17  3.6471  42.3087  0.0423
180000  0.3429  20  3.6000  42.0419  0.0420
195000  0.3667  21  3.6667  42.1066  0.0421
210000  0.3762  21  3.7619  43.1980  0.0432
225000  0.3952  22  3.7727  43.2959  0.0433
240000  0.3619  19  4.0000  47.0054  0.0470
255000  0.3571  19  3.9474  45.8740  0.0459
270000  0.4000  22  3.8182  44.0550  0.0441
285000  0.4000  22  3.8182  44.1176  0.0441
300000  0.4095  22  3.9091  45.8215  0.0458
315000  0.4810  27  3.7407  42.6691  0.0427
330000  0.4857  26  3.9231  45.2045  0.0452
345000  0.5857  30  4.1000  49.2047  0.0492
360000  0.6095  30  4.2667  51.6067  0.0516
375000  0.6048  29  4.3793  52.9095  0.0529
390000  0.6286  28  4.7143  58.0571  0.0581
405000  0.6429  30  4.5000  54.8138  0.0548
420000  0.7286  31  4.9355  62.0710  0.0621
435000  0.7143  31  4.8387  60.2479  0.0602
450000  0.7143  27  5.5556  72.2419  0.0722
465000  0.7143  27  5.5556  72.0974  0.0721
480000  0.6714  24  5.8750  76.8973  0.0769
495000  0.6667  24  5.8333  76.1984  0.0762
510000  0.6714  24  5.8750  76.8727  0.0769
525000  0.6952  25  5.8400  76.0180  0.0760
540000  0.7143  26  5.7692  74.8467  0.0748
555000  0.7286  26  5.8846  76.9943  0.0770
570000  0.7667  28  5.7500  75.1207  0.0751
585000  0.7667  28  5.7500  74.4166  0.0744
600000  0.7524  26  6.0769  79.0485  0.0790
615000  0.7476  28  5.6071  70.9066  0.0709
630000  0.7238  24  6.3333  82.0228  0.0820
645000  0.7190  26  5.8077  72.6569  0.0727
660000  0.7476  26  6.0385  75.9081  0.0759
675000  0.7095  24  6.2083  77.9034  0.0779
690000  0.7429  25  6.2400  78.1378  0.0781
705000  0.7333  23  6.6957  85.4257  0.0854
720000  0.7143  20  7.5000  97.8269  0.0978
735000  0.7238  22  6.9091  88.7557  0.0888
750000  0.7429  24  6.5000  83.0214  0.0830
765000  0.7238  23  6.6087  84.3645  0.0844
780000  0.7333  21  7.3333  95.0284  0.0950
795000  0.7238  22  6.9091  88.5501  0.0886
810000  0.7429  24  6.5000  82.1213  0.0821
825000  0.7238  24  6.3333  79.5892  0.0796
840000  0.7048  24  6.1667  77.0980  0.0771
855000  0.7190  24  6.2917  79.4702  0.0795
870000  0.7476  23  6.8261  88.1092  0.0881
885000  0.7952  24  6.9583  91.3443  0.0913
900000  0.8143  24  7.1250  93.7314  0.0937
915000  0.8048  25  6.7600  87.3042  0.0873
930000  0.8143  22  7.7727  103.5667  0.1036
945000  0.8190  23  7.4783  98.5631  0.0986
960000  0.8381  21  8.3810  112.6883  0.1127
975000  0.8333  20  8.7500  118.1124  0.1181
990000  0.8333  20  8.7500  118.1181  0.1181
1005000  0.8333  20  8.7500  118.1242  0.1181
1020000  0.8333  20  8.7500  118.1192  0.1181
1035000  0.8476  20  8.9000  120.3377  0.1203
1050000  0.8571  22  8.1818  109.2621  0.1093
1065000  0.8429  22  8.0455  107.3571  0.1074
1080000  0.8333  21  8.3333  111.6773  0.1117
1095000  0.8667  22  8.2727  110.5239  0.1105
1110000  0.8571  23  7.8261  103.4314  0.1034
1125000  0.8238  18  9.6111  130.8692  0.1309
1140000  0.8143  18  9.5000  128.2990  0.1283
1155000  0.8333  20  8.7500  116.3532  0.1164
1170000  0.8333  20  8.7500  115.9757  0.1160
1185000  0.8190  18  9.5556  127.4452  0.1274
1200000  0.8190  20  8.6000  113.1431  0.1131
1215000  0.8143  18  9.5000  126.7406  0.1267
1230000  0.8000  17  9.8824  132.0283  0.1320
1245000  0.8000  16  10.5000  141.6653  0.1417
1260000  0.8000  16  10.5000  141.6835  0.1417
1275000  0.7952  17  9.8235  131.1330  0.1311
1290000  0.8143  20  8.5500  112.3442  0.1123
1305000  0.8143  20  8.5500  112.4401  0.1124
1320000  0.8238  19  9.1053  120.4604  0.1205
1335000  0.8619  18  10.0556  134.6082  0.1346
1350000  0.8524  20  8.9500  118.2528  0.1183
1365000  0.8619  20  9.0500  119.7748  0.1198
1380000  0.8667  19  9.5789  127.8732  0.1279
1395000  0.8905  19  9.8421  132.5978  0.1326
1410000  0.9000  18  10.5000  142.1100  0.1421
1425000  0.9000  20  9.4500  126.0094  0.1260
1440000  0.9048  20  9.5000  126.3488  0.1263
1455000  0.8857  20  9.3000  123.2971  0.1233
1470000  0.8905  20  9.3500  124.0128  0.1240
1485000  0.8810  19  9.7368  129.9159  0.1299
1500000  0.8810  19  9.7368  129.9305  0.1299
1515000  0.8810  19  9.7368  129.9264  0.1299
1530000  0.8857  19  9.7895  130.6510  0.1307
1545000  0.8952  21  8.9524  117.9366  0.1179
1560000  0.9000  19  9.9474  132.7628  0.1328
1575000  0.9095  19  10.0526  134.6852  0.1347
1590000  0.9190  18  10.7222  144.4016  0.1444
1605000  0.9286  17  11.4706  155.6362  0.1556
1620000  0.9238  14  13.8571  191.1225  0.1911
1635000  0.9333  14  14.0000  193.5001  0.1935
1650000  0.9476  12  16.5833  232.2415  0.2322
1665000  0.9143  12  16.0000  222.1410  0.2221
1680000  0.9143  11  17.4545  243.4442  0.2434
1695000  0.9143  11  17.4545  242.8896  0.2429
1710000  0.9143  11  17.4545  242.8159  0.2428
1725000  0.9238  10  19.4000  272.6245  0.2726
1740000  0.9238  10  19.4000  272.5739  0.2726
1755000  0.9238  10  19.4000  272.5762  0.2726
1770000  0.9238  10  19.4000  272.5962  0.2726
1785000  0.9238  10  19.4000  272.6120  0.2726
1800000  0.9143  11  17.4545  242.6719  0.2427
1815000  0.9048  12  15.8333  219.3006  0.2193
1830000  0.9143  12  16.0000  221.6783  0.2217
1845000  0.9095  10  19.1000  267.2486  0.2672
1860000  0.9429  12  16.5000  229.1710  0.2292
1875000  0.9429  11  18.0000  251.3524  0.2514
1890000  0.9429  13  15.2308  209.7659  0.2098
1905000  0.9429  14  14.1429  193.3298  0.1933
1920000  0.9619  15  13.4667  183.6181  0.1836
1935000  0.9476  15  13.2667  180.3132  0.1803
1950000  0.9238  13  14.9231  204.2613  0.2043
1965000  0.9095  12  15.9167  218.3684  0.2184
1980000  0.9095  12  15.9167  218.3217  0.2183
1995000  0.9095  12  15.9167  218.3141  0.2183
2010000  0.9095  12  15.9167  218.3435  0.2183
2025000  0.9095  12  15.9167  218.4096  0.2184
2040000  0.9095  12  15.9167  218.4876  0.2185
2055000  0.9381  14  14.0714  192.4315  0.1924
2070000  0.9476  15  13.2667  180.4578  0.1805
2085000  0.9571  15  13.4000  182.5725  0.1826
2100000  0.9429  14  14.1429  193.1744  0.1932
2115000  0.9429  12  16.5000  227.5541  0.2276
2130000  0.9238  12  16.1667  222.1308  0.2221
2145000  0.9048  10  19.0000  263.2539  0.2633
2160000  0.9143  10  19.2000  265.8721  0.2659
2175000  0.9143  10  19.2000  264.8282  0.2648
2190000  0.9238  9  21.5556  299.4750  0.2995
2205000  0.9143  9  21.3333  295.9837  0.2960
2220000  0.9143  9  21.3333  295.8115  0.2958
2235000  0.9190  10  19.3000  266.9365  0.2669
2250000  0.9190  10  19.3000  266.9299  0.2669
2265000  0.9190  10  19.3000  266.9422  0.2669
2280000  0.9143  9  21.3333  295.7584  0.2958
2295000  0.9238  9  21.5556  298.9455  0.2989
2310000  0.9143  9  21.3333  295.0945  0.2951
2325000  0.9143  8  24.0000  333.5506  0.3336
2340000  0.9333  9  21.7778  300.9588  0.3010
2355000  0.9381  9  21.8889  302.3611  0.3024
2370000  0.9381  9  21.8889  302.2401  0.3022
2385000  0.9476  9  22.1111  305.9165  0.3059
2400000  0.9571  9  22.3333  309.3756  0.3094
2415000  0.9619  9  22.4444  311.5052  0.3115
2430000  0.9571  8  25.1250  349.9259  0.3499
2445000  0.9571  7  28.7143  401.5842  0.4016
2460000  0.9571  7  28.7143  401.3253  0.4013
2475000  0.9381  6  32.8333  461.1108  0.4611
2490000  0.9381  6  32.8333  461.0522  0.4611
2505000  0.9381  6  32.8333  461.0740  0.4611
2520000  0.9381  6  32.8333  461.1716  0.4612
2535000  0.9381  6  32.8333  461.3025  0.4613
2550000  0.9571  7  28.7143  401.3779  0.4014
2565000  0.9476  7  28.4286  396.5457  0.3965
2580000  0.9619  7  28.8571  404.0432  0.4040
2595000  0.9667  7  29.0000  406.9413  0.4069
2610000  0.9667  7  29.0000  406.7734  0.4068
2625000  0.9524  6  33.3333  467.0989  0.4671
2640000  0.9571  5  40.2000  566.4340  0.5664
2655000  0.9571  5  40.2000  566.3419  0.5663
2670000  0.9619  6  33.6667  471.8841  0.4719
2685000  0.9667  6  33.8333  473.9529  0.4740
2700000  0.9714  6  34.0000  476.5639  0.4766
2715000  0.9714  6  34.0000  476.4720  0.4765
2730000  0.9762  6  34.1667  479.8059  0.4798
2745000  0.9762  6  34.1667  479.8450  0.4798
2760000  0.9762  6  34.1667  479.8590  0.4799
2775000  0.9762  6  34.1667  479.8280  0.4798
2790000  0.9810  6  34.3333  480.8903  0.4809
2805000  0.9810  5  41.2000  579.6957  0.5797
2820000  0.9810  4  51.5000  727.8621  0.7279
2835000  0.9810  4  51.5000  727.7402  0.7277
2850000  0.9810  3  68.6667  980.8906  0.9809
2865000  0.9810  3  68.6667  980.6340  0.9806
2880000  0.9810  3  68.6667  974.9399  0.9749
2895000  0.9905  3  69.3333  987.7007  0.9877
2910000  0.9857  3  69.0000  980.3349  0.9803
2925000  0.9857  3  69.0000  985.2482  0.9852
2940000  0.9857  3  69.0000  984.9490  0.9849
2955000  0.9857  3  69.0000  982.0716  0.9821
2970000  0.9857  3  69.0000  981.9271  0.9819
2985000  0.9905  3  69.3333  986.0875  0.9861
3000000  0.9905  3  69.3333  986.0749  0.9861
