120 15
0.0029
0.0029
0.0029
0.0029
0.0029
0.0029
0.0029
0.0029
0.0029
0.0029
0.0029
0.0029
0.0029
0.0029
0.0029
0.0029
0.0029
0.0029
0.0029
0.0029
0.0029
0.0029
0.0029
0.0029
0.0029
0.0029
0.0029
0.0029
0.0029
0.0029
0.0029
0.0029
0.0029
0.0029
0.0029
0.0029
0.0029
0.0029
0.0029
0.0029
0.0029
0.0029
0.0029
0.0029
0.0029
0.0029
0.0029
0.0029
0.0029
0.0029
0.0029
0.0029
0.0029
0.0029
0.0029
0.0029
0.0029
0.0029
0.0030
0.0030
0.0030
0.0030
0.0029
0.0029
0.0029
0.0029
0.0029
0.0029
0.0029
0.0029
0.0029
0.0029
0.0029
0.0029
0.0029
0.0029
0.0029
0.0029
0.0029
0.0029
0.0029
0.0029
0.0029
0.0029
0.0029
0.0029
0.0029
0.0029
0.0029
0.0029
0.0029
0.0029
0.0029
0.0029
0.0029
0.0029
0.0029
0.0029
0.0029
0.0029
0.0029
0.0029
0.0029
0.0029
0.0029
0.0029
0.0029
0.0029
0.0029
0.0029
0.0029
0.0029
0.0029
0.0029
0.0029
0.0029
0.0029
0.0029
0.0029
0.0029
0.0080
0.0080
0.0080
0.0080
0.0080
0.0080
0.0080
0.0080
0.0080
0.0080
0.0080
0.0080
0.0080
0.0080
0.0080
0.0080
0.0080
0.0080
0.0080
0.0080
0.0080
0.0080
0.0080
0.0080
0.0080
0.0080
0.0080
0.0080
0.0080
0.0080
0.0080
0.0080
0.0080
0.0080
0.0080
0.0080
0.0080
0.0080
0.0080
0.0080
0.0080
0.0080
0.0080
0.0080
0.0080
0.0080
0.0080
0.0080
0.0080
0.0080
0.0079
0.0079
0.0079
0.0080
0.0080
0.0080
0.0081
0.0082
0.0083
0.0083
0.0083
0.0083
0.0082
0.0081
0.0080
0.0080
0.0080
0.0079
0.0079
0.0079
0.0080
0.0080
0.0080
0.0080
0.0080
0.0080
0.0080
0.0080
0.0080
0.0080
0.0080
0.0080
0.0080
0.0080
0.0080
0.0080
0.0080
0.0080
0.0080
0.0080
0.0080
0.0080
0.0080
0.0080
0.0080
0.0080
0.0080
0.0080
0.0080
0.0080
0.0080
0.0080
0.0080
0.0080
0.0080
0.0080
0.0080
0.0080
0.0080
0.0080
0.0080
0.0080
0.0080
0.0080
0.0080
0.0080
0.0080
0.0080
0.0080
0.0080
0.0124
0.0124
0.0124
0.0124
0.0124
0.0124
0.0124
0.0124
0.0124
0.0124
0.0124
0.0124
0.0124
0.0124
0.0124
0.0124
0.0124
0.0124
0.0124
0.0124
0.0124
0.0124
0.0124
0.0124
0.0124
0.0124
0.0124
0.0124
0.0124
0.0124
0.0124
0.0124
0.0124
0.0124
0.0124
0.0124
0.0124
0.0124
0.0124
0.0123
0.0123
0.0123
0.0123
0.0123
0.0123
0.0123
0.0123
0.0123
0.0123
0.0122
0.0122
0.0122
0.0122
0.0122
0.0123
0.0124
0.0125
0.0126
0.0126
0.0126
0.0127
0.0126
0.0126
0.0125
0.0124
0.0123
0.0122
0.0122
0.0122
0.0122
0.0122
0.0123
0.0123
0.0123
0.0123
0.0123
0.0123
0.0123
0.0123
0.0123
0.0124
0.0124
0.0124
0.0124
0.0124
0.0124
0.0124
0.0124
0.0124
0.0124
0.0124
0.0124
0.0124
0.0124
0.0124
0.0124
0.0124
0.0124
0.0124
0.0124
0.0124
0.0124
0.0124
0.0124
0.0124
0.0124
0.0124
0.0124
0.0124
0.0124
0.0124
0.0124
0.0124
0.0124
0.0124
0.0124
0.0124
0.0124
0.0124
0.0124
0.0159
0.0159
0.0159
0.0159
0.0159
0.0159
0.0159
0.0159
0.0159
0.0159
0.0159
0.0159
0.0159
0.0159
0.0159
0.0159
0.0159
0.0159
0.0159
0.0159
0.0159
0.0159
0.0159
0.0159
0.0159
0.0159
0.0159
0.0159
0.0159
0.0159
0.0159
0.0159
0.0159
0.0159
0.0159
0.0159
0.0159
0.0159
0.0159
0.0159
0.0159
0.0159
0.0159
0.0159
0.0159
0.0158
0.0158
0.0158
0.0158
0.0157
0.0157
0.0157
0.0157
0.0157
0.0157
0.0158
0.0158
0.0159
0.0159
0.0159
0.0159
0.0159
0.0159
0.0158
0.0158
0.0157
0.0157
0.0157
0.0157
0.0157
0.0158
0.0158
0.0158
0.0158
0.0158
0.0159
0.0159
0.0159
0.0159
0.0159
0.0159
0.0159
0.0159
0.0159
0.0159
0.0159
0.0159
0.0159
0.0159
0.0159
0.0159
0.0159
0.0159
0.0159
0.0159
0.0159
0.0159
0.0159
0.0159
0.0159
0.0159
0.0159
0.0159
0.0159
0.0159
0.0159
0.0159
0.0159
0.0159
0.0159
0.0159
0.0159
0.0159
0.0159
0.0159
0.0159
0.0159
0.0159
0.0159
0.0159
0.0187
0.0187
0.0187
0.0187
0.0187
0.0187
0.0187
0.0187
0.0187
0.0187
0.0187
0.0187
0.0187
0.0187
0.0187
0.0187
0.0187
0.0187
0.0187
0.0187
0.0187
0.0187
0.0187
0.0187
0.0187
0.0187
0.0187
0.0187
0.0187
0.0187
0.0187
0.0187
0.0187
0.0187
0.0187
0.0187
0.0187
0.0187
0.0187
0.0187
0.0186
0.0186
0.0186
0.0186
0.0186
0.0186
0.0186
0.0185
0.0185
0.0185
0.0184
0.0184
0.0183
0.0183
0.0183
0.0183
0.0183
0.0183
0.0183
0.0183
0.0183
0.0183
0.0183
0.0183
0.0183
0.0183
0.0183
0.0183
0.0184
0.0184
0.0185
0.0185
0.0185
0.0186
0.0186
0.0186
0.0186
0.0186
0.0186
0.0186
0.0187
0.0187
0.0187
0.0187
0.0187
0.0187
0.0187
0.0187
0.0187
0.0187
0.0187
0.0187
0.0187
0.0187
0.0187
0.0187
0.0187
0.0187
0.0187
0.0187
0.0187
0.0187
0.0187
0.0187
0.0187
0.0187
0.0187
0.0187
0.0187
0.0187
0.0187
0.0187
0.0187
0.0187
0.0187
0.0187
0.0187
0.0187
0.0187
0.0187
0.0207
0.0207
0.0207
0.0207
0.0207
0.0207
0.0207
0.0207
0.0207
0.0207
0.0207
0.0207
0.0207
0.0207
0.0207
0.0207
0.0207
0.0207
0.0207
0.0207
0.0207
0.0207
0.0207
0.0207
0.0207
0.0207
0.0207
0.0207
0.0207
0.0207
0.0207
0.0206
0.0206
0.0206
0.0206
0.0206
0.0206
0.0206
0.0206
0.0206
0.0206
0.0206
0.0206
0.0206
0.0206
0.0205
0.0205
0.0205
0.0204
0.0204
0.0203
0.0203
0.0202
0.0201
0.0200
0.0200
0.0200
0.0200
0.0199
0.0199
0.0199
0.0199
0.0200
0.0200
0.0200
0.0200
0.0201
0.0202
0.0203
0.0203
0.0204
0.0205
0.0205
0.0205
0.0205
0.0206
0.0206
0.0206
0.0206
0.0206
0.0206
0.0206
0.0206
0.0206
0.0206
0.0206
0.0206
0.0206
0.0206
0.0207
0.0207
0.0207
0.0207
0.0207
0.0207
0.0207
0.0207
0.0207
0.0207
0.0207
0.0207
0.0207
0.0207
0.0207
0.0207
0.0207
0.0207
0.0207
0.0207
0.0207
0.0207
0.0207
0.0207
0.0207
0.0207
0.0207
0.0207
0.0207
0.0207
0.0207
0.0218
0.0218
0.0218
0.0218
0.0218
0.0218
0.0218
0.0218
0.0218
0.0218
0.0218
0.0218
0.0218
0.0218
0.0218
0.0218
0.0218
0.0218
0.0218
0.0218
0.0218
0.0218
0.0218
0.0218
0.0218
0.0218
0.0218
0.0218
0.0218
0.0218
0.0218
0.0218
0.0218
0.0218
0.0218
0.0218
0.0218
0.0218
0.0218
0.0218
0.0218
0.0218
0.0218
0.0218
0.0217
0.0217
0.0217
0.0217
0.0216
0.0216
0.0215
0.0214
0.0212
0.0211
0.0210
0.0210
0.0210
0.0210
0.0209
0.0209
0.0209
0.0209
0.0210
0.0210
0.0210
0.0210
0.0211
0.0213
0.0214
0.0215
0.0216
0.0216
0.0217
0.0217
0.0217
0.0217
0.0218
0.0218
0.0218
0.0218
0.0218
0.0218
0.0218
0.0218
0.0218
0.0218
0.0218
0.0218
0.0218
0.0218
0.0218
0.0218
0.0218
0.0218
0.0218
0.0218
0.0218
0.0218
0.0218
0.0218
0.0218
0.0218
0.0218
0.0218
0.0218
0.0218
0.0218
0.0218
0.0218
0.0218
0.0218
0.0218
0.0218
0.0218
0.0218
0.0218
0.0218
0.0218
0.0218
0.0218
0.0222
0.0222
0.0222
0.0222
0.0222
0.0222
0.0222
0.0222
0.0222
0.0222
0.0222
0.0222
0.0222
0.0222
0.0222
0.0222
0.0222
0.0222
0.0222
0.0222
0.0222
0.0222
0.0222
0.0222
0.0222
0.0222
0.0222
0.0222
0.0222
0.0222
0.0222
0.0222
0.0222
0.0222
0.0222
0.0222
0.0222
0.0222
0.0222
0.0222
0.0222
0.0222
0.0222
0.0222
0.0221
0.0221
0.0221
0.0220
0.0220
0.0219
0.0219
0.0217
0.0216
0.0214
0.0214
0.0213
0.0213
0.0213
0.0213
0.0213
0.0213
0.0213
0.0213
0.0213
0.0213
0.0214
0.0215
0.0216
0.0218
0.0219
0.0219
0.0220
0.0221
0.0221
0.0221
0.0221
0.0222
0.0222
0.0222
0.0222
0.0222
0.0222
0.0222
0.0222
0.0222
0.0222
0.0222
0.0222
0.0222
0.0222
0.0222
0.0222
0.0222
0.0222
0.0222
0.0222
0.0222
0.0222
0.0222
0.0222
0.0222
0.0222
0.0222
0.0222
0.0222
0.0222
0.0222
0.0222
0.0222
0.0222
0.0222
0.0222
0.0222
0.0222
0.0222
0.0222
0.0222
0.0222
0.0222
0.0222
0.0218
0.0218
0.0218
0.0218
0.0218
0.0218
0.0218
0.0218
0.0218
0.0218
0.0218
0.0218
0.0218
0.0218
0.0218
0.0218
0.0218
0.0218
0.0218
0.0218
0.0218
0.0218
0.0218
0.0218
0.0218
0.0218
0.0218
0.0218
0.0218
0.0218
0.0218
0.0218
0.0218
0.0218
0.0218
0.0218
0.0218
0.0218
0.0218
0.0218
0.0218
0.0218
0.0218
0.0218
0.0217
0.0217
0.0217
0.0217
0.0216
0.0216
0.0215
0.0214
0.0212
0.0211
0.0210
0.0210
0.0210
0.0210
0.0209
0.0209
0.0209
0.0209
0.0210
0.0210
0.0210
0.0210
0.0211
0.0213
0.0214
0.0215
0.0216
0.0216
0.0217
0.0217
0.0217
0.0217
0.0218
0.0218
0.0218
0.0218
0.0218
0.0218
0.0218
0.0218
0.0218
0.0218
0.0218
0.0218
0.0218
0.0218
0.0218
0.0218
0.0218
0.0218
0.0218
0.0218
0.0218
0.0218
0.0218
0.0218
0.0218
0.0218
0.0218
0.0218
0.0218
0.0218
0.0218
0.0218
0.0218
0.0218
0.0218
0.0218
0.0218
0.0218
0.0218
0.0218
0.0218
0.0218
0.0218
0.0218
0.0207
0.0207
0.0207
0.0207
0.0207
0.0207
0.0207
0.0207
0.0207
0.0207
0.0207
0.0207
0.0207
0.0207
0.0207
0.0207
0.0207
0.0207
0.0207
0.0207
0.0207
0.0207
0.0207
0.0207
0.0207
0.0207
0.0207
0.0207
0.0207
0.0207
0.0207
0.0206
0.0206
0.0206
0.0206
0.0206
0.0206
0.0206
0.0206
0.0206
0.0206
0.0206
0.0206
0.0206
0.0206
0.0205
0.0205
0.0205
0.0204
0.0204
0.0203
0.0203
0.0202
0.0201
0.0200
0.0200
0.0200
0.0200
0.0199
0.0199
0.0199
0.0199
0.0200
0.0200
0.0200
0.0200
0.0201
0.0202
0.0203
0.0203
0.0204
0.0205
0.0205
0.0205
0.0205
0.0206
0.0206
0.0206
0.0206
0.0206
0.0206
0.0206
0.0206
0.0206
0.0206
0.0206
0.0206
0.0206
0.0206
0.0207
0.0207
0.0207
0.0207
0.0207
0.0207
0.0207
0.0207
0.0207
0.0207
0.0207
0.0207
0.0207
0.0207
0.0207
0.0207
0.0207
0.0207
0.0207
0.0207
0.0207
0.0207
0.0207
0.0207
0.0207
0.0207
0.0207
0.0207
0.0207
0.0207
0.0207
0.0187
0.0187
0.0187
0.0187
0.0187
0.0187
0.0187
0.0187
0.0187
0.0187
0.0187
0.0187
0.0187
0.0187
0.0187
0.0187
0.0187
0.0187
0.0187
0.0187
0.0187
0.0187
0.0187
0.0187
0.0187
0.0187
0.0187
0.0187
0.0187
0.0187
0.0187
0.0187
0.0187
0.0187
0.0187
0.0187
0.0187
0.0187
0.0187
0.0187
0.0186
0.0186
0.0186
0.0186
0.0186
0.0186
0.0186
0.0185
0.0185
0.0185
0.0184
0.0184
0.0183
0.0183
0.0183
0.0183
0.0183
0.0183
0.0183
0.0183
0.0183
0.0183
0.0183
0.0183
0.0183
0.0183
0.0183
0.0183
0.0184
0.0184
0.0185
0.0185
0.0185
0.0186
0.0186
0.0186
0.0186
0.0186
0.0186
0.0186
0.0187
0.0187
0.0187
0.0187
0.0187
0.0187
0.0187
0.0187
0.0187
0.0187
0.0187
0.0187
0.0187
0.0187
0.0187
0.0187
0.0187
0.0187
0.0187
0.0187
0.0187
0.0187
0.0187
0.0187
0.0187
0.0187
0.0187
0.0187
0.0187
0.0187
0.0187
0.0187
0.0187
0.0187
0.0187
0.0187
0.0187
0.0187
0.0187
0.0187
0.0159
0.0159
0.0159
0.0159
0.0159
0.0159
0.0159
0.0159
0.0159
0.0159
0.0159
0.0159
0.0159
0.0159
0.0159
0.0159
0.0159
0.0159
0.0159
0.0159
0.0159
0.0159
0.0159
0.0159
0.0159
0.0159
0.0159
0.0159
0.0159
0.0159
0.0159
0.0159
0.0159
0.0159
0.0159
0.0159
0.0159
0.0159
0.0159
0.0159
0.0159
0.0159
0.0159
0.0159
0.0159
0.0158
0.0158
0.0158
0.0158
0.0157
0.0157
0.0157
0.0157
0.0157
0.0157
0.0158
0.0158
0.0159
0.0159
0.0159
0.0159
0.0159
0.0159
0.0158
0.0158
0.0157
0.0157
0.0157
0.0157
0.0157
0.0158
0.0158
0.0158
0.0158
0.0158
0.0159
0.0159
0.0159
0.0159
0.0159
0.0159
0.0159
0.0159
0.0159
0.0159
0.0159
0.0159
0.0159
0.0159
0.0159
0.0159
0.0159
0.0159
0.0159
0.0159
0.0159
0.0159
0.0159
0.0159
0.0159
0.0159
0.0159
0.0159
0.0159
0.0159
0.0159
0.0159
0.0159
0.0159
0.0159
0.0159
0.0159
0.0159
0.0159
0.0159
0.0159
0.0159
0.0159
0.0159
0.0159
0.0124
0.0124
0.0124
0.0124
0.0124
0.0124
0.0124
0.0124
0.0124
0.0124
0.0124
0.0124
0.0124
0.0124
0.0124
0.0124
0.0124
0.0124
0.0124
0.0124
0.0124
0.0124
0.0124
0.0124
0.0124
0.0124
0.0124
0.0124
0.0124
0.0124
0.0124
0.0124
0.0124
0.0124
0.0124
0.0124
0.0124
0.0124
0.0124
0.0123
0.0123
0.0123
0.0123
0.0123
0.0123
0.0123
0.0123
0.0123
0.0123
0.0122
0.0122
0.0122
0.0122
0.0122
0.0123
0.0124
0.0125
0.0126
0.0126
0.0127
0.0127
0.0126
0.0126
0.0125
0.0124
0.0123
0.0122
0.0122
0.0122
0.0122
0.0122
0.0123
0.0123
0.0123
0.0123
0.0123
0.0123
0.0123
0.0123
0.0123
0.0124
0.0124
0.0124
0.0124
0.0124
0.0124
0.0124
0.0124
0.0124
0.0124
0.0124
0.0124
0.0124
0.0124
0.0124
0.0124
0.0124
0.0124
0.0124
0.0124
0.0124
0.0124
0.0124
0.0124
0.0124
0.0124
0.0124
0.0124
0.0124
0.0124
0.0124
0.0124
0.0124
0.0124
0.0124
0.0124
0.0124
0.0124
0.0124
0.0124
0.0080
0.0080
0.0080
0.0080
0.0080
0.0080
0.0080
0.0080
0.0080
0.0080
0.0080
0.0080
0.0080
0.0080
0.0080
0.0080
0.0080
0.0080
0.0080
0.0080
0.0080
0.0080
0.0080
0.0080
0.0080
0.0080
0.0080
0.0080
0.0080
0.0080
0.0080
0.0080
0.0080
0.0080
0.0080
0.0080
0.0080
0.0080
0.0080
0.0080
0.0080
0.0080
0.0080
0.0080
0.0080
0.0080
0.0080
0.0080
0.0080
0.0080
0.0079
0.0079
0.0079
0.0080
0.0080
0.0080
0.0081
0.0082
0.0083
0.0083
0.0083
0.0082
0.0082
0.0081
0.0080
0.0080
0.0080
0.0079
0.0079
0.0079
0.0080
0.0080
0.0080
0.0080
0.0080
0.0080
0.0080
0.0080
0.0080
0.0080
0.0080
0.0080
0.0080
0.0080
0.0080
0.0080
0.0080
0.0080
0.0080
0.0080
0.0080
0.0080
0.0080
0.0080
0.0080
0.0080
0.0080
0.0080
0.0080
0.0080
0.0080
0.0080
0.0080
0.0080
0.0080
0.0080
0.0080
0.0080
0.0080
0.0080
0.0080
0.0080
0.0080
0.0080
0.0080
0.0080
0.0080
0.0080
0.0080
0.0080
0.0029
0.0029
0.0029
0.0029
0.0029
0.0029
0.0029
0.0029
0.0029
0.0029
0.0029
0.0029
0.0029
0.0029
0.0029
0.0029
0.0029
0.0029
0.0029
0.0029
0.0029
0.0029
0.0029
0.0029
0.0029
0.0029
0.0029
0.0029
0.0029
0.0029
0.0029
0.0029
0.0029
0.0029
0.0029
0.0029
0.0029
0.0029
0.0029
0.0029
0.0029
0.0029
0.0029
0.0029
0.0029
0.0029
0.0029
0.0029
0.0029
0.0029
0.0029
0.0029
0.0029
0.0029
0.0029
0.0029
0.0029
0.0030
0.0030
0.0030
0.0030
0.0030
0.0029
0.0029
0.0029
0.0029
0.0029
0.0029
0.0029
0.0029
0.0029
0.0029
0.0029
0.0029
0.0029
0.0029
0.0029
0.0029
0.0029
0.0029
0.0029
0.0029
0.0029
0.0029
0.0029
0.0029
0.0029
0.0029
0.0029
0.0029
0.0029
0.0029
0.0029
0.0029
0.0029
0.0029
0.0029
0.0029
0.0029
0.0029
0.0029
0.0029
0.0029
0.0029
0.0029
0.0029
0.0029
0.0029
0.0029
0.0029
0.0029
0.0029
0.0029
0.0029
0.0029
0.0029
0.0029
0.0029
0.0029
0.0029
