1500  1.1315  1.1315  31.8037
3000  1.1315  1.1315  31.8057
4500  1.1315  1.1315  31.8052
6000  1.1315  1.1315  31.8033
7500  1.1316  1.1315  31.8011
9000  1.1317  1.1316  31.7994
10500  1.1317  1.1316  31.7987
12000  1.1317  1.1316  31.7992
13500  1.1316  1.1316  31.8006
15000  1.1316  1.1316  31.8022
16500  1.1315  1.1316  31.8034
18000  1.1315  1.1316  31.8041
19500  1.1315  1.1316  31.8044
21000  1.1315  1.1316  31.8048
22500  1.1315  1.1316  31.8058
24000  1.1314  1.1316  31.8076
25500  1.1313  1.1315  31.8105
27000  1.1311  1.1315  31.8146
28500  1.1310  1.1315  31.8200
30000  1.1307  1.1315  31.8266
31500  1.1305  1.1314  31.8333
33000  1.1303  1.1314  31.8398
34500  1.1300  1.1313  31.8457
36000  1.1299  1.1312  31.8508
37500  1.1297  1.1312  31.8549
39000  1.1296  1.1311  31.8578
40500  1.1295  1.1311  31.8597
42000  1.1295  1.1310  31.8606
43500  1.1295  1.1309  31.8615
45000  1.1295  1.1309  31.8622
46500  1.1294  1.1309  31.8630
48000  1.1294  1.1308  31.8632
49500  1.1294  1.1308  31.8633
51000  1.1294  1.1307  31.8634
52500  1.1294  1.1307  31.8636
54000  1.1294  1.1307  31.8637
55500  1.1294  1.1306  31.8637
57000  1.1294  1.1306  31.8634
58500  1.1294  1.1306  31.8626
60000  1.1295  1.1305  31.8611
61500  1.1296  1.1305  31.8590
63000  1.1297  1.1305  31.8561
64500  1.1298  1.1305  31.8527
66000  1.1299  1.1305  31.8487
67500  1.1301  1.1305  31.8442
69000  1.1303  1.1304  31.8389
70500  1.1305  1.1304  31.8320
72000  1.1308  1.1305  31.8237
73500  1.1311  1.1305  31.8151
75000  1.1314  1.1305  31.8068
76500  1.1317  1.1305  31.7991
78000  1.1320  1.1305  31.7917
79500  1.1322  1.1306  31.7854
81000  1.1324  1.1306  31.7804
82500  1.1325  1.1306  31.7771
84000  1.1325  1.1307  31.7752
85500  1.1326  1.1307  31.7744
87000  1.1326  1.1307  31.7745
88500  1.1326  1.1308  31.7750
90000  1.1325  1.1308  31.7756
91500  1.1325  1.1308  31.7759
93000  1.1325  1.1309  31.7754
94500  1.1326  1.1309  31.7744
96000  1.1326  1.1309  31.7730
97500  1.1327  1.1309  31.7718
99000  1.1327  1.1310  31.7705
100500  1.1328  1.1310  31.7691
102000  1.1328  1.1310  31.7676
103500  1.1329  1.1310  31.7663
105000  1.1329  1.1311  31.7657
106500  1.1329  1.1311  31.7657
108000  1.1328  1.1311  31.7668
109500  1.1328  1.1311  31.7690
111000  1.1327  1.1312  31.7721
112500  1.1325  1.1312  31.7759
114000  1.1324  1.1312  31.7801
115500  1.1322  1.1312  31.7848
117000  1.1320  1.1312  31.7899
118500  1.1318  1.1312  31.7953
120000  1.1316  1.1312  31.8007
121500  1.1315  1.1312  31.8056
123000  1.1313  1.1312  31.8100
124500  1.1312  1.1312  31.8139
126000  1.1311  1.1312  31.8169
127500  1.1310  1.1312  31.8193
129000  1.1309  1.1312  31.8216
130500  1.1308  1.1312  31.8242
132000  1.1307  1.1312  31.8273
133500  1.1306  1.1312  31.8312
135000  1.1304  1.1312  31.8356
136500  1.1302  1.1312  31.8404
138000  1.1301  1.1312  31.8453
139500  1.1299  1.1312  31.8500
141000  1.1297  1.1311  31.8544
142500  1.1296  1.1311  31.8587
144000  1.1294  1.1311  31.8629
145500  1.1293  1.1311  31.8671
147000  1.1292  1.1311  31.8706
148500  1.1291  1.1311  31.8732
150000  1.1290  1.1310  31.8749
151500  1.1290  1.1310  31.8756
153000  1.1290  1.1310  31.8758
154500  1.1290  1.1310  31.8756
156000  1.1290  1.1310  31.8751
157500  1.1290  1.1309  31.8743
159000  1.1291  1.1309  31.8729
160500  1.1292  1.1309  31.8708
162000  1.1293  1.1309  31.8680
163500  1.1294  1.1309  31.8645
165000  1.1295  1.1309  31.8607
166500  1.1297  1.1309  31.8567
168000  1.1298  1.1308  31.8526
169500  1.1300  1.1308  31.8480
171000  1.1302  1.1308  31.8425
172500  1.1304  1.1308  31.8362
174000  1.1306  1.1308  31.8294
175500  1.1309  1.1308  31.8225
177000  1.1311  1.1308  31.8150
178500  1.1314  1.1308  31.8069
180000  1.1317  1.1308  31.7979
181500  1.1321  1.1308  31.7876
183000  1.1325  1.1309  31.7767
184500  1.1329  1.1309  31.7653
186000  1.1333  1.1309  31.7531
187500  1.1338  1.1309  31.7402
189000  1.1343  1.1309  31.7268
190500  1.1348  1.1310  31.7130
192000  1.1353  1.1310  31.6985
193500  1.1358  1.1310  31.6840
195000  1.1363  1.1311  31.6700
196500  1.1368  1.1311  31.6570
198000  1.1372  1.1312  31.6452
199500  1.1376  1.1312  31.6345
201000  1.1379  1.1313  31.6245
202500  1.1383  1.1313  31.6149
204000  1.1386  1.1314  31.6053
205500  1.1390  1.1314  31.5961
207000  1.1393  1.1315  31.5876
208500  1.1395  1.1316  31.5802
210000  1.1398  1.1316  31.5743
211500  1.1399  1.1317  31.5698
213000  1.1400  1.1317  31.5669
214500  1.1401  1.1318  31.5656
216000  1.1400  1.1318  31.5662
217500  1.1400  1.1319  31.5687
219000  1.1398  1.1320  31.5728
220500  1.1396  1.1320  31.5776
222000  1.1395  1.1321  31.5819
223500  1.1394  1.1321  31.5854
225000  1.1393  1.1322  31.5883
226500  1.1392  1.1322  31.5907
228000  1.1391  1.1322  31.5926
229500  1.1390  1.1323  31.5943
231000  1.1390  1.1323  31.5962
232500  1.1389  1.1324  31.5983
234000  1.1388  1.1324  31.6001
235500  1.1388  1.1325  31.6015
237000  1.1387  1.1325  31.6027
238500  1.1387  1.1325  31.6042
240000  1.1386  1.1326  31.6060
241500  1.1386  1.1326  31.6076
243000  1.1385  1.1326  31.6081
244500  1.1386  1.1327  31.6071
246000  1.1386  1.1327  31.6057
247500  1.1386  1.1328  31.6054
249000  1.1386  1.1328  31.6063
250500  1.1385  1.1328  31.6082
252000  1.1385  1.1329  31.6104
253500  1.1383  1.1329  31.6133
255000  1.1382  1.1329  31.6169
256500  1.1381  1.1330  31.6203
258000  1.1380  1.1330  31.6232
259500  1.1379  1.1330  31.6250
261000  1.1379  1.1330  31.6257
262500  1.1379  1.1331  31.6254
264000  1.1379  1.1331  31.6246
265500  1.1380  1.1331  31.6237
267000  1.1380  1.1332  31.6225
268500  1.1381  1.1332  31.6206
270000  1.1382  1.1332  31.6181
271500  1.1383  1.1332  31.6153
273000  1.1384  1.1333  31.6124
274500  1.1385  1.1333  31.6098
276000  1.1386  1.1333  31.6076
277500  1.1386  1.1333  31.6063
279000  1.1386  1.1334  31.6059
280500  1.1386  1.1334  31.6063
282000  1.1386  1.1334  31.6071
283500  1.1386  1.1335  31.6077
285000  1.1385  1.1335  31.6080
286500  1.1385  1.1335  31.6079
288000  1.1386  1.1335  31.6074
289500  1.1386  1.1336  31.6068
291000  1.1386  1.1336  31.6061
292500  1.1387  1.1336  31.6046
294000  1.1387  1.1336  31.6027
295500  1.1388  1.1337  31.6006
297000  1.1389  1.1337  31.5991
298500  1.1389  1.1337  31.5975
300000  1.1390  1.1337  31.5954
