48 20
0.0016
0.0016
0.0016
0.0016
0.0016
0.0016
0.0016
0.0017
0.0017
0.0017
0.0017
0.0017
0.0017
0.0017
0.0017
0.0017
0.0017
0.0016
0.0016
0.0016
0.0016
0.0016
0.0016
0.0016
0.0016
0.0016
0.0016
0.0016
0.0016
0.0016
0.0016
0.0017
0.0017
0.0017
0.0017
0.0017
0.0017
0.0017
0.0017
0.0017
0.0017
0.0016
0.0016
0.0016
0.0016
0.0016
0.0016
0.0016
0.0044
0.0045
0.0045
0.0045
0.0045
0.0045
0.0046
0.0047
0.0048
0.0049
0.0049
0.0050
0.0050
0.0049
0.0049
0.0048
0.0047
0.0046
0.0045
0.0045
0.0045
0.0045
0.0045
0.0044
0.0044
0.0045
0.0045
0.0045
0.0045
0.0045
0.0046
0.0047
0.0048
0.0049
0.0049
0.0050
0.0050
0.0049
0.0049
0.0048
0.0047
0.0046
0.0045
0.0045
0.0045
0.0045
0.0045
0.0044
0.0070
0.0070
0.0070
0.0070
0.0071
0.0071
0.0072
0.0074
0.0075
0.0077
0.0078
0.0079
0.0079
0.0078
0.0077
0.0075
0.0074
0.0072
0.0071
0.0071
0.0070
0.0070
0.0070
0.0070
0.0070
0.0070
0.0070
0.0070
0.0071
0.0071
0.0072
0.0074
0.0075
0.0077
0.0078
0.0079
0.0079
0.0078
0.0077
0.0075
0.0073
0.0072
0.0071
0.0071
0.0070
0.0070
0.0070
0.0070
0.0092
0.0092
0.0092
0.0092
0.0093
0.0093
0.0095
0.0097
0.0099
0.0102
0.0104
0.0106
0.0106
0.0104
0.0102
0.0099
0.0097
0.0095
0.0093
0.0093
0.0092
0.0092
0.0092
0.0092
0.0092
0.0092
0.0092
0.0092
0.0093
0.0093
0.0095
0.0097
0.0099
0.0102
0.0104
0.0106
0.0106
0.0104
0.0102
0.0099
0.0097
0.0095
0.0093
0.0093
0.0092
0.0092
0.0092
0.0092
0.0110
0.0110
0.0110
0.0111
0.0111
0.0112
0.0113
0.0116
0.0119
0.0123
0.0125
0.0127
0.0127
0.0126
0.0123
0.0119
0.0116
0.0113
0.0112
0.0111
0.0111
0.0110
0.0110
0.0110
0.0110
0.0110
0.0110
0.0111
0.0111
0.0112
0.0113
0.0116
0.0119
0.0123
0.0125
0.0127
0.0127
0.0126
0.0123
0.0119
0.0116
0.0113
0.0112
0.0111
0.0111
0.0110
0.0110
0.0110
0.0126
0.0126
0.0126
0.0125
0.0125
0.0126
0.0127
0.0130
0.0133
0.0134
0.0136
0.0136
0.0136
0.0136
0.0134
0.0133
0.0130
0.0127
0.0126
0.0125
0.0125
0.0126
0.0126
0.0126
0.0126
0.0126
0.0126
0.0125
0.0125
0.0126
0.0127
0.0130
0.0133
0.0134
0.0136
0.0136
0.0136
0.0136
0.0134
0.0133
0.0130
0.0127
0.0126
0.0125
0.0125
0.0126
0.0126
0.0126
0.0138
0.0138
0.0137
0.0137
0.0136
0.0136
0.0136
0.0137
0.0139
0.0139
0.0140
0.0140
0.0140
0.0140
0.0139
0.0139
0.0137
0.0136
0.0136
0.0136
0.0137
0.0137
0.0138
0.0138
0.0138
0.0138
0.0137
0.0137
0.0136
0.0136
0.0136
0.0137
0.0139
0.0139
0.0140
0.0140
0.0140
0.0140
0.0139
0.0139
0.0137
0.0136
0.0136
0.0136
0.0137
0.0137
0.0138
0.0138
0.0147
0.0146
0.0146
0.0145
0.0144
0.0142
0.0141
0.0141
0.0141
0.0142
0.0142
0.0142
0.0142
0.0142
0.0142
0.0141
0.0141
0.0141
0.0142
0.0144
0.0145
0.0146
0.0146
0.0147
0.0147
0.0146
0.0146
0.0145
0.0144
0.0142
0.0141
0.0141
0.0141
0.0142
0.0142
0.0142
0.0142
0.0142
0.0142
0.0141
0.0141
0.0141
0.0142
0.0144
0.0145
0.0146
0.0146
0.0147
0.0152
0.0152
0.0151
0.0150
0.0148
0.0145
0.0143
0.0143
0.0143
0.0143
0.0143
0.0143
0.0143
0.0143
0.0143
0.0143
0.0143
0.0143
0.0145
0.0148
0.0150
0.0151
0.0152
0.0152
0.0152
0.0152
0.0151
0.0150
0.0148
0.0145
0.0143
0.0143
0.0143
0.0143
0.0143
0.0143
0.0143
0.0143
0.0143
0.0143
0.0143
0.0143
0.0145
0.0148
0.0150
0.0151
0.0152
0.0152
0.0155
0.0155
0.0154
0.0152
0.0150
0.0146
0.0144
0.0143
0.0143
0.0143
0.0144
0.0144
0.0144
0.0144
0.0143
0.0143
0.0143
0.0144
0.0146
0.0150
0.0152
0.0154
0.0155
0.0155
0.0155
0.0155
0.0154
0.0152
0.0150
0.0146
0.0144
0.0143
0.0143
0.0143
0.0144
0.0144
0.0144
0.0144
0.0143
0.0143
0.0143
0.0144
0.0146
0.0150
0.0152
0.0154
0.0155
0.0155
0.0155
0.0155
0.0154
0.0152
0.0150
0.0146
0.0144
0.0143
0.0143
0.0143
0.0144
0.0144
0.0144
0.0144
0.0143
0.0143
0.0143
0.0144
0.0146
0.0150
0.0152
0.0154
0.0155
0.0155
0.0155
0.0155
0.0154
0.0152
0.0150
0.0146
0.0144
0.0143
0.0143
0.0143
0.0144
0.0144
0.0144
0.0144
0.0143
0.0143
0.0143
0.0144
0.0146
0.0150
0.0152
0.0154
0.0155
0.0155
0.0152
0.0152
0.0151
0.0150
0.0148
0.0145
0.0143
0.0143
0.0143
0.0143
0.0143
0.0143
0.0143
0.0143
0.0143
0.0143
0.0143
0.0143
0.0145
0.0148
0.0150
0.0151
0.0152
0.0152
0.0152
0.0152
0.0151
0.0150
0.0148
0.0145
0.0143
0.0143
0.0143
0.0143
0.0143
0.0143
0.0143
0.0143
0.0143
0.0143
0.0143
0.0143
0.0145
0.0148
0.0150
0.0151
0.0152
0.0152
0.0147
0.0146
0.0146
0.0145
0.0144
0.0142
0.0141
0.0141
0.0141
0.0142
0.0142
0.0142
0.0142
0.0142
0.0142
0.0141
0.0141
0.0141
0.0142
0.0144
0.0145
0.0146
0.0146
0.0147
0.0147
0.0146
0.0146
0.0145
0.0144
0.0142
0.0141
0.0141
0.0141
0.0142
0.0142
0.0142
0.0142
0.0142
0.0142
0.0141
0.0141
0.0141
0.0142
0.0144
0.0145
0.0146
0.0146
0.0147
0.0138
0.0138
0.0137
0.0137
0.0136
0.0136
0.0136
0.0137
0.0139
0.0139
0.0140
0.0140
0.0140
0.0140
0.0139
0.0139
0.0137
0.0136
0.0136
0.0136
0.0137
0.0137
0.0138
0.0138
0.0138
0.0138
0.0137
0.0137
0.0136
0.0136
0.0136
0.0137
0.0139
0.0139
0.0140
0.0140
0.0140
0.0140
0.0139
0.0139
0.0137
0.0136
0.0136
0.0136
0.0137
0.0137
0.0138
0.0138
0.0126
0.0126
0.0126
0.0125
0.0125
0.0126
0.0127
0.0130
0.0133
0.0134
0.0136
0.0136
0.0136
0.0136
0.0134
0.0133
0.0130
0.0127
0.0126
0.0125
0.0125
0.0126
0.0126
0.0126
0.0126
0.0126
0.0125
0.0125
0.0125
0.0126
0.0127
0.0130
0.0133
0.0134
0.0136
0.0136
0.0136
0.0136
0.0134
0.0133
0.0130
0.0127
0.0126
0.0125
0.0125
0.0126
0.0126
0.0126
0.0110
0.0110
0.0110
0.0111
0.0111
0.0112
0.0113
0.0116
0.0119
0.0123
0.0126
0.0127
0.0127
0.0125
0.0123
0.0119
0.0116
0.0113
0.0112
0.0111
0.0111
0.0110
0.0110
0.0110
0.0110
0.0110
0.0110
0.0111
0.0111
0.0112
0.0113
0.0116
0.0120
0.0123
0.0126
0.0127
0.0127
0.0125
0.0123
0.0119
0.0116
0.0113
0.0112
0.0111
0.0111
0.0110
0.0110
0.0110
0.0092
0.0092
0.0092
0.0092
0.0093
0.0093
0.0095
0.0097
0.0099
0.0102
0.0104
0.0106
0.0106
0.0104
0.0102
0.0099
0.0097
0.0095
0.0093
0.0093
0.0092
0.0092
0.0092
0.0092
0.0092
0.0092
0.0092
0.0092
0.0093
0.0093
0.0095
0.0097
0.0099
0.0102
0.0104
0.0106
0.0106
0.0104
0.0102
0.0099
0.0097
0.0095
0.0093
0.0093
0.0092
0.0092
0.0092
0.0092
0.0070
0.0070
0.0070
0.0070
0.0071
0.0071
0.0072
0.0074
0.0075
0.0077
0.0078
0.0079
0.0079
0.0078
0.0077
0.0075
0.0074
0.0072
0.0071
0.0071
0.0070
0.0070
0.0070
0.0070
0.0070
0.0070
0.0070
0.0070
0.0071
0.0071
0.0072
0.0074
0.0075
0.0077
0.0078
0.0079
0.0079
0.0078
0.0077
0.0075
0.0074
0.0072
0.0071
0.0071
0.0070
0.0070
0.0070
0.0070
0.0044
0.0045
0.0045
0.0045
0.0045
0.0045
0.0046
0.0047
0.0048
0.0049
0.0049
0.0050
0.0050
0.0049
0.0049
0.0048
0.0047
0.0046
0.0045
0.0045
0.0045
0.0045
0.0045
0.0044
0.0044
0.0045
0.0045
0.0045
0.0045
0.0045
0.0046
0.0047
0.0048
0.0049
0.0049
0.0050
0.0050
0.0049
0.0049
0.0048
0.0047
0.0046
0.0045
0.0045
0.0045
0.0045
0.0045
0.0044
0.0016
0.0016
0.0016
0.0016
0.0016
0.0016
0.0016
0.0017
0.0017
0.0017
0.0017
0.0017
0.0017
0.0017
0.0017
0.0017
0.0017
0.0016
0.0016
0.0016
0.0016
0.0016
0.0016
0.0016
0.0016
0.0016
0.0016
0.0016
0.0016
0.0016
0.0016
0.0017
0.0017
0.0017
0.0017
0.0017
0.0017
0.0017
0.0017
0.0017
0.0017
0.0016
0.0016
0.0016
0.0016
0.0016
0.0016
0.0016
