1500  1.0995  1.0995  25.8544
3000  1.0985  1.0990  25.8759
4500  1.0965  1.0982  25.9232
6000  1.0969  1.0978  25.9157
7500  1.0977  1.0978  25.8952
9000  1.0943  1.0972  25.9755
10500  1.0922  1.0965  26.0262
12000  1.0925  1.0960  26.0183
13500  1.0951  1.0959  25.9569
15000  1.0981  1.0961  25.8874
16500  1.1022  1.0967  25.7889
18000  1.1023  1.0972  25.7882
19500  1.1006  1.0974  25.8279
21000  1.1011  1.0977  25.8167
22500  1.1026  1.0980  25.7810
24000  1.1020  1.0983  25.7958
25500  1.1018  1.0985  25.7993
27000  1.1023  1.0987  25.7869
28500  1.1033  1.0989  25.7646
30000  1.1023  1.0991  25.7886
31500  1.0993  1.0991  25.8570
33000  1.0978  1.0990  25.8931
34500  1.0945  1.0988  25.9719
36000  1.0945  1.0987  25.9711
37500  1.0950  1.0985  25.9606
39000  1.0955  1.0984  25.9477
40500  1.0938  1.0982  25.9877
42000  1.0926  1.0980  26.0155
43500  1.0911  1.0978  26.0530
45000  1.0916  1.0976  26.0394
46500  1.0919  1.0974  26.0324
48000  1.0933  1.0973  25.9996
49500  1.0931  1.0971  26.0044
51000  1.0915  1.0970  26.0439
52500  1.0895  1.0968  26.0898
54000  1.0881  1.0965  26.1237
55500  1.0883  1.0963  26.1184
57000  1.0892  1.0961  26.0971
58500  1.0914  1.0960  26.0453
60000  1.0940  1.0959  25.9838
61500  1.0943  1.0959  25.9762
63000  1.0922  1.0958  26.0263
64500  1.0922  1.0957  26.0267
66000  1.0928  1.0957  26.0112
67500  1.0960  1.0957  25.9357
69000  1.0974  1.0957  25.9036
70500  1.0962  1.0957  25.9311
72000  1.0948  1.0957  25.9640
73500  1.0935  1.0957  25.9949
75000  1.0936  1.0956  25.9921
76500  1.0931  1.0956  26.0040
78000  1.0915  1.0955  26.0418
79500  1.0906  1.0954  26.0631
81000  1.0890  1.0953  26.1026
82500  1.0868  1.0951  26.1544
84000  1.0857  1.0950  26.1810
85500  1.0862  1.0948  26.1701
87000  1.0864  1.0947  26.1653
88500  1.0873  1.0945  26.1425
90000  1.0877  1.0944  26.1336
91500  1.0882  1.0943  26.1217
93000  1.0883  1.0942  26.1196
94500  1.0888  1.0941  26.1073
96000  1.0907  1.0941  26.0619
97500  1.0933  1.0941  26.0001
99000  1.0931  1.0941  26.0043
100500  1.0894  1.0940  26.0938
102000  1.0877  1.0939  26.1335
103500  1.0868  1.0938  26.1563
105000  1.0866  1.0937  26.1612
106500  1.0870  1.0936  26.1507
108000  1.0869  1.0935  26.1522
109500  1.0865  1.0934  26.1629
111000  1.0875  1.0933  26.1393
112500  1.0880  1.0933  26.1269
114000  1.0879  1.0932  26.1299
115500  1.0884  1.0931  26.1180
117000  1.0893  1.0931  26.0943
118500  1.0893  1.0930  26.0947
120000  1.0885  1.0930  26.1136
121500  1.0877  1.0929  26.1326
123000  1.0862  1.0928  26.1694
124500  1.0857  1.0927  26.1812
126000  1.0855  1.0927  26.1866
127500  1.0854  1.0926  26.1896
129000  1.0861  1.0925  26.1730
130500  1.0861  1.0924  26.1714
132000  1.0867  1.0924  26.1576
133500  1.0882  1.0923  26.1210
135000  1.0903  1.0923  26.0713
136500  1.0924  1.0923  26.0208
138000  1.0946  1.0923  25.9688
139500  1.0940  1.0923  25.9839
141000  1.0929  1.0923  26.0095
142500  1.0924  1.0923  26.0223
144000  1.0945  1.0924  25.9712
145500  1.0969  1.0924  25.9149
147000  1.0943  1.0924  25.9770
148500  1.0902  1.0924  26.0742
150000  1.0892  1.0924  26.0975
151500  1.0900  1.0923  26.0787
153000  1.0874  1.0923  26.1404
154500  1.0856  1.0922  26.1839
156000  1.0863  1.0922  26.1685
157500  1.0883  1.0921  26.1188
159000  1.0898  1.0921  26.0832
160500  1.0907  1.0921  26.0623
162000  1.0935  1.0921  25.9957
163500  1.0962  1.0922  25.9307
165000  1.0989  1.0922  25.8685
166500  1.0979  1.0923  25.8904
168000  1.0997  1.0923  25.8491
169500  1.0991  1.0924  25.8631
171000  1.0958  1.0924  25.9411
172500  1.0971  1.0925  25.9098
174000  1.0961  1.0925  25.9347
175500  1.0925  1.0925  26.0185
177000  1.0907  1.0925  26.0629
178500  1.0900  1.0925  26.0793
180000  1.0875  1.0924  26.1384
181500  1.0834  1.0923  26.2365
183000  1.0833  1.0923  26.2411
184500  1.0857  1.0922  26.1816
186000  1.0901  1.0922  26.0763
187500  1.0950  1.0922  25.9594
189000  1.0961  1.0922  25.9344
190500  1.0948  1.0923  25.9632
192000  1.0936  1.0923  25.9937
193500  1.0920  1.0923  26.0305
195000  1.0903  1.0923  26.0722
196500  1.0883  1.0922  26.1201
198000  1.0891  1.0922  26.0999
199500  1.0904  1.0922  26.0702
201000  1.0906  1.0922  26.0636
202500  1.0913  1.0922  26.0472
204000  1.0906  1.0922  26.0631
205500  1.0907  1.0922  26.0615
207000  1.0896  1.0921  26.0875
208500  1.0885  1.0921  26.1154
210000  1.0878  1.0921  26.1312
211500  1.0889  1.0921  26.1045
213000  1.0928  1.0921  26.0123
214500  1.0943  1.0921  25.9764
216000  1.0954  1.0921  25.9493
217500  1.0952  1.0921  25.9552
219000  1.0934  1.0921  25.9981
220500  1.0941  1.0921  25.9815
222000  1.0954  1.0922  25.9503
223500  1.0969  1.0922  25.9146
225000  1.0986  1.0922  25.8755
226500  1.0999  1.0923  25.8439
228000  1.1014  1.0923  25.8097
229500  1.1028  1.0924  25.7761
231000  1.1027  1.0925  25.7786
232500  1.1019  1.0925  25.7976
234000  1.1021  1.0926  25.7930
235500  1.1041  1.0927  25.7464
237000  1.1090  1.0928  25.6310
238500  1.1121  1.0929  25.5609
240000  1.1113  1.0930  25.5795
241500  1.1085  1.0931  25.6431
243000  1.1068  1.0932  25.6833
244500  1.1052  1.0933  25.7193
246000  1.1032  1.0933  25.7662
247500  1.1033  1.0934  25.7641
249000  1.1013  1.0934  25.8103
250500  1.0985  1.0935  25.8767
252000  1.0970  1.0935  25.9122
253500  1.0921  1.0935  26.0280
255000  1.0866  1.0934  26.1602
256500  1.0879  1.0934  26.1288
258000  1.0899  1.0934  26.0805
259500  1.0917  1.0934  26.0372
261000  1.0945  1.0934  25.9704
262500  1.0963  1.0934  25.9295
264000  1.0993  1.0934  25.8583
265500  1.1038  1.0935  25.7518
267000  1.1010  1.0935  25.8170
268500  1.1017  1.0936  25.8010
270000  1.1032  1.0936  25.7660
271500  1.1058  1.0937  25.7055
273000  1.1081  1.0938  25.6516
274500  1.1117  1.0939  25.5684
276000  1.1148  1.0940  25.4993
277500  1.1149  1.0941  25.4970
279000  1.1096  1.0942  25.6177
280500  1.1058  1.0943  25.7061
282000  1.1037  1.0943  25.7541
283500  1.1077  1.0944  25.6623
285000  1.1108  1.0945  25.5898
286500  1.1092  1.0945  25.6267
288000  1.1074  1.0946  25.6691
289500  1.1074  1.0947  25.6678
291000  1.1007  1.0947  25.8240
292500  1.0949  1.0947  25.9619
294000  1.0957  1.0947  25.9423
295500  1.0973  1.0947  25.9051
297000  1.0984  1.0947  25.8781
298500  1.0988  1.0948  25.8702
300000  1.0975  1.0948  25.9000
