1500  1.0779  1.0779  41.8880
3000  1.0776  1.0778  41.8977
4500  1.0775  1.0777  41.9041
6000  1.0774  1.0776  41.9069
7500  1.0774  1.0775  41.9085
9000  1.0773  1.0775  41.9114
10500  1.0772  1.0774  41.9163
12000  1.0770  1.0774  41.9232
13500  1.0769  1.0773  41.9278
15000  1.0768  1.0773  41.9286
16500  1.0768  1.0772  41.9286
18000  1.0768  1.0772  41.9284
19500  1.0769  1.0772  41.9257
21000  1.0769  1.0772  41.9268
22500  1.0768  1.0771  41.9295
24000  1.0768  1.0771  41.9305
25500  1.0768  1.0771  41.9306
27000  1.0767  1.0771  41.9336
28500  1.0766  1.0771  41.9370
30000  1.0766  1.0770  41.9392
31500  1.0765  1.0770  41.9434
33000  1.0763  1.0770  41.9482
34500  1.0763  1.0769  41.9503
36000  1.0763  1.0769  41.9505
37500  1.0763  1.0769  41.9500
39000  1.0763  1.0769  41.9476
40500  1.0764  1.0769  41.9439
42000  1.0764  1.0768  41.9445
43500  1.0763  1.0768  41.9496
45000  1.0761  1.0768  41.9572
46500  1.0758  1.0768  41.9671
48000  1.0756  1.0767  41.9756
49500  1.0755  1.0767  41.9805
51000  1.0754  1.0767  41.9832
52500  1.0753  1.0766  41.9874
54000  1.0752  1.0766  41.9924
55500  1.0751  1.0765  41.9976
57000  1.0750  1.0765  42.0019
58500  1.0749  1.0765  42.0028
60000  1.0750  1.0764  42.0018
61500  1.0750  1.0764  42.0019
63000  1.0749  1.0763  42.0043
64500  1.0748  1.0763  42.0091
66000  1.0746  1.0763  42.0165
67500  1.0744  1.0762  42.0253
69000  1.0741  1.0762  42.0339
70500  1.0740  1.0761  42.0397
72000  1.0739  1.0761  42.0420
73500  1.0739  1.0760  42.0436
75000  1.0738  1.0760  42.0453
76500  1.0738  1.0760  42.0467
78000  1.0738  1.0759  42.0474
79500  1.0739  1.0759  42.0445
81000  1.0740  1.0758  42.0396
82500  1.0741  1.0758  42.0349
84000  1.0741  1.0758  42.0339
85500  1.0741  1.0758  42.0371
87000  1.0739  1.0757  42.0447
88500  1.0737  1.0757  42.0528
90000  1.0735  1.0756  42.0600
91500  1.0734  1.0756  42.0638
93000  1.0734  1.0756  42.0647
94500  1.0734  1.0755  42.0618
96000  1.0735  1.0755  42.0595
97500  1.0736  1.0755  42.0565
99000  1.0736  1.0754  42.0538
100500  1.0737  1.0754  42.0527
102000  1.0737  1.0754  42.0511
103500  1.0737  1.0754  42.0505
105000  1.0738  1.0753  42.0485
106500  1.0739  1.0753  42.0447
108000  1.0740  1.0753  42.0410
109500  1.0740  1.0753  42.0390
111000  1.0740  1.0753  42.0376
112500  1.0741  1.0753  42.0368
114000  1.0741  1.0752  42.0364
115500  1.0741  1.0752  42.0353
117000  1.0741  1.0752  42.0344
118500  1.0741  1.0752  42.0352
120000  1.0741  1.0752  42.0359
121500  1.0741  1.0752  42.0365
123000  1.0741  1.0752  42.0371
124500  1.0741  1.0751  42.0370
126000  1.0741  1.0751  42.0366
127500  1.0741  1.0751  42.0342
129000  1.0742  1.0751  42.0312
130500  1.0743  1.0751  42.0267
132000  1.0745  1.0751  42.0205
133500  1.0747  1.0751  42.0133
135000  1.0749  1.0751  42.0060
136500  1.0750  1.0751  42.0009
138000  1.0751  1.0751  41.9972
139500  1.0751  1.0751  41.9963
141000  1.0751  1.0751  41.9952
142500  1.0752  1.0751  41.9930
144000  1.0753  1.0751  41.9904
145500  1.0753  1.0751  41.9891
147000  1.0753  1.0751  41.9880
148500  1.0753  1.0751  41.9868
150000  1.0754  1.0751  41.9845
151500  1.0755  1.0751  41.9809
153000  1.0756  1.0751  41.9781
154500  1.0756  1.0751  41.9749
156000  1.0758  1.0751  41.9706
157500  1.0759  1.0751  41.9645
159000  1.0761  1.0751  41.9574
160500  1.0763  1.0751  41.9505
162000  1.0764  1.0752  41.9438
163500  1.0766  1.0752  41.9369
165000  1.0768  1.0752  41.9307
166500  1.0769  1.0752  41.9262
168000  1.0770  1.0752  41.9228
169500  1.0770  1.0752  41.9205
171000  1.0771  1.0752  41.9191
172500  1.0771  1.0753  41.9197
174000  1.0770  1.0753  41.9234
175500  1.0768  1.0753  41.9281
177000  1.0768  1.0753  41.9308
178500  1.0768  1.0753  41.9309
180000  1.0768  1.0753  41.9282
181500  1.0770  1.0753  41.9234
183000  1.0770  1.0754  41.9208
184500  1.0771  1.0754  41.9199
186000  1.0771  1.0754  41.9194
187500  1.0771  1.0754  41.9185
189000  1.0771  1.0754  41.9182
190500  1.0772  1.0754  41.9151
192000  1.0774  1.0754  41.9083
193500  1.0775  1.0755  41.9021
195000  1.0776  1.0755  41.8972
196500  1.0777  1.0755  41.8935
198000  1.0777  1.0755  41.8936
199500  1.0776  1.0755  41.8981
201000  1.0775  1.0755  41.9032
202500  1.0774  1.0756  41.9061
204000  1.0773  1.0756  41.9093
205500  1.0773  1.0756  41.9112
207000  1.0772  1.0756  41.9129
208500  1.0771  1.0756  41.9191
210000  1.0769  1.0756  41.9275
211500  1.0767  1.0756  41.9349
213000  1.0766  1.0756  41.9368
214500  1.0765  1.0756  41.9402
216000  1.0764  1.0756  41.9438
217500  1.0763  1.0756  41.9504
219000  1.0760  1.0756  41.9598
220500  1.0757  1.0756  41.9715
222000  1.0754  1.0756  41.9830
223500  1.0752  1.0756  41.9925
225000  1.0751  1.0756  41.9980
226500  1.0750  1.0756  42.0006
228000  1.0749  1.0756  42.0025
229500  1.0749  1.0756  42.0057
231000  1.0747  1.0756  42.0108
232500  1.0746  1.0756  42.0143
234000  1.0746  1.0756  42.0160
235500  1.0745  1.0756  42.0185
237000  1.0744  1.0756  42.0227
238500  1.0743  1.0756  42.0274
240000  1.0742  1.0756  42.0327
241500  1.0740  1.0756  42.0406
243000  1.0738  1.0756  42.0471
244500  1.0737  1.0755  42.0528
246000  1.0736  1.0755  42.0556
247500  1.0736  1.0755  42.0533
249000  1.0738  1.0755  42.0457
250500  1.0740  1.0755  42.0379
252000  1.0742  1.0755  42.0314
253500  1.0744  1.0755  42.0244
255000  1.0745  1.0755  42.0211
256500  1.0745  1.0755  42.0207
258000  1.0745  1.0755  42.0216
259500  1.0744  1.0755  42.0249
261000  1.0742  1.0755  42.0303
262500  1.0741  1.0754  42.0357
264000  1.0740  1.0754  42.0386
265500  1.0740  1.0754  42.0389
267000  1.0740  1.0754  42.0377
268500  1.0741  1.0754  42.0352
270000  1.0741  1.0754  42.0343
271500  1.0741  1.0754  42.0368
273000  1.0740  1.0754  42.0389
274500  1.0739  1.0754  42.0415
276000  1.0739  1.0754  42.0433
277500  1.0739  1.0754  42.0450
279000  1.0737  1.0754  42.0493
280500  1.0736  1.0753  42.0561
282000  1.0735  1.0753  42.0606
283500  1.0734  1.0753  42.0637
285000  1.0734  1.0753  42.0646
286500  1.0733  1.0753  42.0648
288000  1.0733  1.0753  42.0666
289500  1.0733  1.0753  42.0684
291000  1.0732  1.0753  42.0696
292500  1.0732  1.0753  42.0697
294000  1.0732  1.0753  42.0688
295500  1.0733  1.0752  42.0663
297000  1.0734  1.0752  42.0628
298500  1.0735  1.0752  42.0597
300000  1.0736  1.0752  42.0538
