500  7.6642  7.6642  6.5631
1000  7.7778  7.7210  6.4672
1500  7.8332  7.7584  6.4215
2000  7.8514  7.7817  6.4066
2500  7.8559  7.7965  6.4030
3000  7.8574  7.8067  6.4018
3500  7.8587  7.8141  6.4007
4000  7.8604  7.8199  6.3994
4500  7.8623  7.8246  6.3978
5000  7.8644  7.8286  6.3961
5500  7.8665  7.8320  6.3944
6000  7.8685  7.8351  6.3927
6500  7.8705  7.8378  6.3911
7000  7.8723  7.8403  6.3897
7500  7.8739  7.8425  6.3884
8000  7.8753  7.8445  6.3872
8500  7.8766  7.8464  6.3862
9000  7.8776  7.8482  6.3853
9500  7.8786  7.8498  6.3845
10000  7.8794  7.8512  6.3839
10500  7.8801  7.8526  6.3833
11000  7.8807  7.8539  6.3828
11500  7.8812  7.8551  6.3824
12000  7.8816  7.8562  6.3821
12500  7.8820  7.8572  6.3818
13000  7.8823  7.8582  6.3816
13500  7.8825  7.8591  6.3814
14000  7.8827  7.8599  6.3812
14500  7.8829  7.8607  6.3811
15000  7.8830  7.8615  6.3809
15500  7.8832  7.8622  6.3808
16000  7.8833  7.8628  6.3808
16500  7.8833  7.8634  6.3807
17000  7.8834  7.8640  6.3806
17500  7.8835  7.8646  6.3806
18000  7.8835  7.8651  6.3805
18500  7.8836  7.8656  6.3805
19000  7.8836  7.8661  6.3805
19500  7.8836  7.8665  6.3805
20000  7.8836  7.8670  6.3804
20500  7.8837  7.8674  6.3804
21000  7.8837  7.8678  6.3804
21500  7.8837  7.8681  6.3804
22000  7.8837  7.8685  6.3804
22500  7.8837  7.8688  6.3804
23000  7.8837  7.8691  6.3804
23500  7.8837  7.8695  6.3804
24000  7.8837  7.8698  6.3804
24500  7.8838  7.8700  6.3804
25000  7.8838  7.8703  6.3804
25500  7.8838  7.8706  6.3804
26000  7.8838  7.8708  6.3804
26500  7.8838  7.8711  6.3804
27000  7.8838  7.8713  6.3803
27500  7.8838  7.8715  6.3803
28000  7.8838  7.8718  6.3803
28500  7.8838  7.8720  6.3803
29000  7.8838  7.8722  6.3803
29500  7.8838  7.8724  6.3803
30000  7.8838  7.8726  6.3803
30500  7.8838  7.8727  6.3803
31000  7.8838  7.8729  6.3803
31500  7.8838  7.8731  6.3803
32000  7.8838  7.8733  6.3803
32500  7.8838  7.8734  6.3803
33000  7.8838  7.8736  6.3803
33500  7.8838  7.8737  6.3803
34000  7.8838  7.8739  6.3803
34500  7.8838  7.8740  6.3803
35000  7.8838  7.8742  6.3803
35500  7.8838  7.8743  6.3803
36000  7.8838  7.8744  6.3803
36500  7.8838  7.8746  6.3803
37000  7.8838  7.8747  6.3803
37500  7.8838  7.8748  6.3803
38000  7.8838  7.8749  6.3803
38500  7.8838  7.8750  6.3803
39000  7.8838  7.8752  6.3803
39500  7.8838  7.8753  6.3803
40000  7.8838  7.8754  6.3803
40500  7.8838  7.8755  6.3803
41000  7.8838  7.8756  6.3803
41500  7.8838  7.8757  6.3803
42000  7.8838  7.8758  6.3803
42500  7.8838  7.8759  6.3803
43000  7.8838  7.8760  6.3803
43500  7.8838  7.8760  6.3803
44000  7.8838  7.8761  6.3803
44500  7.8838  7.8762  6.3803
45000  7.8838  7.8763  6.3803
45500  7.8838  7.8764  6.3803
46000  7.8838  7.8765  6.3803
46500  7.8838  7.8766  6.3803
47000  7.8838  7.8766  6.3803
47500  7.8838  7.8767  6.3803
48000  7.8838  7.8768  6.3803
48500  7.8838  7.8769  6.3803
49000  7.8838  7.8769  6.3803
49500  7.8838  7.8770  6.3803
50000  7.8838  7.8771  6.3803
50500  7.8839  7.8771  6.3803
51000  7.8839  7.8772  6.3803
51500  7.8839  7.8773  6.3803
52000  7.8839  7.8773  6.3803
52500  7.8839  7.8774  6.3803
53000  7.8838  7.8774  6.3803
53500  7.8839  7.8775  6.3803
54000  7.8839  7.8776  6.3803
54500  7.8839  7.8776  6.3803
55000  7.8839  7.8777  6.3803
55500  7.8839  7.8777  6.3803
56000  7.8839  7.8778  6.3803
56500  7.8839  7.8778  6.3803
57000  7.8839  7.8779  6.3803
57500  7.8839  7.8779  6.3803
58000  7.8839  7.8780  6.3803
58500  7.8839  7.8780  6.3803
59000  7.8839  7.8781  6.3803
59500  7.8839  7.8781  6.3803
60000  7.8839  7.8782  6.3803
60500  7.8839  7.8782  6.3803
61000  7.8839  7.8783  6.3803
61500  7.8839  7.8783  6.3803
62000  7.8839  7.8784  6.3803
62500  7.8839  7.8784  6.3803
63000  7.8839  7.8785  6.3803
63500  7.8839  7.8785  6.3803
64000  7.8839  7.8785  6.3803
64500  7.8839  7.8786  6.3803
65000  7.8839  7.8786  6.3803
65500  7.8839  7.8787  6.3803
66000  7.8839  7.8787  6.3803
66500  7.8839  7.8787  6.3803
67000  7.8839  7.8788  6.3803
67500  7.8839  7.8788  6.3803
68000  7.8839  7.8789  6.3803
68500  7.8839  7.8789  6.3803
69000  7.8839  7.8789  6.3803
69500  7.8839  7.8790  6.3803
70000  7.8839  7.8790  6.3803
70500  7.8839  7.8790  6.3803
71000  7.8839  7.8791  6.3803
71500  7.8839  7.8791  6.3803
72000  7.8839  7.8791  6.3803
72500  7.8839  7.8792  6.3803
73000  7.8839  7.8792  6.3803
73500  7.8839  7.8792  6.3803
74000  7.8839  7.8793  6.3803
74500  7.8839  7.8793  6.3802
75000  7.8839  7.8793  6.3802
75500  7.8839  7.8794  6.3802
76000  7.8839  7.8794  6.3802
76500  7.8839  7.8794  6.3802
77000  7.8839  7.8795  6.3802
77500  7.8839  7.8795  6.3802
78000  7.8839  7.8795  6.3802
78500  7.8839  7.8795  6.3802
79000  7.8839  7.8796  6.3802
79500  7.8839  7.8796  6.3802
80000  7.8839  7.8796  6.3802
80500  7.8839  7.8796  6.3802
81000  7.8839  7.8797  6.3802
81500  7.8839  7.8797  6.3802
82000  7.8839  7.8797  6.3802
82500  7.8839  7.8797  6.3802
83000  7.8839  7.8798  6.3802
83500  7.8839  7.8798  6.3802
84000  7.8839  7.8798  6.3802
84500  7.8839  7.8798  6.3802
85000  7.8839  7.8799  6.3802
85500  7.8839  7.8799  6.3802
86000  7.8839  7.8799  6.3802
86500  7.8839  7.8799  6.3802
87000  7.8839  7.8800  6.3802
87500  7.8839  7.8800  6.3802
88000  7.8839  7.8800  6.3802
88500  7.8839  7.8800  6.3802
89000  7.8839  7.8801  6.3802
89500  7.8839  7.8801  6.3802
90000  7.8839  7.8801  6.3802
90500  7.8839  7.8801  6.3802
91000  7.8839  7.8801  6.3802
91500  7.8839  7.8802  6.3802
92000  7.8839  7.8802  6.3802
92500  7.8839  7.8802  6.3802
93000  7.8839  7.8802  6.3802
93500  7.8839  7.8802  6.3802
94000  7.8839  7.8803  6.3802
94500  7.8839  7.8803  6.3802
95000  7.8839  7.8803  6.3802
95500  7.8839  7.8803  6.3802
96000  7.8839  7.8803  6.3802
96500  7.8839  7.8804  6.3802
97000  7.8839  7.8804  6.3802
97500  7.8839  7.8804  6.3802
98000  7.8839  7.8804  6.3802
98500  7.8839  7.8804  6.3802
99000  7.8839  7.8804  6.3802
99500  7.8839  7.8805  6.3802
100000  7.8839  7.8805  6.3802
