896.5885  121.3592  75.3587  63.7893  0.2077  1.6168
896.2001  40.8069  68.7578  69.6028  0.3226  2.6634
896.8623  107.3042  15.9807  55.3625  0.1121  1.0184
896.0981  19.3248  75.2050  69.1785  0.3374  2.8443
895.3159  26.0128  75.2232  62.1814  0.4385  3.4166
893.4789  57.2251  68.7049  69.1443  0.5853  6.5868
896.4916  12.4926  15.7816  55.6861  0.1677  1.4064
893.5119  37.5142  74.9955  68.2725  0.5755  6.4808
894.2858  51.9661  74.8861  60.4201  0.5269  4.4113
892.6995  75.0839  68.6981  68.9036  0.6135  7.4972
895.9756  38.2241  16.6222  54.0729  0.2763  2.1884
892.6703  57.0874  74.7596  68.0373  0.6156  7.8711
893.9660  79.1646  74.8411  59.3568  0.5329  4.1825
892.7394  93.6969  68.7308  69.1756  0.6077  7.3411
895.6195  64.1578  17.0636  53.8007  0.3207  2.4397
892.6430  77.1511  74.7068  68.2511  0.6164  8.0559
894.2531  107.1107  75.3877  60.1596  0.4950  3.3979
892.3892  113.2696  68.7605  69.9247  0.6323  8.8005
895.4467  90.0571  16.7921  54.2383  0.3502  2.4013
892.9555  97.7182  74.8991  68.7558  0.6003  7.8458
894.4283  16.5354  75.8645  59.6696  0.4748  3.6493
892.4886  13.5698  68.6444  69.5550  0.6218  8.5570
895.1076  116.6678  15.7414  56.2858  0.3807  3.6281
892.4939  -0.1538  75.1943  69.1620  0.6237  9.8486
894.9804  44.4205  75.4973  58.0840  0.4411  3.2339
893.0907  33.4166  68.4127  68.3865  0.5868  6.9297
895.3013  24.1657  16.0886  54.9342  0.3573  3.0737
892.6476  22.6407  75.2266  67.7064  0.6096  9.0668
894.8096  72.6019  75.1493  58.2250  0.4658  3.6320
893.0522  53.4186  68.1277  67.7423  0.5859  6.8023
895.2279  50.3362  16.8092  53.9610  0.3673  2.8731
892.9069  45.0706  75.0897  66.1880  0.5898  7.5648
894.8855  100.8556  75.2998  59.7184  0.4660  3.5047
892.9204  73.8444  67.8918  67.6408  0.5908  6.7300
895.2653  76.4121  16.9530  53.9355  0.3718  2.5207
892.9738  68.0127  75.1728  65.3927  0.5812  6.5380
894.4841  10.7141  75.5032  60.8963  0.4957  3.9747
892.8117  94.5881  67.7564  68.1614  0.5899  6.7013
895.2482  102.4185  16.2303  55.0997  0.3852  3.1301
893.1198  91.5748  75.6377  65.3118  0.5666  6.0048
895.1171  39.4721  75.1224  58.9364  0.4355  2.7892
892.3542  -3.7661  67.6792  69.0669  0.6104  7.9093
895.1864  10.1835  15.6253  56.1289  0.3677  2.5557
892.7902  116.4694  76.3348  66.1384  0.5838  6.8042
895.0049  68.2608  74.8378  58.5837  0.4562  3.0775
892.8181  18.6548  67.5288  68.2741  0.5869  7.2044
895.2461  36.7659  16.4594  54.3235  0.3663  3.1070
893.5083  22.3549  76.5879  64.7438  0.5360  5.6742
895.0688  97.1365  75.0372  59.5382  0.4508  2.9032
893.3444  40.5058  67.3391  67.0014  0.5663  6.1197
895.2683  62.9380  16.9703  53.9450  0.3670  2.6722
894.0763  47.3283  76.3962  63.3631  0.5082  4.6268
894.4963  7.2629  75.3715  61.1316  0.5003  3.9215
893.3899  62.5849  67.2266  66.4413  0.5739  6.4033
895.2971  88.9752  16.7851  54.3163  0.3717  2.4619
894.1541  72.4169  76.3169  63.1207  0.5223  4.4143
895.1025  36.5009  75.0707  59.0628  0.4353  2.8134
893.4235  85.1743  67.2683  66.4617  0.5802  6.6784
895.1078  115.6382  15.7869  56.3531  0.3882  3.6301
894.1643  97.6212  76.5541  63.9389  0.5341  4.9565
895.0177  65.4829  74.7686  58.5756  0.4538  3.0746
893.0382  108.5767  67.4964  67.4370  0.6068  7.9224
895.3148  23.2990  16.1150  55.1481  0.3547  3.0567
893.5542  4.0951  76.8357  65.1283  0.5769  6.7201
895.0608  94.5123  74.9167  59.3810  0.4469  2.8744
892.9665  13.3333  67.6596  67.2059  0.6016  7.6313
895.2660  49.5536  16.8940  54.1386  0.3600  2.7871
894.1449  30.2618  76.5166  63.5552  0.5315  5.1420
894.5060  4.5530  75.2748  61.3180  0.4988  3.8733
893.5627  37.3528  67.6507  65.6524  0.5677  6.2230
895.3032  75.6989  17.0998  54.1087  0.3636  2.4816
894.2048  55.6897  76.0749  62.7236  0.5318  4.8385
895.0915  34.0188  74.9976  59.3680  0.4330  2.8540
893.5622  61.2494  67.6525  65.0340  0.5697  5.9586
895.2859  101.7695  16.4368  55.2319  0.3741  3.0383
894.1863  81.3605  75.9349  62.7903  0.5347  4.5899
895.0419  62.9210  74.6580  58.8137  0.4491  3.0686
893.6230  85.4607  67.7989  65.1710  0.5649  5.4921
895.2014  9.5792  15.8138  56.3609  0.3593  2.5459
893.9943  107.4295  76.1747  64.1805  0.5500  4.6911
895.0020  91.8764  74.7652  59.4627  0.4499  2.9581
893.3591  110.2903  68.0873  66.4545  0.5868  6.1550
895.2751  36.2487  16.6407  54.5492  0.3539  3.0390
893.9030  14.9438  76.2151  64.1463  0.5482  4.8719
894.4971  1.5286  75.2081  61.5264  0.5009  4.0116
893.4391  16.2516  68.2130  66.0965  0.5750  5.9939
895.2941  62.4722  17.1614  54.1515  0.3565  2.6385
894.4052  41.2151  75.7715  62.5075  0.5136  3.9903
894.8949  30.9549  75.1546  59.4561  0.4555  3.2073
893.8532  41.1478  68.0564  64.6817  0.5500  5.1874
895.3269  88.5626  16.9852  54.4971  0.3624  2.4114
894.3090  67.4325  75.4713  62.0856  0.5232  4.1536
894.8829  59.6994  75.0337  58.2974  0.4692  3.2422
893.7260  65.8685  67.8917  64.3821  0.5616  5.4667
895.1398  115.2562  15.9838  56.5184  0.3781  3.5619
894.3386  93.8451  75.5788  62.6762  0.5220  3.9816
894.8730  88.8244  75.4004  58.2670  0.4626  3.1653
893.7346  90.6516  67.8655  64.9489  0.5635  5.3862
895.3202  22.9954  16.2776  55.3579  0.3457  2.9755
893.8273  1.3880  75.8928  64.1913  0.5604  5.0762
894.7024  118.6271  76.1504  60.1593  0.4781  3.6877
893.2841  -3.8979  67.9791  66.4423  0.5907  6.4198
895.2822  49.2963  17.0560  54.3339  0.3500  2.7485
894.4023  28.9751  75.6913  62.5519  0.5093  3.9283
895.2229  28.6740  76.1685  58.1670  0.3912  2.5451
893.7286  22.2080  67.9572  65.5020  0.5545  5.3000
895.3086  75.4827  17.2699  54.2894  0.3555  2.4305
894.4578  55.6291  75.3111  61.5988  0.5101  3.9684
895.4692  57.8346  75.7726  57.2706  0.3847  2.2864
893.9806  47.2047  67.8247  64.2627  0.5407  4.8289
895.2995  101.5976  16.6174  55.3943  0.3651  2.9922
894.4181  82.5498  75.2661  61.6890  0.5144  3.9773
895.3790  87.1560  75.7171  57.7537  0.4055  2.8178
893.8717  72.3611  67.8000  64.0086  0.5538  5.3502
895.1970  9.4479  15.9902  56.5340  0.3526  2.5917
894.2128  109.8497  75.6166  63.3044  0.5368  4.4281
894.9694  116.7133  76.0687  60.2311  0.4567  3.9252
893.7903  97.7654  67.9890  64.7664  0.5601  5.3956
895.2766  36.1794  16.8141  54.7160  0.3440  3.0277
894.1967  18.4087  75.6893  62.8539  0.5246  4.3402
895.0937  26.7227  75.8476  58.7490  0.4139  3.1243
893.2609  4.4618  68.2345  65.8391  0.5908  6.3578
895.3019  62.4475  17.3376  54.3137  0.3482  2.5771
894.6157  45.5559  75.3167  61.2897  0.4946  3.6898
895.2243  55.6928  75.3570  57.7132  0.4160  2.8198
893.9552  30.8631  68.2111  64.2247  0.5424  4.8458
895.3283  88.5805  17.1605  54.6561  0.3553  2.4106
894.5001  72.8053  75.1315  61.0681  0.5070  3.8908
895.1701  85.0609  75.2892  57.9108  0.4271  2.7401
894.0013  56.4837  68.1043  63.4006  0.5430  4.7925
895.1442  -4.6742  16.1605  56.6734  0.3699  3.5114
894.5446  100.1559  75.3854  62.1504  0.5070  3.7000
895.0023  114.6922  75.6855  60.0962  0.4481  3.2553
893.9647  82.2749  68.1430  63.5083  0.5449  4.6524
895.3141  23.1070  16.4539  55.4947  0.3388  2.9976
893.9478  8.8860  75.6693  63.1964  0.5443  4.8868
895.0563  24.9941  75.5906  58.5280  0.4236  2.7136
893.7588  108.4113  68.3633  64.9392  0.5650  5.1644
895.2875  49.4553  17.2306  54.4693  0.3422  2.6952
894.5339  36.6450  75.3910  61.4096  0.4956  3.7342
895.2133  54.1862  75.1559  57.0500  0.4242  2.6929
893.7057  15.8368  68.4614  64.7915  0.5603  5.3984
895.3151  75.6802  17.4355  54.4284  0.3494  2.4269
894.3754  63.9905  75.1204  60.9877  0.5128  4.0647
895.0712  83.8871  75.1031  56.7981  0.4413  2.7402
894.1894  42.0229  68.3143  63.2206  0.5295  4.4044
895.3154  101.8374  16.7706  55.5485  0.3583  2.9946
894.3149  91.3780  75.2552  61.6947  0.5185  4.0254
895.0639  113.7264  75.5332  58.6189  0.4291  2.7486
894.0791  68.0901  68.2167  62.8585  0.5398  4.5652
895.1935  9.7387  16.1551  56.6387  0.3476  2.6388
893.6867  -0.4748  75.6591  63.6581  0.5651  5.1813
894.8205  24.2680  75.4639  56.5748  0.3882  2.4896
894.1352  94.2881  68.3274  63.4964  0.5370  4.3437
895.2831  36.4932  16.9798  54.8225  0.3372  2.9733
893.8459  27.8160  75.5668  62.4007  0.5275  4.2900
894.8342  53.9671  75.0242  54.8273  0.3472  2.1475
893.5996  121.5992  68.5343  64.9505  0.5752  5.5577
895.3068  62.7868  17.4926  54.4311  0.3423  2.5622
893.4918  54.9115  75.2449  61.6878  0.5354  4.4711
894.5923  84.3545  74.9786  54.5317  0.3318  2.0755
894.1614  28.9334  68.4718  63.3709  0.5282  4.4210
895.3354  88.9420  17.2981  54.7879  0.3500  2.4236
893.3148  81.9617  75.2325  62.0436  0.5374  4.4390
894.3982  114.5063  75.4576  56.8060  0.3103  2.1551
894.2072  55.3219  68.3027  62.4244  0.5280  4.3558
895.1298  -4.2554  16.2968  56.8123  0.3637  3.5304
893.1427  109.1395  75.6186  63.8291  0.5419  4.8924
894.8947  25.0761  75.3812  55.1049  0.2196  1.7961
894.1681  81.9166  68.2984  62.5054  0.5322  4.3248
895.2993  23.5259  16.6125  55.5723  0.3337  2.9920
893.7338  17.5782  75.7338  63.6455  0.5183  4.3710
895.5575  54.7907  74.9650  54.1860  0.1866  1.8451
893.9265  108.8706  68.5040  64.0357  0.5521  4.8275
895.2881  49.8930  17.3784  54.5740  0.3359  2.6984
894.3676  44.5167  75.3832  62.2020  0.4781  3.7538
895.7777  85.0452  74.9627  54.6824  0.2092  1.9178
893.9137  17.1372  68.5829  63.7794  0.5460  4.9226
895.3149  76.1380  17.5648  54.5441  0.3448  2.3919
894.4114  71.4211  75.1852  61.9571  0.4942  3.9884
895.6257  114.9291  75.4440  57.4773  0.2608  2.5047
894.3551  44.0456  68.4102  62.1868  0.5156  4.0391
895.3066  102.3237  16.8756  55.7045  0.3536  3.0518
894.4594  98.4513  75.4131  62.8284  0.5057  3.9187
895.6378  25.3477  75.3649  56.0449  0.2585  2.1550
894.2485  70.9596  68.3181  61.8957  0.5268  4.2297
895.1940  10.2715  16.2860  56.7044  0.3435  2.6624
893.8394  6.8761  75.7160  63.9641  0.5568  5.0974
895.6455  54.9371  74.9432  55.0177  0.2809  2.2828
894.2863  97.9956  68.4601  62.7865  0.5256  4.0843
895.2826  37.0177  17.1086  54.9106  0.3318  2.9114
894.4141  34.5639  75.4617  62.1141  0.5078  3.8897
895.6388  85.1827  74.9242  55.3126  0.3121  2.2589
893.7451  6.3671  68.6544  64.0179  0.5610  5.1688
895.3088  63.3279  17.6029  54.5376  0.3374  2.5268
894.3336  61.6966  75.1618  61.4348  0.5164  4.1394
895.5120  115.2954  75.3821  57.9211  0.3238  2.6274
894.4272  34.1073  68.5434  62.1709  0.5083  3.8857
895.3428  89.4997  17.3826  54.9201  0.3457  2.4105
894.3927  88.9581  75.2409  61.8024  0.5155  3.9965
895.5807  25.9897  75.2826  56.3266  0.2773  1.9642
894.3718  61.2577  68.3923  61.4757  0.5170  4.0547
895.1391  116.3698  16.3758  56.9492  0.3584  3.4734
893.9539  116.9312  75.6320  63.6076  0.5505  4.8725
895.7542  55.8354  74.8521  55.2704  0.2819  2.0659
894.3728  88.6016  68.4500  61.8347  0.5177  3.9578
895.3016  24.1277  16.7205  55.6302  0.3289  2.9800
894.3752  25.4342  75.5614  62.2912  0.5094  3.9973
895.7377  86.2536  74.8391  55.5682  0.3033  2.0739
893.9215  -3.3315  68.6867  63.6526  0.5533  4.8465
895.3039  50.5034  17.4720  54.6682  0.3306  2.6727
894.5217  52.7202  75.2061  61.1523  0.5022  3.8285
895.5161  116.6030  75.2897  58.1980  0.3183  2.5719
894.3473  25.3180  68.6734  62.3318  0.5121  4.0519
895.3324  76.7582  17.6386  54.6540  0.3406  2.3937
894.4904  80.1770  75.1393  61.1795  0.5107  3.9146
895.5742  27.3167  75.1570  56.4269  0.2737  2.0279
894.5234  52.7351  68.4914  61.1460  0.5039  3.7906
895.3234  102.9693  16.9258  55.8660  0.3490  3.0722
894.2925  107.8608  75.4953  62.7646  0.5259  4.1447
895.7158  57.2601  74.7382  55.4419  0.2840  2.1639
894.4167  80.3888  68.4743  61.1621  0.5117  3.8516
895.2104  10.9678  16.3799  56.7503  0.3392  2.6806
894.1782  16.8999  75.6265  62.6367  0.5258  4.4379
895.6450  87.6631  74.7554  55.7763  0.3072  2.1865
894.2472  108.2988  68.6962  62.7758  0.5265  4.2294
895.2948  37.7004  17.2080  54.9891  0.3261  2.8616
894.6219  44.5201  75.2716  60.9967  0.4922  3.6351
895.4318  -1.8976  75.2106  58.4024  0.3225  2.7252
894.1960  17.5522  68.7886  62.5455  0.5220  4.2647
895.3160  64.0296  17.6893  54.6360  0.3330  2.5006
894.5214  72.1656  75.0831  60.7462  0.5071  3.8724
895.5058  28.6630  75.0667  56.4232  0.2801  2.1044
894.6449  45.3487  68.6037  60.8902  0.4900  3.5398
895.3387  90.2202  17.4458  55.0499  0.3413  2.3848
894.5256  99.8741  75.3378  61.8011  0.5034  3.6865
895.6161  58.5952  74.6942  55.4411  0.2951  2.2563
894.5285  73.2677  68.5163  60.6616  0.5046  3.7280
895.1309  117.1831  16.4456  57.0813  0.3540  3.4058
894.0273  8.9893  75.6283  62.8749  0.5389  4.6679
895.5690  88.9146  74.7958  55.6956  0.3204  2.2203
894.5209  101.2703  68.6737  61.8456  0.5014  3.6098
895.2959  24.9087  16.8340  55.6704  0.3246  2.9538
894.6543  37.1442  75.3352  60.9499  0.4850  3.4918
895.3787  -0.6422  75.3351  58.1521  0.3229  2.7801
894.0549  10.7007  68.8281  62.7409  0.5351  4.6063
895.3043  51.3031  17.5730  54.7505  0.3264  2.6475
894.5939  64.9392  75.0549  60.4112  0.4990  3.7432
895.4531  29.6887  75.2600  55.8011  0.2772  2.1416
894.6747  38.9694  68.6334  60.8489  0.4851  3.4755
895.3312  77.5765  17.7183  54.7541  0.3377  2.3815
894.6135  92.8461  75.1915  61.0051  0.4960  3.5683
895.5993  59.6769  74.9888  54.6849  0.2852  2.1893
894.5288  67.0134  68.4605  60.4301  0.5028  3.7925
895.3015  103.8270  16.9773  56.0335  0.3456  3.1330
894.0763  1.7477  75.5692  62.7988  0.5409  4.6100
895.6133  90.0639  75.2344  54.7660  0.2934  1.9511
894.5515  95.1264  68.5240  61.2443  0.5000  3.6118
895.2152  11.8803  16.4868  56.7635  0.3355  2.6800
894.6678  30.5445  75.3834  61.0040  0.4834  3.4343
895.4449  0.5255  75.9117  57.0997  0.2714  2.3192
893.9698  124.3378  68.7029  62.9311  0.5451  4.7897
895.2948  38.5943  17.3197  55.0437  0.3220  2.8783
894.6809  58.4800  75.0404  60.1359  0.4889  3.5205
895.5251  30.6290  75.8743  54.4471  0.1915  2.0602
894.5967  33.0482  68.5504  61.0833  0.4888  3.6806
895.3210  64.9461  17.7822  54.7134  0.3304  2.4175
894.6520  86.6098  75.0663  60.4101  0.4926  3.5062
895.6763  60.7976  75.6320  53.4329  0.1844  1.6737
894.5227  61.0536  68.3452  60.3989  0.5006  3.8719
895.3433  91.1563  17.5072  55.1717  0.3384  2.4047
894.2988  115.2663  75.4644  62.3789  0.5247  4.1863
895.6718  91.3175  75.9166  53.6795  0.1795  1.5507
894.5132  89.2176  68.3712  60.8560  0.4999  3.6737
895.1191  118.2325  16.5166  57.1952  0.3499  3.2755
894.5871  24.6467  75.4112  61.1327  0.4875  3.6099
895.2817  1.7271  76.5819  56.2797  0.1632  2.0974
893.9348  118.0482  68.5754  62.8728  0.5396  4.6826
895.2914  25.9125  16.9594  55.6765  0.3209  2.9261
894.7794  52.7377  75.0334  59.9105  0.4787  3.3918
895.2474  31.5679  76.4198  53.7951  0.1289  2.8254
894.4374  27.2123  68.5019  61.4168  0.4901  3.6797
895.2948  52.3329  17.6837  54.8079  0.3234  2.6068
894.6816  81.0595  74.9624  59.9609  0.4908  3.4678
895.4167  61.7378  76.0932  53.1096  0.1170  1.9834
894.5907  55.1967  68.2949  60.3956  0.4882  3.6392
895.3190  78.6257  17.8009  54.8421  0.3357  2.3827
894.4885  109.5816  75.3329  61.7493  0.5054  3.7861
895.6047  92.1683  76.2393  53.6833  0.1282  1.7203
894.5534  83.4472  68.3000  60.5582  0.4951  3.6499
895.2927  104.9257  17.0250  56.2068  0.3436  3.2110
894.4824  19.3614  75.4111  61.3002  0.4954  3.7609
895.2047  2.5272  76.7342  56.4721  0.1198  2.3270
894.3066  112.0056  68.5235  62.4730  0.5201  4.1993
895.2095  13.0428  16.6073  56.7392  0.3325  2.6346
894.8828  47.6446  75.0303  59.7378  0.4692  3.2624
895.2184  32.2585  76.3893  54.1279  0.1171  2.7204
894.4515  21.6191  68.5620  61.6960  0.4980  3.6902
895.2802  39.7385  17.4433  55.0729  0.3196  2.8913
894.7310  76.1223  74.8801  59.6092  0.4846  3.4915
895.4056  62.3538  75.9419  53.5626  0.0969  2.1621
894.7460  49.7487  68.3708  60.2915  0.4806  3.4263
895.3037  66.1076  17.8751  54.7803  0.3294  2.4508
894.7563  104.6433  75.1992  61.0761  0.4862  3.3868
895.5190  92.6805  76.0182  54.1934  0.1164  2.0056
894.6093  78.1349  68.3456  60.2355  0.4959  3.6249
895.3212  92.3323  17.5529  55.2926  0.3373  2.4675
894.4048  14.6165  75.3917  61.4497  0.5043  3.9269
895.1466  3.1349  76.4288  56.8758  0.1340  2.6182
894.5258  106.6218  68.5764  61.8379  0.5046  3.8098
895.0957  119.5459  16.5695  57.2919  0.3482  3.1457
894.9227  43.1461  75.0314  59.6067  0.4611  3.1080
895.2748  32.9405  76.0338  54.4785  0.0992  2.3132
894.3237  16.5025  68.7057  61.8898  0.5116  4.0111
895.2775  27.1504  17.0654  55.6549  0.3194  2.9411
894.7964  71.7480  74.8204  59.3158  0.4787  3.3935
895.4432  63.0985  75.5806  53.9047  0.1044  2.0663
894.7934  44.8743  68.5346  60.1586  0.4755  3.2639
895.2953  53.5718  17.7567  54.8546  0.3224  2.5481
894.8690  100.3582  75.0812  60.4551  0.4723  3.1719
895.5966  93.4775  75.6723  54.5540  0.1298  1.8397
894.6488  73.3807  68.4657  59.9323  0.4925  3.5191
895.3222  79.8614  17.8271  54.9189  0.3352  2.3569
894.3578  10.3659  75.3653  61.5268  0.5104  4.0599
895.2037  4.1360  76.0756  57.1003  0.1614  2.5119
894.6934  101.9100  68.6606  61.1915  0.4894  3.4071
895.2703  106.2065  16.9987  56.3838  0.3430  3.2828
894.9606  39.1918  75.0415  59.5043  0.4536  3.0209
895.3524  34.0402  75.6976  54.6552  0.1109  2.1805
894.2382  11.8700  68.8390  62.0170  0.5197  4.2945
895.2243  14.3514  16.6526  56.6802  0.3302  2.6470
894.8679  67.8935  74.7817  59.0560  0.4716  3.2717
895.5110  64.3198  75.2878  54.1072  0.1379  2.0474
894.8347  40.5373  68.6771  60.0611  0.4697  3.1963
895.2944  40.9881  17.4781  55.0910  0.3175  2.8233
894.9055  96.6384  74.9828  59.9153  0.4654  3.0324
895.6506  94.7480  75.4281  54.8290  0.1542  1.8045
894.7448  69.1413  68.5631  59.6684  0.4869  3.4242
895.3273  67.3346  17.8699  54.8345  0.3279  2.4461
894.3693  6.5925  75.3312  61.5012  0.5113  4.0362
895.2136  5.5837  75.8308  57.2082  0.1889  2.5385
894.7594  97.7908  68.7148  60.6174  0.4811  3.2344
895.3439  93.5410  17.4975  55.4080  0.3352  2.5030
894.9908  35.7385  75.0570  59.4169  0.4469  2.9329
895.3656  35.4904  75.4644  54.7526  0.1340  2.1455
894.2094  7.7243  68.9270  62.0398  0.5241  4.2733
895.1174  0.8605  16.5305  57.3561  0.3455  3.0956
894.9174  64.5273  74.7623  58.8121  0.4635  3.1730
895.5077  65.8613  75.0956  54.2567  0.1643  2.1222
894.8688  36.7335  68.7824  59.9893  0.4641  3.1122
895.3021  28.3519  17.0812  55.6331  0.3160  2.9256
894.9678  93.4211  74.9102  59.4497  0.4597  3.0063
895.6342  96.2857  75.2821  55.0873  0.1698  1.8614
894.7682  65.4265  68.6307  59.4322  0.4801  3.3816
895.3141  54.7499  17.7495  54.8985  0.3196  2.5130
894.4415  3.2925  75.3012  61.3676  0.5068  3.9444
895.1935  7.2579  75.6728  57.2493  0.2073  2.5891
894.8000  94.2254  68.7386  60.1376  0.4765  3.1751
895.3347  81.0172  17.7889  54.9929  0.3322  2.3167
895.0221  32.7576  75.0790  59.3281  0.4414  2.8686
895.3442  37.1204  75.3034  54.8219  0.1511  2.1825
894.2491  4.0710  68.9703  61.9598  0.5240  4.1494
895.2648  107.3931  16.9287  56.5493  0.3408  3.2934
895.0097  61.6319  74.7571  58.5686  0.4546  3.0482
895.4877  67.5508  74.9716  54.3856  0.1838  2.1779
894.8720  33.4300  68.8471  59.9416  0.4607  3.0668
895.2368  15.5383  16.6699  56.6300  0.3258  2.6574
895.0173  90.6786  74.8594  59.0386  0.4540  2.9018
895.6010  97.9374  75.2013  55.3441  0.1795  1.8828
894.8365  62.2053  68.6670  59.2200  0.4749  3.2964
895.2964  42.1299  17.4992  55.1192  0.3142  2.8006
894.5552  0.4722  75.2788  61.1455  0.4990  3.7627
895.1742  9.0127  75.5695  57.2341  0.2180  2.5825
894.8251  91.1508  68.7357  59.7390  0.4733  3.1630
895.3178  68.4661  17.8725  54.8926  0.3258  2.4268
895.0320  30.2322  75.1114  59.2305  0.4367  2.7991
895.3544  38.8189  75.1897  54.8643  0.1625  2.1374
894.3970  120.8973  68.9778  61.7896  0.5188  4.0746
895.3459  94.6673  17.4687  55.5311  0.3330  2.5506
895.0879  59.1954  74.7724  58.3230  0.4443  2.9106
895.4681  69.2906  74.8923  54.4796  0.1985  2.1929
894.8691  30.5782  68.8823  59.9072  0.4585  2.9960
895.1104  2.0992  16.5404  57.4096  0.3428  3.0341
895.0568  88.3947  74.8379  58.6682  0.4477  2.8764
895.5763  99.6208  75.1628  55.5693  0.1836  1.9322
894.8747  59.4332  68.6823  59.0243  0.4682  3.1807
895.2966  29.5060  17.1502  55.6251  0.3137  2.9407
894.6909  118.1365  75.2741  60.8646  0.4863  3.5655
895.1584  10.7625  75.5015  57.1334  0.2231  2.5175
894.8672  88.5162  68.7202  59.4002  0.4705  3.1389
895.3203  55.9131  17.8082  54.9435  0.3184  2.5060
895.0515  28.1502  75.1575  59.1208  0.4316  2.7460
895.3461  40.5080  75.1088  54.8294  0.1707  2.0817
894.4103  118.1815  68.9687  61.5534  0.5106  3.9451
895.3298  82.1900  17.8256  55.0735  0.3314  2.3602
895.1898  57.2029  74.8077  58.0863  0.4335  2.7813
895.5031  71.0138  74.8415  54.4711  0.2084  2.1926
894.8554  28.1447  68.9048  59.8721  0.4576  3.0628
895.2592  108.6397  16.9441  56.7194  0.3399  3.3456
895.0900  86.5447  74.8455  58.3465  0.4417  2.7240
895.5880  101.2837  75.1483  55.6742  0.1867  1.9216
894.9430  57.0733  68.6927  58.8405  0.4608  3.0851
895.2470  16.8100  16.7820  56.5751  0.3231  2.7005
894.8129  116.2648  75.2927  60.5791  0.4724  3.3832
895.1490  12.4400  75.4502  56.8565  0.2244  2.4269
894.8915  86.2816  68.7051  59.1058  0.4671  3.0670
895.2966  43.3975  17.6171  55.1382  0.3128  2.7275
895.0651  26.4858  75.2250  59.0293  0.4266  2.7130
895.3387  42.1248  75.0405  54.6012  0.1761  2.0675
894.5746  115.8985  68.9548  61.2776  0.4994  3.7411
895.3143  69.7591  17.9679  54.9460  0.3256  2.3909
895.2115  55.6198  74.8723  57.8983  0.4244  2.6926
895.4681  72.6816  74.7960  54.2310  0.2122  2.1525
894.8503  26.1030  68.9209  59.8250  0.4559  3.1135
895.3396  95.9912  17.5211  55.6584  0.3319  2.5933
895.1469  85.0748  74.8906  58.1096  0.4348  2.7585
895.6130  102.9102  75.1301  55.5215  0.1847  1.9964
895.0134  55.1054  68.7046  58.6603  0.4539  3.0123
895.1005  3.5838  16.6376  57.4360  0.3414  3.0297
894.8774  114.7827  75.3444  60.3537  0.4628  3.2337
895.1609  14.0146  75.3848  56.2755  0.2182  2.3366
894.9218  84.4284  68.6993  58.8407  0.4641  3.0553
895.2795  30.9059  17.3044  55.5897  0.3125  2.9091
895.0411  25.1547  75.3199  59.0095  0.4260  2.7087
895.3439  43.6483  74.9517  54.0510  0.1709  2.1388
894.6865  114.0263  68.9508  60.9891  0.4903  3.5651
895.3097  57.3335  17.9366  54.9721  0.3183  2.5043
895.2079  54.3391  74.9667  57.8056  0.4191  2.6092
895.5118  74.2993  74.7193  53.6454  0.1989  2.0948
894.8392  24.4298  68.9444  59.7637  0.4542  2.9695
895.3217  83.6300  17.9093  55.1400  0.3314  2.3563
895.1326  83.8632  74.9701  57.9837  0.4341  2.7167
895.5986  104.5035  75.0709  55.0189  0.1722  2.1784
895.0326  53.5140  68.7262  58.4804  0.4456  2.9135
895.2241  110.1829  16.9875  56.8948  0.3405  3.4398
894.8822  113.5469  75.4283  60.2074  0.4535  3.1868
895.1760  15.4633  75.2628  55.3316  0.1983  2.1584
894.9497  82.9452  68.7081  58.5952  0.4594  3.0046
895.2448  18.3418  16.9286  56.4737  0.3214  2.7418
894.9144  24.0383  75.4420  59.0529  0.4279  2.8960
895.2409  45.0522  74.8023  53.1571  0.1603  2.3046
894.7886  112.5521  68.9610  60.7035  0.4799  3.4102
895.2924  44.9036  17.7488  55.1367  0.3124  2.7040
894.9783  53.2718  75.0884  57.7797  0.4172  2.7486
895.3801  75.8327  74.5761  52.7321  0.1647  1.8549
894.8573  23.1170  68.9785  59.6806  0.4537  3.0428
895.3146  71.2739  18.0561  54.9806  0.3261  2.3976
894.7391  82.8755  75.0816  57.9427  0.4373  2.9553
895.3936  105.9949  74.9429  54.2107  0.1737  2.4442
895.1084  52.2854  68.7603  58.3004  0.4409  2.8344
895.3358  97.5256  17.5451  55.7941  0.3314  2.6853
894.3691  112.5577  75.5452  60.1540  0.4537  3.2816
895.0449  16.7297  75.0805  54.1571  0.1865  2.4141
894.9983  81.8280  68.7334  58.3649  0.4553  2.9436
895.1098  5.2615  16.7131  57.4185  0.3398  3.0211
894.2181  23.1713  75.5998  59.2509  0.4443  3.2464
895.0346  46.2992  74.6103  52.0953  0.1857  2.5457
894.8845  111.4786  68.9875  60.4326  0.4691  3.2486
895.2790  32.4632  17.4245  55.5442  0.3109  2.8984
894.1543  52.4212  75.2786  57.9978  0.4399  3.0840
895.2258  77.1946  74.4032  51.6772  0.1604  1.7708
894.8710  22.1857  69.0225  59.5648  0.4498  3.0696
895.3168  58.8942  18.0210  54.9893  0.3179  2.4418
893.9685  81.9443  75.2937  58.1927  0.4666  3.2400
895.2296  107.2471  74.7978  53.2918  0.2256  2.8008
895.1580  51.4431  68.8052  58.1144  0.4335  2.7874
895.3303  85.1953  17.9417  55.2085  0.3304  2.3503
893.7477  111.4768  75.7843  60.3905  0.4816  3.7563
894.9296  17.5226  74.8784  52.8673  0.2403  2.9200
895.0160  81.0908  68.7754  58.1483  0.4508  2.9599
895.2094  111.8531  16.9846  57.0609  0.3403  3.4243
893.6992  21.9420  75.8757  59.7108  0.4782  3.6344
894.8500  46.8943  74.4089  50.8880  0.2754  3.0056
894.9353  110.7883  69.0358  60.1916  0.4608  3.1138
895.2675  19.9686  17.0348  56.3631  0.3181  2.8045
893.9001  50.9247  75.5585  58.4324  0.4737  3.4281
895.1858  77.8148  74.2045  50.4820  0.2449  2.0535
894.8860  21.5952  69.0870  59.4280  0.4458  2.9250
895.3115  46.5126  17.8408  55.1274  0.3115  2.6536
893.8671  80.1441  75.5249  58.5711  0.4933  3.6270
895.0226  107.6353  74.5926  52.1084  0.3302  3.3158
895.1804  50.9291  68.8723  57.9328  0.4267  2.6725
895.3225  72.8916  18.1077  55.0128  0.3258  2.4141
893.8728  109.3507  75.9827  60.5635  0.4983  3.8054
894.7487  17.4058  74.6652  51.7932  0.3479  3.4915
895.0731  80.6696  68.8434  57.9481  0.4441  2.8487
895.3281  99.1611  17.5350  55.9331  0.3303  2.7673
893.6533  19.7043  76.1591  60.3791  0.5012  4.0290
894.6067  46.4450  74.1905  49.8492  0.3988  3.6005
894.9789  110.4237  69.1112  59.9845  0.4525  3.0673
895.1270  7.0402  16.7744  57.3612  0.3370  2.9519
894.1479  48.4111  75.8062  58.9388  0.4791  3.6416
895.1240  77.3703  74.0150  49.6032  0.3519  2.3323
894.9230  21.3065  69.1729  59.2742  0.4414  2.9232
895.2800  34.1284  17.5270  55.4835  0.3099  2.8421
893.9402  77.3425  75.7608  59.0485  0.4951  3.8544
894.8645  107.0584  74.4103  51.2063  0.4241  3.7051
895.2197  50.7165  68.9560  57.7577  0.4210  2.6418
895.3056  60.5648  18.0843  54.9962  0.3183  2.4519
894.2170  106.2091  76.1858  60.7599  0.4913  3.8085
894.4197  16.3523  74.4955  51.1603  0.4368  4.0540
895.1152  80.5416  68.9261  57.7699  0.4391  2.7974
895.3298  86.8575  17.9463  55.2688  0.3302  2.3649
894.0023  16.3059  76.4217  61.0889  0.5047  4.2200
894.2766  44.9524  74.0220  49.1853  0.4744  4.0939
895.0385  110.3586  69.1964  59.8201  0.4460  2.9827
895.1753  113.6357  16.9601  57.2080  0.3409  3.4324
894.4807  44.7949  76.0795  59.4888  0.4721  3.6771
894.9236  75.7300  73.8051  48.9417  0.4107  2.5940
894.9600  21.3020  69.2586  59.1116  0.4352  2.8957
895.2672  21.6699  17.1195  56.2348  0.3162  2.8410
894.4013  73.3254  75.9237  59.4125  0.4902  3.8866
894.8059  105.3649  74.1816  50.4125  0.4582  3.7932
895.2524  50.7770  69.0356  57.5958  0.4159  2.5763
895.3080  48.1821  17.9001  55.1119  0.3118  2.6617
894.5751  101.8214  76.2522  60.7596  0.4849  3.7018
894.3146  14.3772  74.3509  51.0269  0.4704  4.1809
895.1147  80.6827  69.0001  57.6162  0.4348  2.7537
895.3243  74.5413  18.1199  55.0364  0.3264  2.4375
894.0798  11.5452  76.5765  61.8721  0.5199  4.4044
894.0412  42.5434  73.9010  48.8990  0.5048  4.7337
895.0759  110.5664  69.2686  59.6981  0.4412  2.9186
895.3310  100.8186  17.4835  56.0832  0.3301  2.8852
894.6811  39.8906  76.2703  60.1567  0.4781  3.6575
894.8666  73.1721  73.6690  48.6558  0.4285  2.8145
894.9970  21.5565  69.3198  58.9476  0.4287  2.8440
895.1521  8.8048  16.8067  57.2787  0.3340  2.9341
894.5311  67.9676  76.0392  59.9135  0.4980  3.9310
895.0032  102.9344  74.0266  49.9391  0.4476  3.3790
895.2856  51.0979  69.0871  57.4539  0.4099  2.5251
895.2944  35.7719  17.5923  55.4417  0.3080  2.8244
894.6543  96.0710  76.2640  60.8269  0.4884  3.6288
894.4379  11.9102  74.2956  51.3395  0.4630  3.6642
895.1653  81.0818  69.0482  57.4944  0.4298  2.6673
895.3193  62.1939  18.1143  55.0175  0.3174  2.3923
894.0427  5.1467  76.6796  62.6684  0.5346  4.5919
894.0891  39.8467  73.8859  49.0418  0.5016  4.7284
895.1159  111.0393  69.3168  59.6249  0.4361  2.9002
895.3367  88.4805  17.9281  55.3608  0.3281  2.3508
894.7047  33.5437  76.4682  60.9968  0.4754  3.3954
894.9479  70.3521  73.6351  48.7995  0.4185  2.7666
895.0343  22.0564  69.3574  58.7869  0.4212  2.7213
895.1559  115.3991  16.9350  57.3581  0.3398  3.3119
894.7080  61.1686  76.1665  60.4777  0.4856  3.5430
895.2515  100.3624  73.9618  49.9104  0.4063  2.8475
895.3096  51.6578  69.1218  57.3360  0.4042  2.5099
895.2689  23.3470  17.2078  56.1498  0.3124  2.8280
894.7264  88.9426  76.2590  60.9396  0.4850  3.3341
894.7812  129.5839  74.3221  51.9549  0.4315  3.1882
895.2141  81.7077  69.0897  57.4111  0.4239  2.6592
895.3042  49.8505  17.9713  55.1332  0.3101  2.6113
894.2487  117.2312  76.7153  63.0107  0.5256  4.2108
894.4319  37.6680  73.9550  49.5208  0.4777  4.4851
895.1041  111.7371  69.3670  59.6125  0.4339  2.9052
895.3215  76.2194  18.1555  55.1061  0.3256  2.3991
894.6923  25.9564  76.6557  61.7583  0.4788  3.2270
895.1516  68.1397  73.6817  49.2472  0.4006  2.6273
895.0803  22.7529  69.4019  58.6613  0.4145  2.6746
895.3124  102.5454  17.4657  56.2879  0.3295  2.9903
894.8615  53.3884  76.2945  60.7314  0.4740  3.1689
895.5646  98.3968  73.9725  50.2315  0.3653  2.3089
895.3455  52.3945  69.1728  57.2717  0.4003  2.4811
895.1584  10.6574  16.8973  57.2076  0.3308  2.8544
894.6816  81.0559  76.2464  60.7985  0.4904  3.4057
895.1203  127.9713  74.3854  52.6046  0.4014  2.7600
895.2130  82.4855  69.1574  57.3864  0.4190  2.5820
895.2823  37.5460  17.7128  55.4328  0.3069  2.8391
894.5074  108.8863  76.6569  62.4886  0.5090  3.6748
894.8473  36.4127  74.0511  50.0889  0.4485  3.8294
895.1364  112.5783  69.4531  59.6618  0.4305  2.8864
895.3113  63.9933  18.2009  55.0717  0.3180  2.4146
894.4069  18.0482  76.7801  62.1850  0.5057  3.8589
895.3337  66.9531  73.7653  49.7704  0.3858  2.4078
895.1125  23.5547  69.4824  58.5828  0.4077  2.6243
895.3329  90.3069  17.9586  55.4911  0.3277  2.3627
894.8129  45.7590  76.3977  60.5576  0.4776  3.2437
895.7546  97.4243  74.0284  50.6689  0.3442  2.0566
895.3571  53.1989  69.2581  57.2465  0.3968  2.4754
895.1184  117.4288  16.9699  57.5099  0.3399  3.1518
894.6361  73.6413  76.2286  60.3159  0.4949  3.5330
895.3300  7.3366  74.4534  53.1030  0.3857  2.5563
895.2611  83.2802  69.2506  57.3715  0.4155  2.5896
895.2636  25.2759  17.3593  56.0639  0.3107  2.8867
894.6875  101.5653  76.5508  61.4716  0.4921  3.4065
895.0739  36.1105  74.1251  50.5117  0.4305  3.6058
895.1223  113.4067  69.5450  59.6653  0.4273  2.8726
895.3080  51.7976  18.0951  55.1598  0.3105  2.5332
894.1987  10.9755  76.8497  62.2757  0.5247  4.3768
895.4113  66.7648  73.8309  50.1386  0.3758  2.3622
895.1172  24.2947  69.5287  58.4002  0.4031  2.5635
895.3153  78.1940  18.2272  55.1764  0.3261  2.4564
894.7936  39.2374  76.5317  60.3001  0.4724  3.2791
895.7795  97.3733  74.0818  51.0051  0.3371  1.9786
895.3315  53.9338  69.2582  57.0359  0.3965  2.4605
895.2973  104.5966  17.4664  56.5165  0.3302  3.1255
894.6877  67.3766  76.3045  59.8415  0.4888  3.5284
895.3737  7.5283  74.4935  53.3797  0.3745  2.3295
895.2190  84.0388  69.1896  57.0731  0.4155  2.5626
895.1832  12.8117  17.0278  57.0782  0.3278  2.8281
894.7712  95.5520  76.5745  60.6201  0.4837  3.3652
895.1316  36.5055  74.1510  50.7627  0.4196  3.3305
895.1332  114.2339  69.4004  59.2968  0.4217  2.9369
895.2949  39.6215  17.8595  55.4027  0.3061  2.7800
894.1476  4.8868  77.0393  62.2559  0.5312  4.5984
895.4575  67.2583  73.8529  50.3718  0.3646  2.2015
895.1323  25.0737  69.2542  57.6933  0.3957  2.5618
895.3286  66.0910  18.3009  55.0962  0.3187  2.4597
894.7429  33.6638  76.8852  60.3227  0.4720  3.5097
895.7914  97.9132  74.1036  51.2655  0.3326  2.0232
895.3540  54.8509  68.8894  56.2466  0.3885  2.5664
895.3452  92.4214  17.9839  55.6105  0.3266  2.4247
894.7042  61.8641  76.6606  59.6744  0.4849  3.7229
895.3894  8.2270  74.4927  53.5168  0.3629  2.2400
895.3035  85.1903  68.7264  56.1876  0.3989  2.6325
895.1130  -0.2363  17.0175  57.5916  0.3398  3.1113
894.7198  90.1483  76.8980  60.1881  0.4840  3.6238
895.1465  37.3149  74.1323  50.9165  0.4117  3.3452
895.2859  115.5977  68.8399  58.4368  0.3902  2.9932
895.2778  27.4561  17.5230  55.9346  0.3081  2.8763
894.1951  119.1456  77.4673  62.2141  0.5253  4.6471
895.4882  68.1520  73.8378  50.5402  0.3548  2.1807
895.3574  26.4432  68.6061  56.4704  0.3407  2.4385
895.3159  53.9904  18.2226  55.1356  0.3105  2.4838
894.7138  28.3381  77.4394  60.6062  0.4729  3.5753
895.7753  98.8026  74.0974  51.5070  0.3308  2.0059
895.5217  56.5106  68.2328  55.1361  0.3281  2.4050
895.3229  80.3962  18.2899  55.2053  0.3260  2.3963
894.7689  56.4988  77.1407  59.6457  0.4712  3.6050
895.4053  9.2371  74.4599  53.5817  0.3510  2.1652
895.4779  87.1599  68.1156  55.2389  0.3276  2.2930
895.2670  106.8848  17.4516  56.7213  0.3312  3.2075
894.6691  84.8522  77.2369  59.8679  0.4745  3.4719
895.1592  38.4093  74.0837  51.0353  0.4033  3.2263
895.3173  117.7949  68.3046  57.7808  0.3194  2.7058
895.2006  15.1449  17.1587  56.8736  0.3235  2.7254
894.3838  113.5661  77.7876  61.8723  0.5019  4.0869
895.5326  69.3289  73.8004  50.6946  0.3435  2.0810
895.5888  28.5019  68.1967  55.6793  0.2455  1.8671
895.2909  41.8773  17.9908  55.3178  0.3062  2.7989
894.5698  23.1861  77.8269  60.8373  0.4707  3.3136
895.7845  99.9458  74.0780  51.7685  0.3284  2.0614
895.7759  58.7245  67.9970  54.6978  0.2509  1.9613
895.3141  68.3470  18.3739  55.0758  0.3203  2.4575
894.9041  51.4434  77.4385  59.5221  0.4563  3.2526
895.4307  10.4812  74.4096  53.6041  0.3384  2.0322
895.7656  89.3834  68.0811  55.0980  0.2683  1.8361
895.3481  94.6795  17.9655  55.7090  0.3267  2.5387
894.7875  79.9726  77.3537  59.4977  0.4714  3.3985
895.1906  39.7205  74.0205  51.1443  0.3937  3.1913
895.4985  0.0885  68.4234  57.8006  0.2995  2.4019
895.1013  2.2339  17.0345  57.5846  0.3399  3.1593
894.6982  108.6375  77.8080  61.2320  0.4837  3.6514
895.5466  70.7054  73.7549  50.8501  0.3310  2.0691
895.6458  30.5571  68.4254  55.5963  0.2476  1.7035
895.2852  29.7338  17.6409  55.7725  0.3077  2.9375
894.5449  18.6497  77.9167  60.8927  0.4870  3.8893
895.7436  101.2657  74.0574  52.0599  0.3280  2.1238
895.6838  60.8093  68.2900  54.8078  0.2814  1.9465
895.3212  56.2546  18.2934  55.0903  0.3123  2.5031
894.9199  47.1821  77.4674  59.2414  0.4598  3.3265
895.4603  11.8830  74.3562  53.5976  0.3267  2.0235
895.6445  91.3884  68.4383  55.3449  0.3017  1.8698
895.3373  82.6476  18.2885  55.2247  0.3267  2.4087
894.7589  75.9673  77.2688  59.0594  0.4775  3.5785
895.2265  41.1946  73.9594  51.2517  0.3834  3.0915
895.2769  2.2442  68.7901  57.9197  0.3411  2.5642
895.2664  109.2278  17.3804  56.9211  0.3340  3.3596
894.7985  104.7777  77.6137  60.5293  0.4745  3.5211
895.5688  72.2344  73.7187  51.0100  0.3190  1.9534
895.5315  32.5964  68.7605  55.5486  0.2684  1.8020
895.2349  17.4669  17.2458  56.6544  0.3197  2.7232
894.4887  15.0305  77.8031  60.8621  0.4933  3.8914
895.7629  102.7288  74.0500  52.3824  0.3280  2.1984
895.6124  62.9623  68.6220  54.8349  0.2951  2.0872
895.3018  44.1225  18.0700  55.2490  0.3066  2.7135
895.0129  43.8231  77.3546  59.0012  0.4476  3.0934
895.4857  13.4160  74.3118  53.5713  0.3150  2.0826
895.6618  93.5629  68.7763  55.4667  0.2941  1.9111
895.3254  70.5756  18.3928  55.0700  0.3211  2.4247
894.9016  72.7568  77.1046  58.7295  0.4664  3.2938
895.2668  42.8199  73.9095  51.3639  0.3703  2.8930
895.3110  4.6430  69.0946  57.8238  0.3335  2.6080
895.3471  96.8983  17.8991  55.8444  0.3258  2.6280
894.9165  101.6513  77.4116  59.9792  0.4576  3.0657
895.6174  73.9077  73.7001  51.1775  0.3037  1.8408
895.6310  34.9074  68.9838  55.3401  0.2467  1.7683
895.1030  4.6403  17.0390  57.5336  0.3380  3.0634
894.5192  11.9409  77.7005  60.8746  0.4926  3.7650
895.7424  104.3297  74.0653  52.7378  0.3277  2.3060
895.6760  65.4375  68.8164  54.7252  0.2770  2.0644
895.2793  31.9445  17.7288  55.6552  0.3064  2.8326
895.0897  40.9186  77.2931  58.8676  0.4371  2.8731
895.5114  15.0636  74.2891  53.5274  0.3049  2.1687
895.7407  96.0636  68.9689  55.5189  0.2669  1.8108
895.3156  58.4466  18.3361  55.0770  0.3132  2.4262
894.9891  69.9182  77.0140  58.4946  0.4577  3.1260
895.2907  44.5722  73.8846  51.4782  0.3569  2.8227
895.3588  7.3392  69.2445  57.5720  0.3088  2.5082
895.3325  84.8192  18.2661  55.2855  0.3265  2.3591
895.0253  98.8917  77.2811  59.5335  0.4489  2.9081
895.6645  75.6975  73.7078  51.3481  0.2891  1.7737
895.6349  37.4809  69.0742  55.0861  0.2216  1.7195
895.2162  111.5162  17.3132  57.1280  0.3353  3.3751
894.5212  9.1506  77.6380  60.8721  0.4928  3.8257
895.7375  106.0485  74.1062  53.1190  0.3274  2.3818
895.7255  68.1472  68.9067  54.5923  0.2590  2.0206
895.2449  19.6925  17.3385  56.4741  0.3160  2.7583
895.1281  38.3261  77.2655  58.7731  0.4314  2.7546
895.5354  16.8030  74.2863  53.4694  0.2976  2.2224
895.7609  98.7489  69.0804  55.6061  0.2399  1.7859
895.2995  46.3005  18.1483  55.2174  0.3070  2.6424
895.0392  67.3834  76.9518  58.2943  0.4514  3.0441
895.3588  46.4312  73.8798  51.5945  0.3420  2.7544
895.3669  10.1571  69.3196  57.2352  0.2824  2.4302
895.3125  72.7466  18.4200  55.1000  0.3224  2.4206
895.0792  96.4541  77.1735  59.1519  0.4431  2.8126
895.7145  77.5829  73.7366  51.5223  0.2735  1.7114
895.6278  40.1917  69.1126  54.8506  0.2009  1.7746
895.3325  99.0832  17.8494  56.0235  0.3259  2.7627
894.5415  6.6601  77.5780  60.8262  0.4926  3.7867
895.7498  107.8791  74.1640  53.5233  0.3244  2.4984
895.6765  70.9664  68.9638  54.4729  0.2438  2.0411
895.1154  7.0114  17.0872  57.4572  0.3358  3.0114
895.1505  36.0410  77.2453  58.6922  0.4258  2.7670
895.5397  18.6290  74.2938  53.4080  0.2912  2.3195
895.7261  101.5167  69.1701  55.7521  0.2122  1.7966
895.2825  34.1592  17.8405  55.5762  0.3057  2.8648
895.0825  65.1509  76.9031  58.1100  0.4438  3.0195
895.3881  48.3918  73.8844  51.7165  0.3253  2.5916
895.3531  12.9946  69.3720  56.8502  0.2554  2.3318
895.3156  60.6650  18.4013  55.0917  0.3146  2.4070
895.0985  94.3218  77.0826  58.8197  0.4387  2.8465
895.7295  79.5597  73.7723  51.7064  0.2565  1.6216
895.5854  42.9710  69.1425  54.6470  0.1856  1.8299
895.3424  87.0385  18.2610  55.3777  0.3266  2.3588
894.5908  4.4637  77.5207  60.7371  0.4901  3.7433
895.6743  109.8285  74.2198  53.9485  0.3197  2.5527
895.6332  73.8323  69.0214  54.3777  0.2326  2.0695
895.1882  113.9072  17.2768  57.3318  0.3370  3.3422
895.1497  34.0434  77.2279  58.6177  0.4215  2.6346
895.5275  20.5500  74.2883  53.3511  0.2856  2.3875
895.7249  104.3264  69.2641  55.9593  0.1912  1.9239
895.2663  21.9944  17.4565  56.3117  0.3130  2.8293
895.1002  63.2020  76.8640  57.9363  0.4392  2.8793
895.4064  50.4581  73.8745  51.8457  0.3075  2.5779
895.3478  15.8080  69.4257  56.4522  0.2296  2.2236
895.3176  48.5823  18.2402  55.2041  0.3073  2.5691
895.1476  92.4705  77.0074  58.5252  0.4354  2.7549
895.7619  81.6301  73.7907  51.9029  0.2401  1.6018
895.5516  45.7850  69.1839  54.4764  0.1746  1.8815
895.3241  75.0314  18.4526  55.1409  0.3232  2.4368
894.6528  2.5515  77.4713  60.6089  0.4843  3.6298
895.6245  111.9021  74.2497  54.3797  0.3097  2.6403
895.6000  76.7115  69.0948  54.3076  0.2230  2.0589
895.3420  101.4029  17.7975  56.2302  0.3261  2.8924
895.1541  32.3173  77.2197  58.5408  0.4167  2.6584
895.5034  22.5633  74.2514  53.3041  0.2800  2.5009
895.6820  107.1722  69.3713  56.2119  0.1731  2.0223
895.1477  9.5013  17.1565  57.3274  0.3323  2.9172
895.1715  61.5194  76.8406  57.7684  0.4319  2.8464
895.4554  52.6213  73.8340  51.9835  0.2881  2.4818
895.3154  18.5945  69.4892  56.0622  0.2064  2.0928
895.2866  36.5029  17.9522  55.4989  0.3048  2.7919
895.1541  90.8795  76.9529  58.2610  0.4319  2.7466
895.7651  83.7797  73.7807  52.1162  0.2238  1.5316
895.4998  48.6265  69.2398  54.3324  0.1658  1.9136
895.3165  63.0102  18.4581  55.0959  0.3156  2.3938
894.7449  120.9112  77.4334  60.4520  0.4788  3.5628
895.5916  114.0902  74.2457  54.8017  0.2941  2.6857
895.5941  79.6002  69.1813  54.2618  0.2141  2.0408
895.3320  89.3819  18.2381  55.4680  0.3262  2.3657
895.1597  30.8480  77.2184  58.4562  0.4128  2.5783
895.4855  24.6553  74.1831  53.2778  0.2716  2.5700
895.5533  110.0739  69.4812  56.4870  0.1644  2.1340
895.1409  116.4566  17.2382  57.4845  0.3383  3.2687
895.2113  60.0953  76.8271  57.5996  0.4240  2.7370
895.4718  54.8595  73.7706  52.1331  0.2657  2.3212
895.2888  21.3796  69.5447  55.6956  0.1856  2.0614
895.2656  24.3957  17.5655  56.1329  0.3103  2.8759
895.1711  89.5420  76.9159  58.0156  0.4289  2.6989
895.7737  85.9842  73.7555  52.3475  0.2051  1.4812
895.4697  51.5090  69.2858  54.2137  0.1604  1.9327
895.3135  50.9621  18.3118  55.1690  0.3084  2.5809
894.8230  119.5369  77.4097  60.2732  0.4697  3.4569
895.5469  116.3684  74.2253  55.1850  0.2720  2.6015
895.5324  82.5102  69.2515  54.2471  0.2071  2.0018
895.3268  77.4069  18.4594  55.1607  0.3242  2.4574
895.1926  29.6220  77.2291  58.3609  0.4076  2.5920
895.4438  26.8037  74.1071  53.2655  0.2609  2.5885
895.4719  113.0476  69.5596  56.7542  0.1636  2.2217
895.3223  103.8258  17.7165  56.4399  0.3273  3.0795
895.2708  58.9163  76.8295  57.4292  0.4173  2.6801
895.4914  57.1373  73.7124  52.2854  0.2422  2.1573
895.2592  24.1801  69.5571  55.3678  0.1687  2.1982
895.1815  12.0373  17.2198  57.1367  0.3281  2.8699
895.2260  88.4475  76.8980  57.7833  0.4227  2.6383
895.7627  88.2070  73.7420  52.5911  0.1888  1.5124
895.4445  54.4306  69.2894  54.1209  0.1574  1.9645
895.2975  38.9075  18.0445  55.4119  0.3043  2.7720
894.8383  118.4246  77.4012  60.0791  0.4610  3.3141
