1500  1.1876  1.1876  45.0214
3000  1.1821  1.1849  45.2320
4500  1.1849  1.1849  45.1243
6000  1.1812  1.1840  45.2662
7500  1.1827  1.1837  45.2102
9000  1.1829  1.1836  45.2016
10500  1.1874  1.1841  45.0300
12000  1.1816  1.1838  45.2522
13500  1.1832  1.1837  45.1920
15000  1.1849  1.1838  45.1251
16500  1.1847  1.1839  45.1331
18000  1.1872  1.1842  45.0391
19500  1.1759  1.1836  45.4712
21000  1.1786  1.1832  45.3647
22500  1.1709  1.1824  45.6647
24000  1.1790  1.1822  45.3512
25500  1.1831  1.1822  45.1953
27000  1.1808  1.1821  45.2817
28500  1.1773  1.1819  45.4177
30000  1.1830  1.1819  45.1966
31500  1.1793  1.1818  45.3391
33000  1.1780  1.1817  45.3883
34500  1.1817  1.1817  45.2491
36000  1.1779  1.1815  45.3947
37500  1.1768  1.1813  45.4366
39000  1.1917  1.1817  44.8675
40500  1.1836  1.1818  45.1767
42000  1.1905  1.1821  44.9134
43500  1.1790  1.1820  45.3522
45000  1.1749  1.1817  45.5107
46500  1.1791  1.1817  45.3476
48000  1.1844  1.1817  45.1452
49500  1.1845  1.1818  45.1395
51000  1.1904  1.1821  44.9175
52500  1.1765  1.1819  45.4464
54000  1.1800  1.1819  45.3119
55500  1.1765  1.1817  45.4490
57000  1.1780  1.1816  45.3909
58500  1.1820  1.1816  45.2341
60000  1.1846  1.1817  45.1371
61500  1.1817  1.1817  45.2469
63000  1.1857  1.1818  45.0956
64500  1.1823  1.1818  45.2257
66000  1.1809  1.1818  45.2774
67500  1.1783  1.1817  45.3770
69000  1.1746  1.1816  45.5211
70500  1.1740  1.1814  45.5447
72000  1.1742  1.1812  45.5368
73500  1.1800  1.1812  45.3131
75000  1.1725  1.1810  45.6012
76500  1.1762  1.1810  45.4576
78000  1.1761  1.1809  45.4624
79500  1.1839  1.1809  45.1652
81000  1.1900  1.1811  44.9323
82500  1.1908  1.1813  44.9006
84000  1.1798  1.1812  45.3191
85500  1.1801  1.1812  45.3095
87000  1.1801  1.1812  45.3082
88500  1.1796  1.1812  45.3294
90000  1.1802  1.1812  45.3040
91500  1.1790  1.1811  45.3511
93000  1.1830  1.1811  45.1994
94500  1.1779  1.1811  45.3928
96000  1.1783  1.1811  45.3767
97500  1.1720  1.1809  45.6207
99000  1.1742  1.1808  45.5381
100500  1.1707  1.1807  45.6735
102000  1.1779  1.1806  45.3924
103500  1.1762  1.1806  45.4584
105000  1.1880  1.1807  45.0074
106500  1.1815  1.1807  45.2559
108000  1.1753  1.1806  45.4939
109500  1.1813  1.1806  45.2629
111000  1.1859  1.1807  45.0857
112500  1.1753  1.1806  45.4929
114000  1.1825  1.1806  45.2181
115500  1.1780  1.1806  45.3910
117000  1.1715  1.1805  45.6405
118500  1.1742  1.1804  45.5373
120000  1.1741  1.1803  45.5417
121500  1.1709  1.1802  45.6666
123000  1.1736  1.1801  45.5595
124500  1.1827  1.1802  45.2090
126000  1.1807  1.1802  45.2852
127500  1.1784  1.1801  45.3752
129000  1.1786  1.1801  45.3673
130500  1.1709  1.1800  45.6665
132000  1.1733  1.1799  45.5713
133500  1.1746  1.1799  45.5226
135000  1.1710  1.1798  45.6625
136500  1.1642  1.1796  45.9267
138000  1.1691  1.1795  45.7357
139500  1.1728  1.1794  45.5914
141000  1.1746  1.1794  45.5202
142500  1.1779  1.1794  45.3951
144000  1.1746  1.1793  45.5194
145500  1.1730  1.1792  45.5832
147000  1.1748  1.1792  45.5136
148500  1.1764  1.1792  45.4502
150000  1.1852  1.1792  45.1138
151500  1.1837  1.1793  45.1696
153000  1.1937  1.1794  44.7935
154500  1.1815  1.1794  45.2547
156000  1.1843  1.1795  45.1498
157500  1.1839  1.1795  45.1632
159000  1.1842  1.1796  45.1519
160500  1.1915  1.1797  44.8753
162000  1.1864  1.1797  45.0683
163500  1.1755  1.1797  45.4881
165000  1.1755  1.1797  45.4861
166500  1.1736  1.1796  45.5611
168000  1.1890  1.1797  44.9684
169500  1.1932  1.1798  44.8108
171000  1.1860  1.1799  45.0843
172500  1.1875  1.1799  45.0260
174000  1.1905  1.1800  44.9115
175500  1.1888  1.1801  44.9779
177000  1.1855  1.1801  45.1026
178500  1.1739  1.1801  45.5484
180000  1.1811  1.1801  45.2715
181500  1.1859  1.1802  45.0886
183000  1.1773  1.1801  45.4183
184500  1.1782  1.1801  45.3812
186000  1.1745  1.1801  45.5236
187500  1.1763  1.1800  45.4566
189000  1.1767  1.1800  45.4393
190500  1.1790  1.1800  45.3525
192000  1.1731  1.1799  45.5800
193500  1.1754  1.1799  45.4906
195000  1.1797  1.1799  45.3253
196500  1.1785  1.1799  45.3705
198000  1.1873  1.1800  45.0357
199500  1.1876  1.1800  45.0214
201000  1.1826  1.1800  45.2131
202500  1.1829  1.1801  45.2033
204000  1.1791  1.1800  45.3479
205500  1.1789  1.1800  45.3552
207000  1.1849  1.1801  45.1246
208500  1.1819  1.1801  45.2414
210000  1.1908  1.1802  44.9022
211500  1.1850  1.1802  45.1206
213000  1.1849  1.1802  45.1238
214500  1.1883  1.1803  44.9960
216000  1.1811  1.1803  45.2710
217500  1.1807  1.1803  45.2855
219000  1.1799  1.1803  45.3160
220500  1.1825  1.1803  45.2183
222000  1.1859  1.1803  45.0883
223500  1.1803  1.1803  45.3001
225000  1.1762  1.1803  45.4578
226500  1.1884  1.1804  44.9914
228000  1.1814  1.1804  45.2572
229500  1.1746  1.1803  45.5207
231000  1.1732  1.1803  45.5755
232500  1.1783  1.1803  45.3778
234000  1.1765  1.1803  45.4456
235500  1.1863  1.1803  45.0714
237000  1.1837  1.1803  45.1709
238500  1.1803  1.1803  45.3009
240000  1.1855  1.1804  45.1036
241500  1.1951  1.1804  44.7405
243000  1.1913  1.1805  44.8836
244500  1.2015  1.1806  44.5029
246000  1.1939  1.1807  44.7845
247500  1.1786  1.1807  45.3661
249000  1.1856  1.1807  45.0983
250500  1.1831  1.1807  45.1947
252000  1.1883  1.1808  44.9974
253500  1.1776  1.1808  45.4049
255000  1.1928  1.1808  44.8272
256500  1.1934  1.1809  44.8039
258000  1.1954  1.1810  44.7293
259500  1.1921  1.1811  44.8546
261000  1.1850  1.1811  45.1233
262500  1.1893  1.1811  44.9582
264000  1.1834  1.1811  45.1809
265500  1.1972  1.1812  44.6630
267000  1.1942  1.1813  44.7748
268500  1.1923  1.1814  44.8444
270000  1.1922  1.1814  44.8494
271500  1.1909  1.1815  44.8962
273000  1.1890  1.1815  44.9713
274500  1.1907  1.1816  44.9069
276000  1.1836  1.1816  45.1743
277500  1.1855  1.1816  45.1023
279000  1.1841  1.1816  45.1555
280500  1.1872  1.1817  45.0393
282000  1.1884  1.1817  44.9942
283500  1.1908  1.1817  44.9011
285000  1.1866  1.1818  45.0613
286500  1.1883  1.1818  44.9950
288000  1.1849  1.1818  45.1269
289500  1.1822  1.1818  45.2292
291000  1.1794  1.1818  45.3366
292500  1.1800  1.1818  45.3137
294000  1.1845  1.1818  45.1396
295500  1.1839  1.1818  45.1625
297000  1.1891  1.1819  44.9676
298500  1.1824  1.1819  45.2200
300000  1.1946  1.1819  44.7581
