10000  1.17468
20000  1.18251
30000  1.18260
40000  1.18250
50000  1.18286
60000  1.18363
70000  1.18280
80000  1.18238
90000  1.18342
100000  1.18600
110000  1.18611
120000  1.18497
130000  1.18341
140000  1.18489
150000  1.18461
160000  1.18440
170000  1.18277
180000  1.18082
190000  1.18086
200000  1.18178
210000  1.18109
220000  1.18029
230000  1.17947
240000  1.17889
250000  1.17872
260000  1.17845
270000  1.17681
280000  1.17469
290000  1.17337
300000  1.17172
310000  1.17102
320000  1.17298
330000  1.17368
340000  1.17293
350000  1.17173
360000  1.17064
370000  1.17111
380000  1.17000
390000  1.16981
400000  1.17025
410000  1.17058
420000  1.16992
430000  1.16890
440000  1.17147
450000  1.17118
460000  1.17052
470000  1.16834
480000  1.16801
490000  1.17030
500000  1.17006
510000  1.17015
520000  1.16828
530000  1.16821
540000  1.16903
550000  1.16815
560000  1.16710
570000  1.16559
580000  1.16706
590000  1.16824
600000  1.16778
610000  1.16602
620000  1.16580
630000  1.16727
640000  1.16700
650000  1.16684
660000  1.16554
670000  1.16842
680000  1.16932
690000  1.16975
700000  1.16929
710000  1.16846
720000  1.17054
730000  1.17026
740000  1.16955
750000  1.16818
760000  1.16622
770000  1.16705
780000  1.16653
790000  1.16737
800000  1.16636
810000  1.16515
820000  1.16529
830000  1.16659
840000  1.16867
850000  1.16855
860000  1.16655
870000  1.16826
880000  1.16889
890000  1.17108
900000  1.16999
910000  1.16780
920000  1.17005
930000  1.17011
940000  1.17121
950000  1.16970
960000  1.16825
970000  1.17010
980000  1.16973
990000  1.16992
1000000  1.16815
1010000  1.16612
1020000  1.16867
1030000  1.16842
1040000  1.16809
1050000  1.16538
1060000  1.16496
1070000  1.16641
1080000  1.16668
1090000  1.16567
1100000  1.16241
1110000  1.16148
1120000  1.16149
1130000  1.16287
1140000  1.16146
1150000  1.15697
1160000  1.15547
1170000  1.15542
1180000  1.15457
1190000  1.15365
1200000  1.14945
1210000  1.14704
1220000  1.14620
1230000  1.14636
1240000  1.14599
1250000  1.14389
1260000  1.14180
1270000  1.13808
1280000  1.13617
1290000  1.13609
1300000  1.13469
1310000  1.13376
1320000  1.13266
1330000  1.13005
1340000  1.12634
1350000  1.12463
1360000  1.12340
1370000  1.12263
1380000  1.12199
1390000  1.12115
1400000  1.11974
1410000  1.11844
1420000  1.11709
1430000  1.11592
1440000  1.11450
1450000  1.11284
1460000  1.11264
1470000  1.11238
1480000  1.11158
1490000  1.11042
1500000  1.11051
1510000  1.11063
1520000  1.11084
1530000  1.11056
1540000  1.11013
1550000  1.10943
1560000  1.10971
1570000  1.10935
1580000  1.10841
1590000  1.10865
1600000  1.10847
1610000  1.10753
1620000  1.10835
1630000  1.10860
1640000  1.10827
1650000  1.10830
1660000  1.10790
1670000  1.10867
1680000  1.10852
1690000  1.10852
1700000  1.10821
1710000  1.10840
1720000  1.10821
1730000  1.10828
1740000  1.10793
1750000  1.10820
1760000  1.10790
1770000  1.10814
1780000  1.10808
1790000  1.10764
1800000  1.10798
1810000  1.10798
1820000  1.10761
1830000  1.10772
1840000  1.10780
1850000  1.10749
1860000  1.10735
1870000  1.10740
1880000  1.10759
1890000  1.10761
1900000  1.10726
1910000  1.10702
1920000  1.10718
1930000  1.10741
1940000  1.10722
1950000  1.10702
1960000  1.10687
1970000  1.10699
1980000  1.10710
1990000  1.10665
2000000  1.10625
