6.000000  0.300000  0.015876  -0.000039  0.000000  0
6.000000  0.300000  0.015895  -0.000068  -0.000000  0
6.000000  0.300000  0.015869  -0.000039  -0.000000  0
6.000000  0.300000  0.015891  -0.000068  -0.000000  0
6.000000  0.300000  0.015866  -0.000038  -0.000000  0
6.000000  0.300000  0.015881  -0.000068  -0.000000  0
6.000000  0.300000  0.015868  -0.000039  -0.000000  0
6.000000  0.300000  0.015882  -0.000067  -0.000000  0
6.000000  0.300000  0.015857  -0.000038  0.000000  0
6.000000  0.300000  0.015879  -0.000068  0.000000  0
6.000000  0.300000  0.015859  -0.000038  0.000000  0
6.000000  0.300000  0.015869  -0.000067  0.000000  0
6.000000  0.300000  0.015856  -0.000037  -0.000000  0
6.000000  0.300000  0.015871  -0.000067  -0.000000  0
6.000000  0.300000  0.015848  -0.000037  -0.000000  0
6.000000  0.300000  0.015867  -0.000067  0.000000  0
6.000000  0.300000  0.015851  -0.000037  -0.000000  0
6.000000  0.300000  0.015857  -0.000067  -0.000000  0
6.000000  0.300000  0.015845  -0.000036  0.000000  0
6.000000  0.300000  0.015857  -0.000067  -0.000000  0
6.000000  0.300000  0.015840  -0.000036  -0.000000  0
6.000000  0.300000  0.015856  -0.000067  0.000000  0
6.000000  0.300000  0.015842  -0.000036  0.000000  0
6.000000  0.300000  0.015846  -0.000067  -0.000000  0
6.000000  0.300000  0.015835  -0.000035  -0.000000  0
6.000000  0.300000  0.015846  -0.000067  0.000000  0
6.000000  0.300000  0.015833  -0.000035  0.000000  0
6.000000  0.300000  0.015845  -0.000067  -0.000000  0
6.000000  0.300000  0.015834  -0.000035  0.000000  0
6.000000  0.300000  0.015835  -0.000066  -0.000000  0
6.000000  0.300000  0.015826  -0.000034  -0.000000  0
6.000000  0.300000  0.015836  -0.000067  -0.000000  0
6.000000  0.300000  0.015826  -0.000034  -0.000000  0
6.000000  0.300000  0.015835  -0.000066  -0.000000  0
6.000000  0.300000  0.015827  -0.000034  0.000000  0
6.000000  0.300000  0.015825  -0.000066  0.000000  0
6.000000  0.300000  0.015817  -0.000033  0.000000  0
6.000000  0.300000  0.015825  -0.000066  -0.000000  0
6.000000  0.300000  0.015818  -0.000033  -0.000000  0
6.000000  0.300000  0.015824  -0.000066  0.000000  0
6.000000  0.300000  0.015818  -0.000033  -0.000000  0
6.000000  0.300000  0.015815  -0.000066  -0.000000  0
6.000000  0.300000  0.015809  -0.000033  0.000000  0
6.000000  0.300000  0.015817  -0.000065  -0.000001  0
6.000000  0.300000  0.015809  -0.000032  -0.000000  0
6.000000  0.300000  0.015814  -0.000066  0.000001  0
6.000000  0.300000  0.015811  -0.000032  -0.000000  0
6.000000  0.300000  0.015804  -0.000065  0.000000  0
6.000000  0.300000  0.015802  -0.000032  0.000000  0
6.000000  0.300000  0.015806  -0.000065  0.000000  0
6.000000  0.300000  0.015800  -0.000031  -0.000000  0
6.000000  0.300000  0.015802  -0.000065  0.000001  0
6.000000  0.300000  0.015803  -0.000030  -0.000000  0
6.000000  0.300000  0.015794  -0.000064  -0.000000  0
6.000000  0.300000  0.015796  -0.000030  0.000000  0
6.000000  0.300000  0.015796  -0.000065  0.000000  0
6.000000  0.300000  0.015790  -0.000030  -0.000000  0
6.000000  0.300000  0.015788  -0.000064  -0.000000  0
6.000000  0.300000  0.015793  -0.000030  -0.000000  0
6.000000  0.300000  0.015783  -0.000064  -0.000000  0
6.000000  0.300000  0.015790  -0.000029  -0.000000  0
6.000000  0.300000  0.015785  -0.000064  -0.000000  0
6.000000  0.300000  0.015781  -0.000029  0.000000  0
6.000000  0.300000  0.015775  -0.000062  0.000000  0
6.000000  0.300000  0.015781  -0.000029  0.000000  0
6.000000  0.300000  0.015773  -0.000064  -0.000000  0
6.000000  0.300000  0.015782  -0.000028  0.000000  0
6.000000  0.300000  0.015771  -0.000062  -0.000000  0
6.000000  0.300000  0.015776  -0.000028  0.000000  0
6.000000  0.300000  0.015762  -0.000063  0.000000  0
6.000000  0.300000  0.015770  -0.000028  -0.000000  0
6.000000  0.300000  0.015762  -0.000063  -0.000000  0
6.000000  0.300000  0.015772  -0.000027  0.000000  0
6.000000  0.300000  0.015758  -0.000061  0.000000  0
6.000000  0.300000  0.015770  -0.000027  0.000000  0
6.000000  0.300000  0.015750  -0.000063  -0.000000  0
6.000000  0.300000  0.015763  -0.000027  -0.000000  0
6.000000  0.300000  0.015752  -0.000062  0.000000  0
6.000000  0.300000  0.015760  -0.000027  0.000000  0
6.000000  0.300000  0.015741  -0.000062  0.000000  0
6.000000  0.300000  0.015763  -0.000026  -0.000000  0
6.000000  0.300000  0.015740  -0.000062  -0.000000  0
6.000000  0.300000  0.015757  -0.000026  0.000000  0
6.000000  0.300000  0.015737  -0.000061  0.000000  0
6.000000  0.300000  0.015751  -0.000025  -0.000000  0
6.000000  0.300000  0.015727  -0.000062  -0.000000  0
6.000000  0.300000  0.015749  -0.000025  -0.000000  0
6.000000  0.300000  0.015728  -0.000061  0.000000  0
6.000000  0.300000  0.015752  -0.000025  0.000000  0
6.000000  0.300000  0.015720  -0.000061  0.000000  0
6.000000  0.300000  0.015744  -0.000024  0.000000  0
6.000000  0.300000  0.015714  -0.000061  -0.000000  0
6.000000  0.300000  0.015740  -0.000024  -0.000000  0
6.000000  0.300000  0.015711  -0.000061  0.000000  0
6.000000  0.300000  0.015737  -0.000023  -0.000000  0
6.000000  0.300000  0.015702  -0.000060  -0.000000  0
6.000000  0.300000  0.015740  -0.000023  0.000000  0
6.000000  0.300000  0.015701  -0.000061  -0.000000  0
6.000000  0.300000  0.015734  -0.000023  0.000000  0
6.000000  0.300000  0.015692  -0.000060  -0.000000  0
6.000000  0.300000  0.015726  -0.000022  0.000000  0
6.000000  0.300000  0.015684  -0.000061  -0.000000  0
6.000000  0.300000  0.015723  -0.000021  -0.000000  0
6.000000  0.300000  0.015683  -0.000060  0.000000  0
6.000000  0.300000  0.015726  -0.000021  -0.000000  0
6.000000  0.300000  0.015669  -0.000059  -0.000000  0
6.000000  0.300000  0.015723  -0.000020  0.000000  0
6.000000  0.300000  0.015666  -0.000059  0.000000  0
6.000000  0.300000  0.015715  -0.000019  0.000000  0
6.000000  0.300000  0.015655  -0.000058  -0.000000  0
6.000000  0.300000  0.015708  -0.000018  -0.000000  0
6.000000  0.300000  0.015647  -0.000059  0.000000  0
6.000000  0.300000  0.015704  -0.000017  0.000000  0
6.000000  0.300000  0.015639  -0.000057  -0.000000  0
6.000000  0.300000  0.015702  -0.000016  0.000000  0
6.000000  0.300000  0.015622  -0.000057  0.000000  0
6.000000  0.300000  0.015700  -0.000015  0.000000  0
6.000000  0.300000  0.015614  -0.000055  0.000000  0
6.000000  0.300000  0.015693  -0.000013  -0.000000  0
6.000000  0.300000  0.015593  -0.000055  0.000000  0
6.000000  0.300000  0.015684  -0.000011  0.000000  0
6.000000  0.300000  0.015583  -0.000053  -0.000000  0
6.000000  0.300000  0.015672  -0.000009  -0.000000  0
6.000000  0.300000  0.015561  -0.000050  -0.000000  0
6.000000  0.300000  0.015657  -0.000007  0.000000  0
6.000000  0.300000  0.015550  -0.000046  0.000000  0
6.000000  0.300000  0.015637  -0.000005  0.000000  0
6.000000  0.300000  0.015535  -0.000041  -0.000000  0
6.000000  0.300000  0.015615  -0.000003  0.000000  0
6.000000  0.300000  0.015534  -0.000035  0.000000  0
6.000000  0.300000  0.015594  -0.000001  -0.000000  0
6.000000  0.300000  0.015532  -0.000029  0.000000  0
6.000000  0.300000  0.015575  -0.000000  0.000000  0
6.000000  0.300000  0.015532  -0.000023  -0.000000  0
6.000000  0.300000  0.015562  0.000000  -0.000000  0
6.000000  0.300000  0.015537  -0.000018  -0.000000  0
6.000000  0.300000  0.015553  0.000001  -0.000000  0
6.000000  0.300000  0.015539  -0.000014  0.000000  0
6.000000  0.300000  0.015547  0.000000  0.000000  0
6.000000  0.300000  0.015539  -0.000011  -0.000000  0
6.000000  0.300000  0.015543  0.000000  -0.000000  0
6.000000  0.300000  0.015539  -0.000009  0.000000  0
6.000000  0.300000  0.015540  0.000000  0.000000  0
6.000000  0.300000  0.015536  -0.000007  0.000000  0
6.000000  0.300000  0.015536  0.000000  0.000000  0
6.000000  0.300000  0.015535  -0.000005  -0.000000  0
6.000000  0.300000  0.015535  0.000000  -0.000000  0
6.000000  0.300000  0.015533  -0.000004  0.000000  0
6.000000  0.300000  0.015532  -0.000000  0.000000  0
6.000000  0.300000  0.015530  -0.000003  0.000000  0
6.000000  0.300000  0.015529  -0.000000  0.000000  0
6.000000  0.300000  0.015529  -0.000002  -0.000000  0
6.000000  0.300000  0.015527  -0.000000  -0.000000  0
6.000000  0.300000  0.015527  -0.000002  0.000000  0
6.000000  0.300000  0.015526  -0.000000  0.000000  0
6.000000  0.300000  0.015525  -0.000001  0.000000  0
6.000000  0.300000  0.015522  -0.000000  -0.000000  0
6.000000  0.300000  0.015522  -0.000001  0.000000  0
6.000000  0.300000  0.015520  0.000000  0.000000  0
6.000000  0.300000  0.015521  -0.000001  -0.000000  0
6.000000  0.300000  0.015519  0.000000  -0.000000  0
6.000000  0.300000  0.015519  -0.000001  -0.000000  0
6.000000  0.300000  0.015517  0.000000  -0.000000  0
6.000000  0.300000  0.015517  -0.000000  0.000000  0
6.000000  0.300000  0.015515  0.000000  -0.000000  0
6.000000  0.300000  0.015514  -0.000000  0.000000  0
6.000000  0.300000  0.015513  0.000000  0.000000  0
6.000000  0.300000  0.015512  -0.000000  0.000000  0
6.000000  0.300000  0.015510  0.000001  -0.000000  0
6.000000  0.300000  0.015510  -0.000000  -0.000000  0
6.000000  0.300000  0.015508  0.000001  -0.000000  0
6.000000  0.300000  0.015508  -0.000000  -0.000000  0
6.000000  0.300000  0.015506  0.000001  0.000000  0
6.000000  0.300000  0.015506  0.000000  -0.000000  0
6.000000  0.300000  0.015504  0.000001  0.000000  0
6.000000  0.300000  0.015504  0.000000  0.000000  0
6.000000  0.300000  0.015502  0.000001  0.000000  0
6.000000  0.300000  0.015502  0.000000  0.000000  0
6.000000  0.300000  0.015500  0.000001  0.000000  0
6.000000  0.300000  0.015500  0.000001  0.000000  0
6.000000  0.300000  0.015497  0.000001  0.000000  0
6.000000  0.300000  0.015498  0.000001  0.000000  0
6.000000  0.300000  0.015495  0.000001  0.000000  0
6.000000  0.300000  0.015496  0.000001  0.000000  0
6.000000  0.300000  0.015493  0.000001  0.000000  0
6.000000  0.300000  0.015494  0.000001  -0.000000  0
6.000000  0.300000  0.015492  0.000001  0.000000  0
6.000000  0.300000  0.015492  0.000001  -0.000000  0
6.000000  0.300000  0.015490  0.000001  -0.000000  0
6.000000  0.300000  0.015490  0.000001  -0.000000  0
6.000000  0.300000  0.015488  0.000001  0.000000  0
6.000000  0.300000  0.015487  0.000001  0.000000  0
6.000000  0.300000  0.015487  0.000001  0.000000  0
6.000000  0.300000  0.015486  0.000001  -0.000000  0
6.000000  0.300000  0.015485  0.000001  -0.000000  0
6.000000  0.300000  0.015485  0.000000  -0.000000  0
6.000000  0.300000  0.015483  0.000001  0.000000  0
6.000000  0.300000  0.015482  0.000001  -0.000000  0
6.000000  0.300000  0.015480  0.000001  0.000000  0
6.000000  0.300000  0.015480  0.000001  0.000000  0
6.000000  0.300000  0.015478  0.000001  -0.000000  0
6.000000  0.300000  0.015477  0.000001  -0.000000  0
6.000000  0.300000  0.015476  0.000001  0.000000  0
6.000000  0.300000  0.015475  0.000001  0.000000  0
6.000000  0.300000  0.015475  0.000001  -0.000000  0
6.000000  0.300000  0.015475  0.000001  -0.000000  0
6.000000  0.300000  0.015472  0.000001  0.000000  0
6.000000  0.300000  0.015472  0.000001  0.000000  0
6.000000  0.300000  0.015470  0.000001  -0.000000  0
6.000000  0.300000  0.015470  0.000001  -0.000000  0
6.000000  0.300000  0.015469  0.000001  -0.000000  0
6.000000  0.300000  0.015468  0.000001  -0.000000  0
6.000000  0.300000  0.015466  0.000001  0.000000  0
6.000000  0.300000  0.015466  0.000001  0.000000  0
6.000000  0.300000  0.015464  0.000001  -0.000000  0
6.000000  0.300000  0.015464  0.000001  -0.000000  0
6.000000  0.300000  0.015463  0.000001  -0.000000  0
6.000000  0.300000  0.015463  0.000001  0.000000  0
6.000000  0.300000  0.015460  0.000001  0.000000  0
6.000000  0.300000  0.015460  0.000001  0.000000  0
6.000000  0.300000  0.015458  0.000001  -0.000000  0
6.000000  0.300000  0.015458  0.000001  -0.000000  0
6.000000  0.300000  0.015457  0.000001  -0.000000  0
6.000000  0.300000  0.015456  0.000001  0.000000  0
6.000000  0.300000  0.015454  0.000001  -0.000000  0
6.000000  0.300000  0.015454  0.000001  -0.000000  0
6.000000  0.300000  0.015453  0.000001  0.000000  0
6.000000  0.300000  0.015452  0.000001  -0.000000  0
6.000000  0.300000  0.015450  0.000001  -0.000000  0
6.000000  0.300000  0.015450  0.000001  -0.000000  0
6.000000  0.300000  0.015449  0.000001  0.000000  0
6.000000  0.300000  0.015448  0.000001  -0.000000  0
6.000000  0.300000  0.015446  0.000001  0.000000  0
6.000000  0.300000  0.015446  0.000001  -0.000000  0
6.000000  0.300000  0.015444  0.000001  -0.000000  0
6.000000  0.300000  0.015444  0.000000  -0.000000  0
6.000000  0.300000  0.015442  0.000001  -0.000000  0
6.000000  0.300000  0.015441  0.000001  0.000000  0
6.000000  0.300000  0.015439  0.000001  -0.000000  0
6.000000  0.300000  0.015440  0.000001  -0.000000  0
6.000000  0.300000  0.015438  0.000002  0.000000  0
6.000000  0.300000  0.015438  0.000001  0.000000  0
6.000000  0.300000  0.015435  0.000001  -0.000000  0
6.000000  0.300000  0.015435  0.000001  -0.000000  0
6.000000  0.300000  0.015433  0.000001  -0.000000  0
6.000000  0.300000  0.015434  0.000001  -0.000000  0
6.000000  0.300000  0.015432  0.000001  0.000000  0
6.000000  0.300000  0.015431  0.000001  0.000000  0
6.000000  0.300000  0.015428  0.000001  0.000000  0
6.000000  0.300000  0.015427  0.000001  -0.000000  0
6.000000  0.300000  0.015425  0.000001  -0.000000  0
6.000000  0.300000  0.015426  0.000001  -0.000000  0
6.000000  0.300000  0.015425  0.000001  -0.000000  0
6.000000  0.300000  0.015425  0.000001  -0.000000  0
6.000000  0.300000  0.015423  0.000001  0.000000  0
6.000000  0.300000  0.015422  0.000001  0.000000  0
6.000000  0.300000  0.015420  0.000001  0.000000  0
6.000000  0.300000  0.015419  0.000002  0.000000  0
6.000000  0.300000  0.015417  0.000001  -0.000000  0
6.000000  0.300000  0.015417  0.000001  0.000000  0
6.000000  0.300000  0.015415  0.000000  -0.000000  0
6.000000  0.300000  0.015416  0.000001  -0.000000  0
6.000000  0.300000  0.015413  0.000000  -0.000000  0
6.000000  0.300000  0.015414  0.000001  -0.000000  0
6.000000  0.300000  0.015412  0.000000  -0.000000  0
6.000000  0.300000  0.015412  0.000001  0.000000  0
6.000000  0.300000  0.015409  0.000000  0.000000  0
6.000000  0.300000  0.015409  0.000001  0.000000  0
6.000000  0.300000  0.015407  0.000000  0.000000  0
6.000000  0.300000  0.015407  0.000001  0.000000  0
6.000000  0.300000  0.015405  0.000000  0.000000  0
6.000000  0.300000  0.015404  0.000001  0.000000  0
6.000000  0.300000  0.015402  0.000000  0.000000  0
6.000000  0.300000  0.015402  0.000001  0.000000  0
6.000000  0.300000  0.015400  0.000000  0.000000  0
6.000000  0.300000  0.015399  0.000001  0.000000  0
6.000000  0.300000  0.015398  -0.000000  0.000000  0
6.000000  0.300000  0.015397  0.000000  0.000000  0
6.000000  0.300000  0.015395  -0.000000  0.000000  0
6.000000  0.300000  0.015395  0.000000  0.000000  0
6.000000  0.300000  0.015393  -0.000001  -0.000000  0
6.000000  0.300000  0.015393  0.000000  0.000000  0
6.000000  0.300000  0.015391  -0.000001  -0.000000  0
6.000000  0.300000  0.015391  -0.000000  0.000000  0
6.000000  0.300000  0.015389  -0.000001  -0.000000  0
6.000000  0.300000  0.015388  -0.000000  -0.000000  0
6.000000  0.300000  0.015386  -0.000001  -0.000000  0
6.000000  0.300000  0.015386  -0.000000  -0.000000  0
6.000000  0.300000  0.015382  -0.000000  -0.000000  0
6.000000  0.300000  0.015383  -0.000000  -0.000000  0
6.000000  0.300000  0.015381  -0.000000  0.000000  0
6.000000  0.300000  0.015380  -0.000000  0.000000  0
6.000000  0.300000  0.015379  -0.000000  0.000000  0
6.000000  0.300000  0.015379  -0.000000  0.000000  0
6.000000  0.300000  0.015378  -0.000001  -0.000000  0
6.000000  0.300000  0.015377  -0.000000  -0.000000  0
6.000000  0.300000  0.015375  -0.000000  -0.000000  0
6.000000  0.300000  0.015375  -0.000000  -0.000000  0
6.000000  0.300000  0.015372  0.000000  0.000000  0
6.000000  0.300000  0.015371  -0.000000  0.000000  0
6.000000  0.300000  0.015371  0.000000  0.000000  0
6.000000  0.300000  0.015370  -0.000000  0.000000  0
6.000000  0.300000  0.015369  -0.000000  -0.000000  0
6.000000  0.300000  0.015368  -0.000000  -0.000000  0
6.000000  0.300000  0.015365  0.000001  -0.000000  0
6.000000  0.300000  0.015365  -0.000000  0.000000  0
6.000000  0.300000  0.015364  0.000000  0.000000  0
6.000000  0.300000  0.015363  0.000000  0.000000  0
6.000000  0.300000  0.015361  0.000000  -0.000000  0
6.000000  0.300000  0.015361  -0.000000  -0.000000  0
6.000000  0.300000  0.015358  0.000001  0.000000  0
6.000000  0.300000  0.015357  0.000000  0.000000  0
6.000000  0.300000  0.015357  -0.000000  -0.000000  0
6.000000  0.300000  0.015356  0.000000  -0.000000  0
6.000000  0.300000  0.015353  0.000001  0.000000  0
6.000000  0.300000  0.015353  0.000000  0.000000  0
6.000000  0.300000  0.015352  0.000000  -0.000000  0
6.000000  0.300000  0.015351  0.000000  -0.000000  0
6.000000  0.300000  0.015348  0.000001  0.000000  0
6.000000  0.300000  0.015348  0.000000  0.000000  0
6.000000  0.300000  0.015347  -0.000000  -0.000000  0
6.000000  0.300000  0.015346  0.000000  -0.000000  0
6.000000  0.300000  0.015343  0.000001  0.000000  0
6.000000  0.300000  0.015342  0.000000  0.000000  0
6.000000  0.300000  0.015341  0.000000  -0.000000  0
6.000000  0.300000  0.015341  0.000000  -0.000000  0
6.000000  0.300000  0.015338  0.000000  0.000000  0
6.000000  0.300000  0.015338  0.000000  0.000000  0
6.000000  0.300000  0.015335  0.000000  -0.000000  0
6.000000  0.300000  0.015335  0.000000  -0.000000  0
6.000000  0.300000  0.015334  0.000000  -0.000000  0
6.000000  0.300000  0.015334  0.000000  -0.000000  0
6.000000  0.300000  0.015330  0.000000  0.000000  0
6.000000  0.300000  0.015330  0.000000  0.000000  0
6.000000  0.300000  0.015327  0.000000  0.000000  0
6.000000  0.300000  0.015328  0.000000  -0.000000  0
6.000000  0.300000  0.015326  0.000000  -0.000000  0
6.000000  0.300000  0.015326  0.000000  -0.000000  0
6.000000  0.300000  0.015323  0.000000  -0.000000  0
6.000000  0.300000  0.015323  0.000000  -0.000000  0
6.000000  0.300000  0.015320  0.000000  0.000000  0
6.000000  0.300000  0.015319  0.000000  0.000000  0
6.000000  0.300000  0.015316  0.000000  0.000000  0
6.000000  0.300000  0.015316  0.000000  0.000000  0
6.000000  0.300000  0.015314  0.000000  -0.000000  0
6.000000  0.300000  0.015314  0.000000  -0.000000  0
6.000000  0.300000  0.015312  0.000000  -0.000000  0
6.000000  0.300000  0.015312  0.000000  -0.000000  0
6.000000  0.300000  0.015310  0.000000  -0.000000  0
6.000000  0.300000  0.015310  0.000000  -0.000000  0
6.000000  0.300000  0.015307  -0.000000  0.000000  0
6.000000  0.300000  0.015307  0.000000  -0.000000  0
6.000000  0.300000  0.015305  -0.000000  -0.000000  0
6.000000  0.300000  0.015304  -0.000000  -0.000000  0
6.000000  0.300000  0.015302  -0.000000  -0.000000  0
6.000000  0.300000  0.015301  0.000000  -0.000000  0
6.000000  0.300000  0.015299  -0.000000  -0.000000  0
6.000000  0.300000  0.015299  -0.000000  -0.000000  0
6.000000  0.300000  0.015296  -0.000000  -0.000000  0
6.000000  0.300000  0.015296  -0.000000  -0.000000  0
6.000000  0.300000  0.015293  -0.000000  0.000000  0
6.000000  0.300000  0.015293  -0.000000  -0.000000  0
6.000000  0.300000  0.015290  -0.000000  -0.000000  0
6.000000  0.300000  0.015290  -0.000000  -0.000000  0
6.000000  0.300000  0.015286  -0.000000  -0.000000  0
6.000000  0.300000  0.015287  0.000000  -0.000000  0
6.000000  0.300000  0.015283  -0.000000  0.000000  0
6.000000  0.300000  0.015284  0.000000  0.000000  0
6.000000  0.300000  0.015281  -0.000000  0.000000  0
6.000000  0.300000  0.015281  0.000000  0.000000  0
6.000000  0.300000  0.015279  -0.000000  -0.000000  0
6.000000  0.300000  0.015278  0.000000  0.000000  0
6.000000  0.300000  0.015276  -0.000000  0.000000  0
6.000000  0.300000  0.015276  -0.000000  -0.000000  0
6.000000  0.300000  0.015272  -0.000000  -0.000000  0
6.000000  0.300000  0.015273  -0.000000  0.000000  0
6.000000  0.300000  0.015269  -0.000000  0.000000  0
6.000000  0.300000  0.015269  -0.000000  0.000000  0
6.000000  0.300000  0.015268  -0.000000  -0.000000  0
6.000000  0.300000  0.015267  -0.000000  -0.000000  0
6.000000  0.300000  0.015264  -0.000000  -0.000000  0
6.000000  0.300000  0.015265  -0.000000  0.000000  0
6.000000  0.300000  0.015261  -0.000000  0.000000  0
6.000000  0.300000  0.015261  -0.000000  0.000000  0
6.000000  0.300000  0.015259  -0.000000  0.000000  0
6.000000  0.300000  0.015259  -0.000000  -0.000000  0
6.000000  0.300000  0.015255  -0.000000  0.000000  0
6.000000  0.300000  0.015256  -0.000000  0.000000  0
6.000000  0.300000  0.015254  -0.000000  -0.000000  0
6.000000  0.300000  0.015253  -0.000000  -0.000000  0
6.000000  0.300000  0.015249  -0.000000  -0.000000  0
6.000000  0.300000  0.015250  -0.000000  0.000000  0
6.000000  0.300000  0.015248  -0.000000  -0.000000  0
6.000000  0.300000  0.015247  -0.000000  -0.000000  0
6.000000  0.300000  0.015243  -0.000000  0.000000  0
6.000000  0.300000  0.015244  -0.000000  0.000000  0
6.000000  0.300000  0.015242  -0.000001  0.000000  0
6.000000  0.300000  0.015242  -0.000000  -0.000000  0
6.000000  0.300000  0.015238  -0.000000  0.000000  0
6.000000  0.300000  0.015238  -0.000000  -0.000000  0
