500  5.5004  5.5004  9.1449
1000  5.6068  5.5536  8.9715
1500  5.6602  5.5892  8.8868
2000  5.6782  5.6114  8.8586
2500  5.6831  5.6258  8.8510
3000  5.6852  5.6357  8.8478
3500  5.6872  5.6430  8.8446
4000  5.6896  5.6488  8.8409
4500  5.6921  5.6536  8.8371
5000  5.6945  5.6577  8.8333
5500  5.6968  5.6613  8.8297
6000  5.6989  5.6644  8.8264
6500  5.7008  5.6672  8.8236
7000  5.7023  5.6697  8.8212
7500  5.7036  5.6720  8.8191
8000  5.7047  5.6740  8.8174
8500  5.7057  5.6759  8.8160
9000  5.7064  5.6776  8.8149
9500  5.7070  5.6791  8.8139
10000  5.7075  5.6806  8.8132
10500  5.7079  5.6819  8.8126
11000  5.7082  5.6831  8.8121
11500  5.7085  5.6842  8.8117
12000  5.7087  5.6852  8.8114
12500  5.7088  5.6861  8.8111
13000  5.7090  5.6870  8.8109
13500  5.7091  5.6878  8.8108
14000  5.7091  5.6886  8.8106
14500  5.7092  5.6893  8.8105
15000  5.7093  5.6900  8.8105
15500  5.7093  5.6906  8.8104
16000  5.7093  5.6912  8.8104
16500  5.7094  5.6917  8.8103
17000  5.7094  5.6922  8.8103
17500  5.7094  5.6927  8.8103
18000  5.7094  5.6932  8.8102
18500  5.7094  5.6936  8.8102
19000  5.7094  5.6940  8.8102
19500  5.7094  5.6944  8.8102
20000  5.7094  5.6948  8.8102
20500  5.7094  5.6952  8.8102
21000  5.7094  5.6955  8.8102
21500  5.7094  5.6958  8.8102
22000  5.7094  5.6961  8.8102
22500  5.7094  5.6964  8.8102
23000  5.7094  5.6967  8.8102
23500  5.7095  5.6970  8.8102
24000  5.7095  5.6973  8.8102
24500  5.7095  5.6975  8.8102
25000  5.7095  5.6977  8.8101
25500  5.7095  5.6980  8.8101
26000  5.7095  5.6982  8.8101
26500  5.7095  5.6984  8.8101
27000  5.7095  5.6986  8.8101
27500  5.7095  5.6988  8.8101
28000  5.7095  5.6990  8.8101
28500  5.7095  5.6992  8.8101
29000  5.7095  5.6994  8.8101
29500  5.7095  5.6995  8.8101
30000  5.7095  5.6997  8.8101
30500  5.7095  5.6999  8.8101
31000  5.7095  5.7000  8.8101
31500  5.7095  5.7002  8.8101
32000  5.7095  5.7003  8.8101
32500  5.7095  5.7004  8.8101
33000  5.7095  5.7006  8.8101
33500  5.7095  5.7007  8.8101
34000  5.7095  5.7008  8.8101
34500  5.7095  5.7010  8.8101
35000  5.7095  5.7011  8.8101
35500  5.7095  5.7012  8.8101
36000  5.7095  5.7013  8.8101
36500  5.7095  5.7014  8.8101
37000  5.7095  5.7016  8.8101
37500  5.7095  5.7017  8.8101
38000  5.7095  5.7018  8.8101
38500  5.7095  5.7019  8.8101
39000  5.7095  5.7020  8.8101
39500  5.7095  5.7021  8.8101
40000  5.7095  5.7021  8.8101
40500  5.7095  5.7022  8.8101
41000  5.7095  5.7023  8.8101
41500  5.7095  5.7024  8.8101
42000  5.7095  5.7025  8.8101
42500  5.7095  5.7026  8.8101
43000  5.7095  5.7027  8.8101
43500  5.7095  5.7027  8.8100
44000  5.7095  5.7028  8.8100
44500  5.7095  5.7029  8.8101
45000  5.7095  5.7030  8.8100
45500  5.7095  5.7030  8.8100
46000  5.7095  5.7031  8.8100
46500  5.7095  5.7032  8.8100
47000  5.7095  5.7032  8.8100
47500  5.7095  5.7033  8.8100
48000  5.7095  5.7034  8.8100
48500  5.7095  5.7034  8.8100
49000  5.7095  5.7035  8.8100
49500  5.7095  5.7036  8.8100
50000  5.7095  5.7036  8.8100
50500  5.7095  5.7037  8.8100
51000  5.7095  5.7037  8.8100
51500  5.7096  5.7038  8.8100
52000  5.7096  5.7038  8.8100
52500  5.7096  5.7039  8.8100
53000  5.7096  5.7040  8.8100
53500  5.7096  5.7040  8.8100
54000  5.7096  5.7041  8.8100
54500  5.7096  5.7041  8.8100
55000  5.7096  5.7042  8.8100
55500  5.7096  5.7042  8.8100
56000  5.7096  5.7043  8.8100
56500  5.7096  5.7043  8.8100
57000  5.7096  5.7043  8.8100
57500  5.7096  5.7044  8.8100
58000  5.7096  5.7044  8.8100
58500  5.7096  5.7045  8.8100
59000  5.7096  5.7045  8.8100
59500  5.7096  5.7046  8.8100
60000  5.7096  5.7046  8.8099
60500  5.7096  5.7047  8.8099
61000  5.7096  5.7047  8.8099
61500  5.7096  5.7047  8.8099
62000  5.7096  5.7048  8.8099
62500  5.7096  5.7048  8.8099
63000  5.7096  5.7048  8.8099
63500  5.7096  5.7049  8.8099
64000  5.7096  5.7049  8.8099
64500  5.7096  5.7050  8.8099
65000  5.7096  5.7050  8.8099
65500  5.7096  5.7050  8.8099
66000  5.7096  5.7051  8.8099
66500  5.7096  5.7051  8.8099
67000  5.7096  5.7051  8.8099
67500  5.7096  5.7052  8.8099
68000  5.7096  5.7052  8.8099
68500  5.7096  5.7052  8.8099
69000  5.7096  5.7053  8.8099
69500  5.7096  5.7053  8.8099
70000  5.7096  5.7053  8.8099
70500  5.7097  5.7054  8.8099
71000  5.7097  5.7054  8.8099
71500  5.7097  5.7054  8.8098
72000  5.7097  5.7054  8.8098
72500  5.7097  5.7055  8.8098
73000  5.7097  5.7055  8.8098
73500  5.7097  5.7055  8.8098
74000  5.7097  5.7056  8.8098
74500  5.7097  5.7056  8.8098
75000  5.7097  5.7056  8.8098
75500  5.7097  5.7056  8.8098
76000  5.7097  5.7057  8.8098
76500  5.7097  5.7057  8.8098
77000  5.7097  5.7057  8.8098
77500  5.7097  5.7057  8.8098
78000  5.7097  5.7058  8.8098
78500  5.7097  5.7058  8.8098
79000  5.7097  5.7058  8.8098
79500  5.7097  5.7058  8.8098
80000  5.7097  5.7059  8.8098
80500  5.7097  5.7059  8.8098
81000  5.7097  5.7059  8.8098
81500  5.7097  5.7059  8.8098
82000  5.7097  5.7060  8.8098
82500  5.7097  5.7060  8.8098
83000  5.7097  5.7060  8.8098
83500  5.7097  5.7060  8.8098
84000  5.7097  5.7061  8.8098
84500  5.7097  5.7061  8.8098
85000  5.7097  5.7061  8.8098
85500  5.7097  5.7061  8.8098
86000  5.7097  5.7061  8.8097
86500  5.7097  5.7062  8.8097
87000  5.7097  5.7062  8.8097
87500  5.7097  5.7062  8.8097
88000  5.7097  5.7062  8.8097
88500  5.7097  5.7062  8.8097
89000  5.7097  5.7063  8.8097
89500  5.7097  5.7063  8.8097
90000  5.7097  5.7063  8.8097
90500  5.7097  5.7063  8.8097
91000  5.7097  5.7063  8.8097
91500  5.7097  5.7064  8.8097
92000  5.7097  5.7064  8.8097
92500  5.7097  5.7064  8.8097
93000  5.7097  5.7064  8.8097
93500  5.7097  5.7064  8.8097
94000  5.7097  5.7064  8.8097
94500  5.7098  5.7065  8.8097
95000  5.7098  5.7065  8.8097
95500  5.7098  5.7065  8.8097
96000  5.7098  5.7065  8.8097
96500  5.7098  5.7065  8.8097
97000  5.7098  5.7065  8.8097
97500  5.7098  5.7066  8.8097
98000  5.7098  5.7066  8.8097
98500  5.7098  5.7066  8.8097
99000  5.7098  5.7066  8.8097
99500  5.7098  5.7066  8.8097
100000  5.7098  5.7066  8.8097
