5000  -9.1894  2.3718
10000  -12.5243  2.1905
15000  -11.6466  2.1776
20000  -10.3800  2.3154
25000  -9.4273  2.5590
30000  -8.9191  2.3731
35000  -8.7806  2.2958
40000  -8.9286  2.2176
45000  -9.2497  2.2174
50000  -9.5898  2.3237
55000  -9.8716  2.4993
60000  -10.0700  2.6868
65000  -10.2338  2.8557
70000  -10.3693  2.6988
75000  -10.4742  2.5700
80000  -10.5651  2.5601
85000  -10.6759  2.7052
90000  -8.5420  2.8831
95000  -9.1810  3.0725
100000  -9.8015  3.3012
105000  -10.3826  3.4984
110000  -10.9300  3.5718
115000  -6.2145  3.5454
120000  -6.6645  3.4832
125000  -7.1020  3.4996
130000  -5.4687  3.6270
135000  -5.0799  3.6152
140000  -5.5015  3.6708
145000  -5.9809  3.6058
150000  -12.5934  3.5985
155000  -12.1254  3.6629
160000  -11.6745  3.7268
165000  -11.2319  3.7326
170000  -10.7943  3.6503
175000  -10.3632  3.5993
180000  -9.9583  3.5280
185000  -9.6525  3.4336
190000  -10.5275  3.3341
195000  -10.4017  3.3359
200000  -10.6583  3.4097
205000  -11.0020  3.4208
210000  -11.3280  3.4835
215000  -11.6355  3.5079
220000  -9.5444  3.5747
225000  -10.0315  3.5931
230000  -10.5578  3.6104
235000  -11.0811  3.6581
240000  -11.5983  3.6940
245000  -8.4454  3.7325
250000  -8.6082  3.7216
255000  -8.8022  3.7021
260000  -9.0312  3.6506
265000  -9.2752  3.6918
270000  -9.5357  3.6410
275000  -9.8218  3.6357
280000  -10.1326  3.5450
285000  -10.4570  3.5363
290000  -10.7964  3.5275
295000  -11.1521  3.4722
300000  -6.8471  3.5199
305000  -6.9544  3.4025
310000  -7.0835  3.3634
315000  -7.2271  3.3543
320000  -7.3801  3.3568
325000  -7.5358  3.3036
330000  -7.7061  3.3095
335000  -7.8881  3.3509
340000  -8.3212  3.3818
345000  -8.8355  3.4212
350000  -9.3962  3.4701
355000  -10.0187  3.4037
360000  -10.6822  3.2775
365000  -11.3584  3.2433
370000  -12.0350  3.2300
375000  -7.8611  3.2285
380000  -7.9131  3.1142
385000  -8.0023  3.0634
390000  -8.1240  3.0514
395000  -8.2690  3.1461
400000  -8.4390  3.3425
405000  -6.3208  3.4317
410000  -6.5079  3.5139
415000  -6.7197  3.5905
420000  -6.9034  3.6249
425000  -7.1083  3.6154
430000  -7.3036  3.5784
435000  -7.5150  3.5639
440000  -7.7054  3.4960
445000  -10.4581  3.3844
450000  -9.8741  3.4108
455000  -9.2482  3.4203
460000  -8.6077  3.4238
465000  -8.6784  3.4690
470000  -8.8975  3.4847
475000  -9.1255  3.4435
480000  -9.3328  3.4033
485000  -9.5867  3.3878
490000  -9.8480  3.4467
495000  -10.0980  3.4493
500000  -10.3883  3.4397
505000  -10.6819  3.4679
510000  -10.9657  3.5487
515000  -11.2256  3.6111
520000  -10.0325  3.6247
525000  -9.8138  3.5843
530000  -9.5905  3.5274
535000  -9.3404  3.4812
540000  -9.1120  3.5002
545000  -8.9674  3.5410
550000  -8.9083  3.5737
555000  -8.9335  3.5654
560000  -9.0072  3.5652
565000  -10.2265  3.5145
570000  -9.7807  3.4946
575000  -10.7070  3.5310
580000  -10.2904  3.5827
585000  -9.8912  3.5539
590000  -9.8592  3.5542
595000  -12.4099  3.5491
600000  -12.2617  3.6207
605000  -12.1167  3.6282
610000  -11.9840  3.6303
615000  -11.8558  3.6537
620000  -11.7408  3.6519
625000  -11.6434  3.6364
630000  -11.5942  3.6317
635000  -12.6714  3.6791
640000  -12.1856  3.7262
645000  -11.7481  3.7271
650000  -11.5055  3.7280
655000  -11.4847  3.7274
660000  -11.4094  3.7269
665000  -11.3058  3.7244
670000  -11.1862  3.7198
675000  -11.0509  3.7196
680000  -10.9017  3.7227
685000  -10.7439  3.7193
690000  -10.5839  3.6640
695000  -10.4186  3.6241
700000  -10.2553  3.5187
705000  -10.0923  3.4082
710000  -9.9374  3.3807
715000  -9.7955  3.5269
720000  -9.6669  3.5520
725000  -9.5330  3.4974
730000  -9.4186  3.4820
735000  -9.3326  3.5134
740000  -9.2570  3.5152
745000  -9.2157  3.4954
750000  -9.1865  3.5207
755000  -9.1581  3.5222
760000  -9.1414  3.5411
765000  -9.2000  3.4936
770000  -9.4622  3.4154
775000  -9.6425  3.4539
780000  -9.1228  3.5567
785000  -9.6069  3.6898
790000  -9.4951  3.7841
795000  -9.3586  3.7845
800000  -9.2046  3.7858
805000  -9.2386  3.7866
810000  -9.4840  3.7855
815000  -9.7404  3.7152
820000  -9.9896  3.6870
825000  -10.2478  3.6442
830000  -10.4814  3.6727
835000  -9.1534  3.6662
840000  -9.0208  3.6630
845000  -8.8573  3.6436
850000  -9.7668  3.6233
855000  -9.7450  3.6249
860000  -9.7834  3.6359
865000  -9.9352  3.6110
870000  -10.1366  3.5581
875000  -10.3390  3.5471
880000  -10.5198  3.6138
885000  -10.7274  3.6372
890000  -10.8966  3.6044
895000  -11.0599  3.6084
900000  -11.1722  3.5869
905000  -11.3308  3.4989
910000  -11.4705  3.4688
915000  -9.6768  3.4897
920000  -9.9343  3.4966
925000  -10.1653  3.5581
930000  -10.4168  3.5966
935000  -10.6666  3.6370
940000  -10.8996  3.6669
945000  -11.1300  3.6904
950000  -11.3401  3.6965
955000  -11.5474  3.7032
960000  -11.7353  3.7012
965000  -11.9105  3.7037
970000  -6.6776  3.6926
975000  -6.5033  3.6735
980000  -6.5095  3.6761
985000  -7.0930  3.6743
990000  -7.6299  3.6795
995000  -8.1023  3.6823
1000000  -8.5823  3.6729
