500  4.7993  4.7993  10.4810
1000  4.8806  4.8399  10.3063
1500  4.9221  4.8673  10.2194
2000  4.9365  4.8846  10.1897
2500  4.9405  4.8958  10.1815
3000  4.9421  4.9035  10.1780
3500  4.9437  4.9093  10.1748
4000  4.9455  4.9138  10.1712
4500  4.9473  4.9175  10.1674
5000  4.9491  4.9207  10.1637
5500  4.9508  4.9234  10.1602
6000  4.9524  4.9258  10.1570
6500  4.9537  4.9280  10.1542
7000  4.9549  4.9299  10.1518
7500  4.9559  4.9316  10.1498
8000  4.9567  4.9332  10.1481
8500  4.9574  4.9346  10.1467
9000  4.9580  4.9359  10.1455
9500  4.9584  4.9371  10.1446
10000  4.9588  4.9382  10.1439
10500  4.9591  4.9392  10.1432
11000  4.9593  4.9401  10.1427
11500  4.9595  4.9409  10.1423
12000  4.9597  4.9417  10.1420
12500  4.9598  4.9424  10.1418
13000  4.9599  4.9431  10.1416
13500  4.9600  4.9437  10.1414
14000  4.9601  4.9443  10.1413
14500  4.9601  4.9449  10.1412
15000  4.9601  4.9454  10.1411
15500  4.9602  4.9459  10.1410
16000  4.9602  4.9463  10.1410
16500  4.9602  4.9467  10.1409
17000  4.9602  4.9471  10.1409
17500  4.9602  4.9475  10.1409
18000  4.9603  4.9479  10.1408
18500  4.9603  4.9482  10.1408
19000  4.9603  4.9485  10.1408
19500  4.9603  4.9488  10.1408
20000  4.9603  4.9491  10.1408
20500  4.9603  4.9494  10.1408
21000  4.9603  4.9496  10.1408
21500  4.9603  4.9499  10.1408
22000  4.9603  4.9501  10.1408
22500  4.9603  4.9503  10.1408
23000  4.9603  4.9506  10.1408
23500  4.9603  4.9508  10.1408
24000  4.9603  4.9510  10.1408
24500  4.9603  4.9511  10.1408
25000  4.9603  4.9513  10.1408
25500  4.9603  4.9515  10.1407
26000  4.9603  4.9517  10.1408
26500  4.9603  4.9518  10.1407
27000  4.9603  4.9520  10.1408
27500  4.9603  4.9521  10.1407
28000  4.9603  4.9523  10.1407
28500  4.9603  4.9524  10.1407
29000  4.9603  4.9526  10.1407
29500  4.9603  4.9527  10.1407
30000  4.9603  4.9528  10.1407
30500  4.9603  4.9530  10.1407
31000  4.9603  4.9531  10.1407
31500  4.9603  4.9532  10.1407
32000  4.9603  4.9533  10.1407
32500  4.9603  4.9534  10.1407
33000  4.9603  4.9535  10.1407
33500  4.9603  4.9536  10.1407
34000  4.9603  4.9537  10.1407
34500  4.9603  4.9538  10.1407
35000  4.9603  4.9539  10.1407
35500  4.9603  4.9540  10.1407
36000  4.9603  4.9541  10.1407
36500  4.9603  4.9542  10.1407
37000  4.9603  4.9542  10.1407
37500  4.9603  4.9543  10.1407
38000  4.9603  4.9544  10.1407
38500  4.9603  4.9545  10.1407
39000  4.9603  4.9546  10.1407
39500  4.9603  4.9546  10.1407
40000  4.9603  4.9547  10.1407
40500  4.9603  4.9548  10.1407
41000  4.9603  4.9548  10.1407
41500  4.9603  4.9549  10.1407
42000  4.9603  4.9550  10.1407
42500  4.9603  4.9550  10.1407
43000  4.9603  4.9551  10.1407
43500  4.9603  4.9551  10.1407
44000  4.9603  4.9552  10.1407
44500  4.9603  4.9553  10.1407
45000  4.9603  4.9553  10.1407
45500  4.9603  4.9554  10.1407
46000  4.9603  4.9554  10.1407
46500  4.9603  4.9555  10.1407
47000  4.9603  4.9555  10.1407
47500  4.9603  4.9556  10.1407
48000  4.9603  4.9556  10.1407
48500  4.9603  4.9557  10.1407
49000  4.9603  4.9557  10.1407
49500  4.9603  4.9558  10.1407
50000  4.9603  4.9558  10.1407
50500  4.9603  4.9559  10.1407
51000  4.9603  4.9559  10.1407
51500  4.9603  4.9560  10.1407
52000  4.9603  4.9560  10.1407
52500  4.9603  4.9560  10.1407
53000  4.9603  4.9561  10.1407
53500  4.9603  4.9561  10.1407
54000  4.9603  4.9562  10.1407
54500  4.9603  4.9562  10.1407
55000  4.9603  4.9562  10.1407
55500  4.9603  4.9563  10.1407
56000  4.9603  4.9563  10.1407
56500  4.9603  4.9563  10.1407
57000  4.9603  4.9564  10.1407
57500  4.9603  4.9564  10.1407
58000  4.9603  4.9564  10.1407
58500  4.9603  4.9565  10.1407
59000  4.9603  4.9565  10.1407
59500  4.9603  4.9565  10.1407
60000  4.9603  4.9566  10.1407
60500  4.9603  4.9566  10.1407
61000  4.9603  4.9566  10.1407
61500  4.9603  4.9567  10.1407
62000  4.9603  4.9567  10.1407
62500  4.9603  4.9567  10.1407
63000  4.9603  4.9568  10.1407
63500  4.9603  4.9568  10.1407
64000  4.9603  4.9568  10.1407
64500  4.9603  4.9568  10.1407
65000  4.9603  4.9569  10.1407
65500  4.9603  4.9569  10.1407
66000  4.9603  4.9569  10.1407
66500  4.9603  4.9569  10.1407
67000  4.9603  4.9570  10.1407
67500  4.9603  4.9570  10.1407
68000  4.9603  4.9570  10.1407
68500  4.9603  4.9570  10.1407
69000  4.9603  4.9571  10.1407
69500  4.9603  4.9571  10.1407
70000  4.9603  4.9571  10.1407
70500  4.9603  4.9571  10.1407
71000  4.9603  4.9572  10.1407
71500  4.9603  4.9572  10.1407
72000  4.9603  4.9572  10.1407
72500  4.9603  4.9572  10.1407
73000  4.9603  4.9572  10.1407
73500  4.9603  4.9573  10.1407
74000  4.9603  4.9573  10.1407
74500  4.9603  4.9573  10.1407
75000  4.9603  4.9573  10.1407
75500  4.9603  4.9573  10.1407
76000  4.9603  4.9574  10.1407
76500  4.9603  4.9574  10.1407
77000  4.9603  4.9574  10.1407
77500  4.9603  4.9574  10.1407
78000  4.9603  4.9574  10.1407
78500  4.9603  4.9575  10.1407
79000  4.9603  4.9575  10.1407
79500  4.9603  4.9575  10.1407
80000  4.9603  4.9575  10.1407
80500  4.9603  4.9575  10.1407
81000  4.9603  4.9575  10.1407
81500  4.9603  4.9576  10.1407
82000  4.9603  4.9576  10.1407
82500  4.9603  4.9576  10.1407
83000  4.9603  4.9576  10.1407
83500  4.9603  4.9576  10.1407
84000  4.9603  4.9576  10.1407
84500  4.9603  4.9577  10.1407
85000  4.9603  4.9577  10.1407
85500  4.9603  4.9577  10.1407
86000  4.9603  4.9577  10.1407
86500  4.9603  4.9577  10.1407
87000  4.9603  4.9577  10.1407
87500  4.9603  4.9578  10.1407
88000  4.9603  4.9578  10.1407
88500  4.9603  4.9578  10.1407
89000  4.9603  4.9578  10.1407
89500  4.9603  4.9578  10.1407
90000  4.9603  4.9578  10.1407
90500  4.9603  4.9578  10.1407
91000  4.9603  4.9579  10.1407
91500  4.9603  4.9579  10.1407
92000  4.9603  4.9579  10.1407
92500  4.9603  4.9579  10.1407
93000  4.9603  4.9579  10.1407
93500  4.9603  4.9579  10.1407
94000  4.9603  4.9579  10.1407
94500  4.9603  4.9579  10.1407
95000  4.9603  4.9580  10.1407
95500  4.9603  4.9580  10.1407
96000  4.9603  4.9580  10.1407
96500  4.9603  4.9580  10.1407
97000  4.9603  4.9580  10.1407
97500  4.9603  4.9580  10.1407
98000  4.9603  4.9580  10.1407
98500  4.9603  4.9580  10.1407
99000  4.9603  4.9581  10.1407
99500  4.9603  4.9581  10.1407
100000  4.9603  4.9581  10.1407
