1500  1.2416  1.2416  29.3243
3000  1.2428  1.2422  29.2949
4500  1.2429  1.2424  29.2922
6000  1.2396  1.2417  29.3700
7500  1.2364  1.2407  29.4464
9000  1.2303  1.2389  29.5936
10500  1.2224  1.2366  29.7856
12000  1.2249  1.2351  29.7235
13500  1.2340  1.2350  29.5051
15000  1.2355  1.2350  29.4688
16500  1.2454  1.2360  29.2350
18000  1.2424  1.2365  29.3053
19500  1.2391  1.2367  29.3827
21000  1.2286  1.2361  29.6349
22500  1.2278  1.2356  29.6533
24000  1.2254  1.2349  29.7106
25500  1.2286  1.2346  29.6347
27000  1.2273  1.2342  29.6665
28500  1.2314  1.2340  29.5659
30000  1.2312  1.2339  29.5707
31500  1.2311  1.2337  29.5728
33000  1.2359  1.2338  29.4599
34500  1.2383  1.2340  29.4013
36000  1.2335  1.2340  29.5163
37500  1.2306  1.2339  29.5847
39000  1.2204  1.2334  29.8332
40500  1.2140  1.2326  29.9893
42000  1.2070  1.2317  30.1642
43500  1.2109  1.2310  30.0678
45000  1.2131  1.2304  30.0122
46500  1.2120  1.2298  30.0410
48000  1.2093  1.2292  30.1082
49500  1.2120  1.2287  30.0391
51000  1.2141  1.2282  29.9871
52500  1.2174  1.2279  29.9064
54000  1.2305  1.2280  29.5881
55500  1.2312  1.2281  29.5717
57000  1.2300  1.2281  29.6010
58500  1.2258  1.2281  29.7027
60000  1.2235  1.2280  29.7565
61500  1.2218  1.2278  29.7985
63000  1.2182  1.2276  29.8873
64500  1.2161  1.2273  29.9375
66000  1.2202  1.2272  29.8376
67500  1.2253  1.2271  29.7150
69000  1.2226  1.2270  29.7787
70500  1.2180  1.2268  29.8928
72000  1.2218  1.2267  29.7978
73500  1.2292  1.2268  29.6193
75000  1.2297  1.2268  29.6085
76500  1.2284  1.2269  29.6391
78000  1.2265  1.2268  29.6856
79500  1.2229  1.2268  29.7711
81000  1.2218  1.2267  29.7999
82500  1.2244  1.2266  29.7361
84000  1.2300  1.2267  29.5996
85500  1.2314  1.2268  29.5658
87000  1.2289  1.2268  29.6279
88500  1.2231  1.2268  29.7683
90000  1.2245  1.2267  29.7326
91500  1.2302  1.2268  29.5952
93000  1.2287  1.2268  29.6328
94500  1.2261  1.2268  29.6940
96000  1.2282  1.2268  29.6432
97500  1.2205  1.2267  29.8301
99000  1.2183  1.2266  29.8851
100500  1.2138  1.2264  29.9958
102000  1.2129  1.2262  30.0172
103500  1.2145  1.2260  29.9787
105000  1.2099  1.2258  30.0912
106500  1.2082  1.2256  30.1337
108000  1.2107  1.2253  30.0728
109500  1.2145  1.2252  29.9792
111000  1.2125  1.2250  30.0267
112500  1.2060  1.2248  30.1897
114000  1.2020  1.2245  30.2907
115500  1.1991  1.2241  30.3643
117000  1.1973  1.2238  30.4092
118500  1.2006  1.2235  30.3254
120000  1.2066  1.2233  30.1738
121500  1.2080  1.2231  30.1386
123000  1.2130  1.2230  30.0154
124500  1.2120  1.2229  30.0388
126000  1.2085  1.2227  30.1276
127500  1.2120  1.2226  30.0404
129000  1.2143  1.2225  29.9823
130500  1.2127  1.2223  30.0235
132000  1.2147  1.2223  29.9733
133500  1.2226  1.2223  29.7796
135000  1.2267  1.2223  29.6802
136500  1.2235  1.2223  29.7568
138000  1.2198  1.2223  29.8474
139500  1.2137  1.2222  29.9990
141000  1.2163  1.2221  29.9338
142500  1.2213  1.2221  29.8105
144000  1.2246  1.2222  29.7319
145500  1.2243  1.2222  29.7382
147000  1.2240  1.2222  29.7464
148500  1.2251  1.2222  29.7180
150000  1.2245  1.2223  29.7333
151500  1.2234  1.2223  29.7600
153000  1.2201  1.2222  29.8406
154500  1.2229  1.2222  29.7722
156000  1.2286  1.2223  29.6337
157500  1.2295  1.2224  29.6136
159000  1.2236  1.2224  29.7546
160500  1.2182  1.2223  29.8876
162000  1.2155  1.2223  29.9543
163500  1.2163  1.2222  29.9327
165000  1.2185  1.2222  29.8796
166500  1.2236  1.2222  29.7552
168000  1.2246  1.2222  29.7305
169500  1.2204  1.2222  29.8330
171000  1.2187  1.2222  29.8756
172500  1.2151  1.2221  29.9624
174000  1.2108  1.2220  30.0695
175500  1.2076  1.2219  30.1482
177000  1.2067  1.2218  30.1723
178500  1.2100  1.2217  30.0905
180000  1.2160  1.2216  29.9410
181500  1.2198  1.2216  29.8470
183000  1.2196  1.2216  29.8528
184500  1.2260  1.2216  29.6972
186000  1.2257  1.2217  29.7035
187500  1.2282  1.2217  29.6427
189000  1.2249  1.2217  29.7240
190500  1.2264  1.2218  29.6861
192000  1.2271  1.2218  29.6712
193500  1.2231  1.2218  29.7681
195000  1.2217  1.2218  29.8009
196500  1.2227  1.2218  29.7763
198000  1.2211  1.2218  29.8162
199500  1.2253  1.2219  29.7137
201000  1.2288  1.2219  29.6282
202500  1.2281  1.2220  29.6461
204000  1.2221  1.2220  29.7912
205500  1.2197  1.2219  29.8500
207000  1.2259  1.2220  29.7004
208500  1.2397  1.2221  29.3695
210000  1.2386  1.2222  29.3958
211500  1.2287  1.2223  29.6318
213000  1.2213  1.2223  29.8103
214500  1.2213  1.2222  29.8121
216000  1.2210  1.2222  29.8192
217500  1.2212  1.2222  29.8138
219000  1.2244  1.2222  29.7352
220500  1.2208  1.2222  29.8225
222000  1.2214  1.2222  29.8076
223500  1.2150  1.2222  29.9656
225000  1.2119  1.2221  30.0422
226500  1.2100  1.2220  30.0884
228000  1.2170  1.2220  29.9153
229500  1.2212  1.2220  29.8126
231000  1.2229  1.2220  29.7713
232500  1.2233  1.2220  29.7629
234000  1.2241  1.2220  29.7440
235500  1.2320  1.2221  29.5528
237000  1.2370  1.2222  29.4318
238500  1.2331  1.2222  29.5270
240000  1.2284  1.2223  29.6393
241500  1.2277  1.2223  29.6556
243000  1.2309  1.2224  29.5785
244500  1.2305  1.2224  29.5874
246000  1.2339  1.2225  29.5063
247500  1.2273  1.2225  29.6658
249000  1.2271  1.2226  29.6714
250500  1.2251  1.2226  29.7188
252000  1.2304  1.2226  29.5904
253500  1.2322  1.2227  29.5481
255000  1.2319  1.2227  29.5553
256500  1.2306  1.2228  29.5849
258000  1.2239  1.2228  29.7478
259500  1.2161  1.2227  29.9379
261000  1.2141  1.2227  29.9891
262500  1.2219  1.2227  29.7962
264000  1.2252  1.2227  29.7165
265500  1.2267  1.2227  29.6795
267000  1.2191  1.2227  29.8651
268500  1.2195  1.2227  29.8540
270000  1.2194  1.2227  29.8580
271500  1.2176  1.2226  29.9029
273000  1.2181  1.2226  29.8897
274500  1.2177  1.2226  29.9002
276000  1.2167  1.2226  29.9241
277500  1.2172  1.2225  29.9109
279000  1.2168  1.2225  29.9223
280500  1.2147  1.2225  29.9724
282000  1.2117  1.2224  30.0473
283500  1.2166  1.2224  29.9255
285000  1.2267  1.2224  29.6811
286500  1.2311  1.2224  29.5728
288000  1.2284  1.2225  29.6389
289500  1.2329  1.2225  29.5316
291000  1.2228  1.2225  29.7756
292500  1.2154  1.2225  29.9561
294000  1.2146  1.2224  29.9752
295500  1.2175  1.2224  29.9048
297000  1.2236  1.2224  29.7545
298500  1.2244  1.2224  29.7364
300000  1.2203  1.2224  29.8359
