10000  0.7715  1.8599
20000  -0.5074  1.9559
30000  -12.4299  1.9939
40000  -11.9496  2.0121
50000  -11.7823  2.0215
60000  -11.9179  2.0207
70000  -12.3507  2.0021
80000  -7.6551  1.9948
90000  -7.3656  1.9896
100000  -7.5360  1.9927
110000  -8.0038  1.9961
120000  -8.4312  1.9865
130000  -8.7760  1.9775
140000  -9.2053  1.9730
150000  -9.9316  1.9807
160000  -11.0107  1.9835
170000  -6.8678  1.9666
180000  -6.8051  1.9618
190000  -4.9549  1.9649
200000  -4.4696  1.9776
210000  -6.5868  2.0004
220000  -8.4185  1.9904
230000  -6.9437  1.9974
240000  -6.4272  1.9944
250000  -5.9383  2.0084
260000  -6.5026  2.0032
270000  -6.9066  2.0052
280000  -7.0298  2.0091
290000  -12.1907  1.9854
300000  -10.9240  1.9700
310000  -9.8667  1.9762
320000  -9.0860  1.9810
330000  -8.6769  1.9914
340000  -12.9023  2.0004
350000  -11.6649  2.0043
360000  -11.6917  2.0057
370000  -10.3179  1.9957
380000  -9.0215  1.9962
390000  -8.9870  1.9803
400000  -7.8570  1.9655
410000  -6.7271  1.9800
420000  -12.8783  1.9975
430000  -12.1074  2.0162
440000  -11.6167  1.9637
450000  -11.4956  1.9385
460000  -11.7335  1.9534
470000  -12.2559  1.9693
480000  -6.6753  1.9932
490000  -6.8689  1.9983
500000  -6.9333  1.9612
510000  -8.0164  1.9693
520000  -7.3287  1.9650
530000  -7.7213  1.9780
540000  -8.1560  1.9760
550000  -8.4741  1.9470
560000  -8.6109  1.9353
570000  -8.5624  1.9639
580000  -8.4135  2.0022
590000  -8.1764  1.9943
600000  -7.8771  1.9817
610000  -7.4973  2.0023
620000  -7.5944  2.0149
630000  -7.8886  2.0011
640000  -8.1385  1.9922
650000  -8.3504  1.9983
660000  -8.7851  1.9906
670000  -9.3808  1.9854
680000  -10.0413  1.9737
690000  -10.8940  1.9831
700000  -7.8141  1.9881
710000  -8.2907  1.9762
720000  -9.0642  1.9666
730000  -10.0032  2.0073
740000  -8.4730  2.0011
750000  -9.3678  1.9911
760000  -11.6023  1.9540
770000  -11.0559  1.9638
780000  -10.7493  1.9958
790000  -10.7224  2.0022
800000  -10.9062  2.0106
810000  -11.2332  1.9961
820000  -5.0290  1.9674
830000  -4.4384  1.9682
840000  -4.5109  1.9693
850000  -9.6775  1.9903
860000  -8.1538  2.0033
870000  -10.6876  2.0035
880000  -9.6443  2.0105
890000  -8.7415  2.0203
900000  -8.0047  2.0135
910000  -8.0033  2.0178
920000  -8.7984  2.0150
930000  -9.4112  2.0168
940000  -9.8936  2.0231
950000  -10.2675  1.9963
960000  -10.5523  1.9742
970000  -10.8101  1.9746
980000  -11.0495  1.9586
990000  -11.3080  1.9543
1000000  -11.6248  1.9883
1010000  -10.0916  1.9773
1020000  -9.9102  1.9819
1030000  -9.8836  1.9825
1040000  -10.1734  1.9978
1050000  -10.8922  2.0185
1060000  -2.5920  1.9903
1070000  -3.3982  1.9799
1080000  -3.7939  2.0041
1090000  -3.9972  2.0059
1100000  -4.2015  1.9822
1110000  -4.4448  1.9791
1120000  -4.6051  1.9845
1130000  -4.6101  1.9836
1140000  -4.5560  1.9808
1150000  -4.6567  1.9899
1160000  -4.9020  2.0097
1170000  -5.1166  2.0215
1180000  -5.1553  2.0113
1190000  -4.9252  1.9982
1200000  -4.4142  1.9848
1210000  -3.7942  1.9855
1220000  -3.1556  1.9802
1230000  -2.5290  1.9877
1240000  -1.9807  1.9863
1250000  -1.5361  1.9827
1260000  -1.2643  1.9800
1270000  -1.1297  1.9793
1280000  -1.1252  1.9827
1290000  -1.2066  1.9962
1300000  -1.3794  1.9874
1310000  -1.6763  1.9804
1320000  -2.3823  1.9760
1330000  -2.7096  1.9899
1340000  -3.4013  2.0073
1350000  -4.3057  2.0168
1360000  -6.9377  2.0238
1370000  -5.8842  2.0311
1380000  -7.4959  2.0289
1390000  -9.0457  2.0341
1400000  -7.3933  2.0333
1410000  -6.0695  2.0261
1420000  -5.1969  1.9977
1430000  -5.7793  1.9863
1440000  -10.4005  1.9971
1450000  -9.5824  2.0118
1460000  -8.9577  2.0072
1470000  -8.5732  1.9917
1480000  -8.8015  1.9827
1490000  -9.0078  1.9821
1500000  -9.0812  1.9867
1510000  -9.1073  1.9936
1520000  -9.3056  1.9993
1530000  -9.4044  2.0080
1540000  -9.4861  2.0144
1550000  -9.6396  2.0083
1560000  -9.9186  1.9992
1570000  -10.3211  1.9855
1580000  -9.3054  1.9861
1590000  -8.9058  1.9948
1600000  -8.3081  2.0068
1610000  -7.5350  2.0202
1620000  -8.6397  2.0211
1630000  -8.4205  2.0185
1640000  -8.1943  2.0158
1650000  -7.9886  2.0165
1660000  -7.8650  2.0208
1670000  -7.8384  2.0257
1680000  -7.9577  2.0240
1690000  -8.1841  2.0140
1700000  -8.9716  2.0024
1710000  -9.1721  1.9944
1720000  -10.5349  2.0046
1730000  -10.4843  1.9999
1740000  -3.2446  1.9994
1750000  -11.3639  2.0051
1760000  -11.2425  2.0160
1770000  -11.2542  2.0169
1780000  -8.0137  2.0270
1790000  -7.3676  2.0233
1800000  -6.7593  2.0161
1810000  -7.6784  2.0141
1820000  -8.5864  2.0264
1830000  -9.5811  2.0218
1840000  -10.7546  2.0242
1850000  -7.6349  2.0288
1860000  -7.9361  2.0283
1870000  -9.8576  2.0293
1880000  -9.2183  2.0294
1890000  -8.4042  2.0253
1900000  -7.5105  2.0250
1910000  -6.7786  2.0257
1920000  -6.2353  2.0143
1930000  -6.2521  2.0142
1940000  -6.8485  2.0142
1950000  -7.4164  2.0182
1960000  -4.5446  2.0144
1970000  -4.3593  2.0107
1980000  -4.1180  2.0061
1990000  -3.7971  2.0021
2000000  -3.4060  1.9964
