1500  1.1754  1.1754  247.9265
3000  1.1754  1.1754  247.9274
4500  1.1754  1.1754  247.9273
6000  1.1754  1.1754  247.9227
7500  1.1753  1.1754  247.9424
9000  1.1752  1.1753  247.9747
10500  1.1750  1.1753  248.0053
12000  1.1749  1.1753  248.0246
13500  1.1749  1.1752  248.0261
15000  1.1749  1.1752  248.0270
16500  1.1748  1.1751  248.0592
18000  1.1746  1.1751  248.1015
19500  1.1745  1.1751  248.1108
21000  1.1746  1.1750  248.0894
22500  1.1747  1.1750  248.0701
24000  1.1748  1.1750  248.0604
25500  1.1748  1.1750  248.0530
27000  1.1748  1.1750  248.0538
28500  1.1747  1.1750  248.0688
30000  1.1747  1.1749  248.0709
31500  1.1747  1.1749  248.0628
33000  1.1748  1.1749  248.0484
34500  1.1747  1.1749  248.0634
36000  1.1746  1.1749  248.0919
37500  1.1745  1.1749  248.1166
39000  1.1744  1.1749  248.1445
40500  1.1743  1.1748  248.1527
42000  1.1743  1.1748  248.1624
43500  1.1743  1.1748  248.1575
45000  1.1744  1.1748  248.1347
46500  1.1745  1.1748  248.1196
48000  1.1745  1.1748  248.1148
49500  1.1744  1.1748  248.1428
51000  1.1742  1.1747  248.1687
52500  1.1742  1.1747  248.1732
54000  1.1742  1.1747  248.1716
55500  1.1742  1.1747  248.1745
57000  1.1741  1.1747  248.1930
58500  1.1742  1.1747  248.1839
60000  1.1743  1.1747  248.1598
61500  1.1743  1.1747  248.1549
63000  1.1743  1.1747  248.1480
64500  1.1744  1.1746  248.1295
66000  1.1744  1.1746  248.1344
67500  1.1743  1.1746  248.1569
69000  1.1743  1.1746  248.1520
70500  1.1744  1.1746  248.1298
72000  1.1745  1.1746  248.1215
73500  1.1745  1.1746  248.1109
75000  1.1747  1.1746  248.0832
76500  1.1749  1.1746  248.0350
78000  1.1749  1.1746  248.0217
79500  1.1747  1.1746  248.0768
81000  1.1744  1.1746  248.1420
82500  1.1743  1.1746  248.1619
84000  1.1742  1.1746  248.1726
85500  1.1741  1.1746  248.2037
87000  1.1739  1.1746  248.2484
88500  1.1738  1.1746  248.2704
90000  1.1738  1.1746  248.2692
91500  1.1738  1.1746  248.2526
93000  1.1740  1.1745  248.2148
94500  1.1743  1.1745  248.1657
96000  1.1744  1.1745  248.1319
97500  1.1745  1.1745  248.1164
99000  1.1745  1.1745  248.1057
100500  1.1746  1.1745  248.0881
102000  1.1746  1.1745  248.0963
103500  1.1745  1.1745  248.1248
105000  1.1744  1.1745  248.1348
106500  1.1744  1.1745  248.1390
108000  1.1744  1.1745  248.1366
109500  1.1744  1.1745  248.1336
111000  1.1744  1.1745  248.1348
112500  1.1745  1.1745  248.1209
114000  1.1746  1.1745  248.0937
115500  1.1746  1.1745  248.0936
117000  1.1746  1.1745  248.0994
118500  1.1745  1.1745  248.1154
120000  1.1744  1.1745  248.1441
121500  1.1742  1.1745  248.1841
123000  1.1740  1.1745  248.2139
124500  1.1740  1.1745  248.2169
126000  1.1741  1.1745  248.1897
127500  1.1742  1.1745  248.1728
129000  1.1743  1.1745  248.1660
130500  1.1744  1.1745  248.1437
132000  1.1745  1.1745  248.1057
133500  1.1746  1.1745  248.0842
135000  1.1747  1.1745  248.0757
136500  1.1747  1.1745  248.0639
138000  1.1747  1.1745  248.0773
139500  1.1745  1.1745  248.1211
141000  1.1743  1.1745  248.1622
142500  1.1742  1.1745  248.1715
144000  1.1743  1.1745  248.1520
145500  1.1745  1.1745  248.1237
147000  1.1746  1.1745  248.0939
148500  1.1749  1.1745  248.0321
150000  1.1751  1.1745  247.9845
151500  1.1753  1.1745  247.9564
153000  1.1753  1.1745  247.9472
154500  1.1751  1.1745  247.9785
156000  1.1749  1.1745  248.0208
157500  1.1748  1.1745  248.0544
159000  1.1747  1.1745  248.0834
160500  1.1745  1.1745  248.1119
162000  1.1743  1.1745  248.1552
163500  1.1742  1.1745  248.1878
165000  1.1739  1.1745  248.2362
166500  1.1736  1.1745  248.3006
168000  1.1734  1.1745  248.3425
169500  1.1734  1.1745  248.3562
171000  1.1732  1.1745  248.3917
172500  1.1730  1.1745  248.4263
174000  1.1730  1.1745  248.4288
175500  1.1731  1.1745  248.4013
177000  1.1732  1.1744  248.3841
178500  1.1732  1.1744  248.3799
180000  1.1733  1.1744  248.3725
181500  1.1733  1.1744  248.3708
183000  1.1733  1.1744  248.3775
184500  1.1732  1.1744  248.3980
186000  1.1730  1.1744  248.4239
187500  1.1730  1.1744  248.4265
189000  1.1730  1.1744  248.4339
190500  1.1728  1.1743  248.4770
192000  1.1727  1.1743  248.4889
193500  1.1729  1.1743  248.4488
195000  1.1731  1.1743  248.4139
196500  1.1732  1.1743  248.3978
198000  1.1732  1.1743  248.3832
199500  1.1732  1.1743  248.3965
201000  1.1730  1.1743  248.4275
202500  1.1730  1.1743  248.4296
204000  1.1730  1.1743  248.4259
205500  1.1730  1.1743  248.4299
207000  1.1729  1.1742  248.4586
208500  1.1727  1.1742  248.4904
210000  1.1726  1.1742  248.5104
211500  1.1726  1.1742  248.5224
213000  1.1727  1.1742  248.5055
214500  1.1728  1.1742  248.4715
216000  1.1728  1.1742  248.4696
217500  1.1728  1.1742  248.4831
219000  1.1728  1.1742  248.4835
220500  1.1728  1.1741  248.4793
222000  1.1727  1.1741  248.4888
223500  1.1727  1.1741  248.4948
225000  1.1727  1.1741  248.5041
226500  1.1726  1.1741  248.5197
228000  1.1725  1.1741  248.5420
229500  1.1725  1.1741  248.5416
231000  1.1725  1.1741  248.5393
232500  1.1723  1.1741  248.5726
234000  1.1722  1.1741  248.5915
235500  1.1723  1.1740  248.5799
237000  1.1723  1.1740  248.5863
238500  1.1722  1.1740  248.6051
240000  1.1721  1.1740  248.6195
241500  1.1721  1.1740  248.6212
243000  1.1721  1.1740  248.6197
244500  1.1721  1.1740  248.6164
246000  1.1722  1.1740  248.5989
247500  1.1723  1.1740  248.5792
249000  1.1724  1.1739  248.5618
250500  1.1725  1.1739  248.5417
252000  1.1726  1.1739  248.5272
253500  1.1725  1.1739  248.5444
255000  1.1724  1.1739  248.5688
256500  1.1722  1.1739  248.6019
258000  1.1722  1.1739  248.6109
259500  1.1722  1.1739  248.6010
261000  1.1723  1.1739  248.5832
262500  1.1724  1.1739  248.5628
264000  1.1724  1.1739  248.5519
265500  1.1724  1.1738  248.5577
267000  1.1724  1.1738  248.5493
268500  1.1726  1.1738  248.5081
270000  1.1729  1.1738  248.4602
271500  1.1730  1.1738  248.4419
273000  1.1729  1.1738  248.4585
274500  1.1727  1.1738  248.5061
276000  1.1725  1.1738  248.5355
277500  1.1725  1.1738  248.5379
279000  1.1725  1.1738  248.5375
280500  1.1725  1.1738  248.5347
282000  1.1725  1.1738  248.5329
283500  1.1725  1.1738  248.5288
285000  1.1726  1.1738  248.5267
286500  1.1728  1.1738  248.4822
288000  1.1731  1.1738  248.4049
289500  1.1733  1.1738  248.3651
291000  1.1732  1.1737  248.3857
292500  1.1731  1.1737  248.4057
294000  1.1731  1.1737  248.4079
295500  1.1732  1.1737  248.3966
297000  1.1733  1.1737  248.3749
298500  1.1733  1.1737  248.3643
300000  1.1732  1.1737  248.3958
