10000  1.8563  1.6865
20000  1.8735  1.4977
30000  1.8036  2.0544
40000  2.1914  1.7796
50000  1.5089  1.5136
60000  1.6107  1.7802
70000  1.4936  1.6861
80000  1.5429  1.5318
90000  1.8319  1.5565
100000  1.5084  1.5760
110000  1.6132  1.4959
120000  1.4963  1.4945
130000  1.4956  1.4961
140000  1.4935  1.4969
150000  1.5729  1.4949
160000  1.4986  1.5169
170000  1.5298  1.4954
180000  1.8318  1.4962
190000  1.5479  1.5695
200000  1.4985  1.5071
210000  1.4950  1.6445
220000  1.4986  1.4948
230000  1.5021  1.4982
240000  1.4949  1.4988
250000  1.4968  1.5562
260000  1.4961  1.4946
270000  1.4953  1.4974
280000  1.4947  1.4962
290000  1.4944  1.4980
300000  1.4950  1.5065
310000  1.6641  1.4935
320000  1.4949  1.4982
330000  1.4956  1.4954
340000  1.5706  1.4976
350000  1.5074  1.5306
360000  1.5028  1.4940
370000  1.4998  1.4959
380000  1.5109  1.5025
390000  1.4952  1.4943
400000  1.4938  1.4946
410000  1.4942  1.4969
420000  1.4984  1.4962
430000  1.5438  1.4982
440000  1.5090  1.4951
450000  1.4961  1.4955
460000  1.4975  1.5102
470000  1.4979  1.4959
480000  1.4976  1.4964
490000  1.5072  1.4947
500000  1.4959  1.4939
510000  1.4979  1.4935
520000  1.4985  1.5035
530000  1.4962  1.4942
540000  1.4953  1.4948
550000  1.4956  1.4980
560000  1.4965  1.4934
570000  1.4939  1.4971
580000  1.4961  1.4972
590000  1.4961  1.4955
600000  1.4952  1.5071
610000  1.4960  1.4958
620000  1.4960  1.4972
630000  1.4931  1.4941
640000  1.4968  1.4973
650000  1.4978  1.4935
660000  1.4955  1.4964
670000  1.4950  1.4950
680000  1.4970  1.4940
690000  1.4961  1.4962
700000  1.4950  1.4950
710000  1.4940  1.4982
720000  1.4933  1.5046
730000  1.4936  1.4939
740000  1.4942  1.4967
750000  1.4937  1.4947
760000  1.5019  1.4963
770000  1.4959  1.4972
780000  1.4985  1.4945
790000  1.4942  1.4957
800000  1.4970  1.4981
810000  1.4954  1.4964
820000  1.4949  1.4959
830000  1.4947  1.4966
840000  1.4961  1.4962
850000  1.4971  1.4975
860000  1.4936  1.4969
870000  1.4962  1.4929
880000  1.4941  1.4968
890000  1.4980  1.4931
900000  1.4962  1.4961
910000  1.5083  1.5018
920000  1.4952  1.4997
930000  1.4951  1.4966
940000  1.4965  1.4965
950000  1.4975  1.4948
960000  1.4973  1.4957
970000  1.4951  1.4955
980000  1.4988  1.4946
990000  1.4967  1.4949
1000000  1.4948  1.5172
1010000  1.4999  1.4942
1020000  1.4967  1.4942
1030000  1.4958  1.4938
1040000  1.4958  1.4942
1050000  1.4955  1.4928
1060000  1.4939  1.4935
1070000  1.4938  1.4955
1080000  1.5017  1.4968
1090000  1.5049  1.5050
1100000  1.4996  1.4951
1110000  1.4988  1.4933
1120000  1.4980  1.4954
1130000  1.4949  1.4978
1140000  1.4947  1.4947
1150000  1.4956  1.4983
1160000  1.4956  1.4953
1170000  1.4967  1.4959
1180000  1.4943  1.4957
1190000  1.4972  1.4954
1200000  1.4973  1.4958
1210000  1.4938  1.4929
1220000  1.4950  1.5023
1230000  1.4966  1.4977
1240000  1.4949  1.4941
1250000  1.4955  1.4967
1260000  1.4941  1.4939
1270000  1.4947  1.4937
1280000  1.4945  1.4970
1290000  1.4966  1.4952
1300000  1.4945  1.4970
1310000  1.4942  1.4932
1320000  1.4961  1.4964
1330000  1.5031  1.4995
1340000  1.4955  1.4932
1350000  1.4982  1.4945
1360000  1.4974  1.4948
1370000  1.4954  1.4944
1380000  1.4970  1.4977
1390000  1.4927  1.4938
1400000  1.4967  1.4967
1410000  1.4972  1.4930
1420000  1.4941  1.4959
1430000  1.4976  1.4957
1440000  1.4959  1.4968
1450000  1.4956  1.4956
1460000  1.4942  1.4939
1470000  1.4953  1.4978
1480000  1.4953  1.4951
1490000  1.4949  1.4962
1500000  1.4978  1.4952
1510000  1.4975  1.4973
1520000  1.4940  1.4968
1530000  1.4937  1.4941
1540000  1.4955  1.4938
1550000  1.5010  1.4965
1560000  1.4941  1.4948
1570000  1.4950  1.4965
1580000  1.5095  1.4978
1590000  1.4939  1.4959
1600000  1.4937  1.4945
1610000  1.4946  1.4947
1620000  1.4964  1.4947
1630000  1.5017  1.4936
1640000  1.4954  1.4990
1650000  1.4970  1.4966
1660000  1.4965  1.4944
1670000  1.4958  1.4949
1680000  1.5456  1.4947
1690000  1.4964  1.4958
1700000  1.4966  1.4955
1710000  1.4965  1.4949
1720000  1.4967  1.4952
1730000  1.5023  1.4974
1740000  1.4961  1.4951
1750000  1.5627  1.4946
1760000  1.5023  1.4968
1770000  1.4958  1.4946
1780000  1.4964  1.4932
1790000  1.4955  1.4945
1800000  1.5981  1.4956
1810000  1.4964  1.4937
1820000  1.4972  1.4964
1830000  1.4952  1.4960
1840000  1.4957  1.4958
1850000  1.5043  1.4949
1860000  1.4961  1.4967
1870000  1.4946  1.4947
1880000  1.4933  1.4952
1890000  1.4952  1.4950
1900000  1.4946  1.4945
1910000  1.4981  1.4952
1920000  1.4950  1.4956
1930000  1.4933  1.4958
1940000  1.4962  1.4953
1950000  1.4963  1.4924
1960000  1.4956  1.4956
1970000  1.4933  1.4971
1980000  1.4938  1.4945
1990000  1.4979  1.4963
2000000  1.4953  1.4929
2010000  1.4958  1.4954
2020000  1.4996  1.4952
2030000  1.4940  1.4935
2040000  1.4954  1.4942
2050000  1.4951  1.4958
2060000  1.4964  1.4938
2070000  1.4951  1.4948
2080000  1.4965  1.4932
2090000  1.4959  1.4950
2100000  1.5001  1.4958
2110000  1.4940  1.4926
2120000  1.4954  1.4946
2130000  1.4949  1.4923
2140000  1.4945  1.4944
2150000  1.4945  1.4973
2160000  1.4942  1.4933
2170000  1.4947  1.4940
2180000  1.4951  1.4975
2190000  1.4964  1.4930
2200000  1.4958  1.4948
2210000  1.4942  1.4969
2220000  1.4949  1.4930
2230000  1.4941  1.4975
2240000  1.4974  1.4969
2250000  1.4942  1.4958
2260000  1.4961  1.4946
2270000  1.4946  1.4962
2280000  1.4956  1.4942
2290000  1.4968  1.4960
2300000  1.4927  1.4948
2310000  1.4943  1.4943
2320000  1.4935  1.4958
2330000  1.4950  1.4973
2340000  1.4959  1.4958
2350000  1.4957  1.4941
2360000  1.4952  1.4939
2370000  1.4935  1.4924
2380000  1.4946  1.4958
2390000  1.4936  1.4942
2400000  1.4958  1.4952
2410000  1.4963  1.4944
2420000  1.4971  1.4941
2430000  1.4954  1.4952
2440000  1.4937  1.4944
2450000  1.4943  1.4955
2460000  1.4935  1.4945
2470000  1.4952  1.4940
2480000  1.4933  1.4939
2490000  1.4949  1.4940
2500000  1.4947  1.4944
2510000  1.4954  1.4943
2520000  1.4961  1.4956
2530000  1.4971  1.4961
2540000  1.4976  1.4938
2550000  1.4943  1.4963
2560000  1.4954  1.5047
2570000  1.4936  1.4959
2580000  1.4951  1.4947
2590000  1.4955  1.4958
2600000  1.4953  1.4954
2610000  1.4944  1.4948
2620000  1.4949  1.4952
2630000  1.4939  1.4977
2640000  1.4976  1.4941
2650000  1.4999  1.4950
2660000  1.4948  1.4949
2670000  1.4954  1.4947
2680000  1.4941  1.4944
2690000  1.4960  1.4952
2700000  1.4966  1.5191
2710000  1.4943  1.4935
2720000  1.4953  1.4937
2730000  1.4965  1.4950
2740000  1.4965  1.4955
2750000  1.4947  1.4956
2760000  1.4952  1.4952
2770000  1.4921  1.4928
2780000  1.4954  1.4952
2790000  1.4971  1.4952
2800000  1.4951  1.4947
2810000  1.4965  1.4947
2820000  1.4964  1.4959
2830000  1.4923  1.4954
2840000  1.4961  1.4948
2850000  1.4963  1.4945
2860000  1.4950  1.4985
2870000  1.4951  1.4966
2880000  1.4974  1.4970
2890000  1.4942  1.4949
2900000  1.4957  1.4953
2910000  1.4945  1.4932
2920000  1.4954  1.4954
2930000  1.4956  1.4948
2940000  1.4939  1.4935
2950000  1.4951  1.4950
2960000  1.4963  1.4955
2970000  1.4966  1.4964
2980000  1.4948  1.4940
2990000  1.4945  1.4945
3000000  1.4962  1.4946
