6.000000  0.300000  0.014338  -0.000000  -0.000000  1
6.000000  0.300000  0.014338  -0.000000  0.000000  1
6.000000  0.300000  0.014338  -0.000000  -0.000000  1
6.000000  0.300000  0.014338  0.000000  0.000000  1
6.000000  0.300000  0.014337  0.000000  -0.000000  1
6.000000  0.300000  0.014338  0.000000  -0.000000  1
6.000000  0.300000  0.014338  -0.000000  0.000000  1
6.000000  0.300000  0.014148  0.000000  0.000001  1
6.000000  0.300000  0.014148  0.000000  -0.000001  1
6.000000  0.300000  0.014149  -0.000000  -0.000000  1
6.000000  0.300000  0.014148  0.000000  -0.000000  1
6.000000  0.300000  0.014147  0.000000  0.000000  1
6.000000  0.300000  0.014146  -0.000000  0.000000  1
6.000000  0.300000  0.014147  -0.000001  -0.000000  1
6.000000  0.300000  0.014078  0.000000  0.000002  1
6.000000  0.300000  0.014078  0.000000  -0.000001  1
6.000000  0.300000  0.014080  -0.000000  -0.000001  1
6.000000  0.300000  0.014078  0.000000  -0.000000  1
6.000000  0.300000  0.014078  0.000000  -0.000000  1
6.000000  0.300000  0.014074  -0.000000  0.000000  1
6.000000  0.300000  0.014076  -0.000001  -0.000000  1
6.000000  0.300000  0.014062  0.000000  0.000002  1
6.000000  0.300000  0.014063  0.000000  -0.000001  1
6.000000  0.300000  0.014065  -0.000000  -0.000000  1
6.000000  0.300000  0.014063  0.000000  -0.000000  1
6.000000  0.300000  0.014063  0.000000  -0.000000  1
6.000000  0.300000  0.014059  -0.000000  0.000000  1
6.000000  0.300000  0.014061  -0.000001  -0.000000  1
6.000000  0.300000  0.014061  0.000000  0.000001  1
6.000000  0.300000  0.014062  -0.000000  -0.000001  1
6.000000  0.300000  0.014064  -0.000000  -0.000000  1
6.000000  0.300000  0.014062  0.000000  -0.000000  1
6.000000  0.300000  0.014061  0.000000  -0.000000  1
6.000000  0.300000  0.014057  -0.000000  0.000000  1
6.000000  0.300000  0.014059  -0.000001  -0.000000  1
6.000000  0.300000  0.014058  0.000000  0.000001  1
6.000000  0.300000  0.014059  -0.000000  -0.000001  1
6.000000  0.300000  0.014061  -0.000000  -0.000000  1
6.000000  0.300000  0.014059  0.000001  0.000000  1
6.000000  0.300000  0.014058  0.000000  -0.000000  1
6.000000  0.300000  0.014054  -0.000000  0.000000  1
6.000000  0.300000  0.014056  -0.000001  -0.000000  1
6.000000  0.300000  0.014052  0.000000  0.000001  1
6.000000  0.300000  0.014053  -0.000000  -0.000001  1
6.000000  0.300000  0.014054  -0.000000  -0.000000  1
6.000000  0.300000  0.014053  0.000001  0.000000  1
6.000000  0.300000  0.014052  0.000000  -0.000000  1
6.000000  0.300000  0.014049  -0.000000  0.000000  1
6.000000  0.300000  0.014050  -0.000001  -0.000000  1
6.000000  0.300000  0.014044  0.000000  0.000001  1
6.000000  0.300000  0.014045  -0.000000  -0.000001  1
6.000000  0.300000  0.014046  -0.000000  -0.000000  1
6.000000  0.300000  0.014045  0.000001  0.000000  1
6.000000  0.300000  0.014044  0.000000  0.000000  1
6.000000  0.300000  0.014041  -0.000000  0.000000  1
6.000000  0.300000  0.014042  -0.000001  -0.000000  1
6.000000  0.300000  0.014036  0.000000  0.000000  1
6.000000  0.300000  0.014036  -0.000000  -0.000000  1
6.000000  0.300000  0.014037  -0.000000  -0.000000  1
6.000000  0.300000  0.014035  0.000001  0.000000  1
6.000000  0.300000  0.014035  0.000000  0.000000  1
6.000000  0.300000  0.014032  -0.000000  0.000000  1
6.000000  0.300000  0.014033  -0.000001  -0.000000  1
6.000000  0.300000  0.014027  0.000000  0.000000  1
6.000000  0.300000  0.014027  -0.000000  -0.000000  1
6.000000  0.300000  0.014028  -0.000000  -0.000000  1
6.000000  0.300000  0.014026  0.000001  0.000000  1
6.000000  0.300000  0.014026  0.000000  0.000000  1
6.000000  0.300000  0.014023  -0.000000  0.000000  1
6.000000  0.300000  0.014025  -0.000001  -0.000000  1
6.000000  0.300000  0.014018  0.000000  0.000000  1
6.000000  0.300000  0.014018  -0.000000  -0.000000  1
6.000000  0.300000  0.014019  -0.000000  -0.000000  1
6.000000  0.300000  0.014017  0.000001  0.000000  1
6.000000  0.300000  0.014018  0.000000  0.000000  1
6.000000  0.300000  0.014014  -0.000000  0.000000  1
6.000000  0.300000  0.014016  -0.000001  -0.000000  1
6.000000  0.300000  0.014011  0.000000  0.000000  1
6.000000  0.300000  0.014011  -0.000000  -0.000000  1
6.000000  0.300000  0.014011  -0.000000  -0.000000  1
6.000000  0.300000  0.014010  0.000001  0.000000  1
6.000000  0.300000  0.014010  0.000000  0.000000  1
6.000000  0.300000  0.014007  -0.000000  0.000000  1
6.000000  0.300000  0.014008  -0.000001  -0.000000  1
6.000000  0.300000  0.014004  0.000000  0.000000  1
6.000000  0.300000  0.014004  -0.000000  -0.000000  1
6.000000  0.300000  0.014004  -0.000000  -0.000000  1
6.000000  0.300000  0.014003  0.000001  0.000000  1
6.000000  0.300000  0.014004  0.000000  0.000000  1
6.000000  0.300000  0.014000  -0.000000  0.000000  1
6.000000  0.300000  0.014001  -0.000001  -0.000000  1
6.000000  0.300000  0.013999  0.000000  -0.000000  1
6.000000  0.300000  0.013998  -0.000000  -0.000000  1
6.000000  0.300000  0.013999  -0.000000  -0.000000  1
6.000000  0.300000  0.013997  0.000001  0.000000  1
6.000000  0.300000  0.013998  0.000000  0.000000  1
6.000000  0.300000  0.013994  -0.000000  0.000000  1
6.000000  0.300000  0.013996  -0.000001  -0.000000  1
6.000000  0.300000  0.013994  0.000000  -0.000000  1
6.000000  0.300000  0.013993  -0.000000  -0.000000  1
6.000000  0.300000  0.013994  -0.000000  -0.000000  1
6.000000  0.300000  0.013992  0.000001  0.000000  1
6.000000  0.300000  0.013993  0.000000  0.000000  1
6.000000  0.300000  0.013989  -0.000000  0.000000  1
6.000000  0.300000  0.013991  -0.000001  -0.000000  1
6.000000  0.300000  0.013990  0.000000  -0.000000  1
6.000000  0.300000  0.013989  -0.000000  -0.000000  1
6.000000  0.300000  0.013990  -0.000000  -0.000000  1
6.000000  0.300000  0.013988  0.000001  0.000000  1
6.000000  0.300000  0.013989  0.000000  0.000000  1
6.000000  0.300000  0.013985  -0.000000  0.000000  1
6.000000  0.300000  0.013987  -0.000001  -0.000000  1
6.000000  0.300000  0.013986  0.000000  -0.000000  1
6.000000  0.300000  0.013986  -0.000000  -0.000000  1
6.000000  0.300000  0.013986  -0.000000  -0.000000  1
6.000000  0.300000  0.013985  0.000001  0.000000  1
6.000000  0.300000  0.013986  0.000000  0.000000  1
6.000000  0.300000  0.013982  -0.000000  0.000000  1
6.000000  0.300000  0.013983  -0.000001  -0.000000  1
6.000000  0.300000  0.013984  0.000000  -0.000000  1
6.000000  0.300000  0.013983  -0.000000  -0.000000  1
6.000000  0.300000  0.013983  -0.000000  -0.000000  1
6.000000  0.300000  0.013982  0.000001  0.000000  1
6.000000  0.300000  0.013983  0.000000  0.000000  1
6.000000  0.300000  0.013979  -0.000000  0.000000  1
6.000000  0.300000  0.013981  -0.000001  -0.000000  1
6.000000  0.300000  0.013981  0.000000  -0.000000  1
6.000000  0.300000  0.013980  -0.000000  0.000000  1
6.000000  0.300000  0.013981  -0.000000  -0.000000  1
6.000000  0.300000  0.013980  0.000001  0.000000  1
6.000000  0.300000  0.013981  0.000000  0.000000  1
6.000000  0.300000  0.013977  -0.000000  -0.000000  1
6.000000  0.300000  0.013978  -0.000001  -0.000000  1
6.000000  0.300000  0.013980  0.000000  -0.000000  1
6.000000  0.300000  0.013979  -0.000000  0.000000  1
6.000000  0.300000  0.013979  -0.000000  0.000000  1
6.000000  0.300000  0.013978  0.000001  0.000000  1
6.000000  0.300000  0.013979  0.000000  0.000000  1
6.000000  0.300000  0.013975  -0.000000  -0.000000  1
6.000000  0.300000  0.013977  -0.000001  -0.000000  1
6.000000  0.300000  0.013978  0.000000  -0.000000  1
6.000000  0.300000  0.013977  -0.000000  0.000000  1
6.000000  0.300000  0.013978  -0.000000  0.000000  1
6.000000  0.300000  0.013976  0.000001  0.000000  1
6.000000  0.300000  0.013977  0.000000  0.000000  1
6.000000  0.300000  0.013974  -0.000000  -0.000000  1
6.000000  0.300000  0.013975  -0.000001  -0.000000  1
6.000000  0.300000  0.013977  0.000000  -0.000000  1
6.000000  0.300000  0.013976  -0.000000  0.000000  1
6.000000  0.300000  0.013977  -0.000000  0.000000  1
6.000000  0.300000  0.013975  0.000001  0.000000  1
6.000000  0.300000  0.013976  0.000000  0.000000  1
6.000000  0.300000  0.013972  -0.000000  -0.000000  1
6.000000  0.300000  0.013974  -0.000001  -0.000000  1
6.000000  0.300000  0.013976  0.000000  -0.000000  1
6.000000  0.300000  0.013975  -0.000000  0.000000  1
6.000000  0.300000  0.013976  -0.000000  0.000000  1
6.000000  0.300000  0.013974  0.000001  0.000000  1
6.000000  0.300000  0.013975  0.000000  0.000000  1
6.000000  0.300000  0.013972  -0.000000  -0.000000  1
6.000000  0.300000  0.013973  -0.000001  -0.000000  1
6.000000  0.300000  0.013975  0.000000  -0.000000  1
6.000000  0.300000  0.013974  -0.000000  0.000000  1
6.000000  0.300000  0.013975  -0.000000  0.000000  1
6.000000  0.300000  0.013974  0.000001  0.000000  1
6.000000  0.300000  0.013975  0.000000  0.000000  1
6.000000  0.300000  0.013971  -0.000000  -0.000000  1
6.000000  0.300000  0.013972  -0.000001  -0.000000  1
6.000000  0.300000  0.013974  0.000000  -0.000000  1
6.000000  0.300000  0.013974  -0.000000  0.000000  1
6.000000  0.300000  0.013974  -0.000000  0.000000  1
6.000000  0.300000  0.013973  0.000001  0.000000  1
6.000000  0.300000  0.013974  0.000000  0.000000  1
6.000000  0.300000  0.013970  -0.000000  -0.000000  1
6.000000  0.300000  0.013972  -0.000001  -0.000000  1
6.000000  0.300000  0.013974  0.000000  -0.000000  1
6.000000  0.300000  0.013973  -0.000000  0.000000  1
6.000000  0.300000  0.013974  -0.000000  0.000000  1
6.000000  0.300000  0.013973  0.000001  0.000000  1
6.000000  0.300000  0.013974  0.000000  0.000000  1
6.000000  0.300000  0.013970  -0.000000  -0.000000  1
6.000000  0.300000  0.013971  -0.000001  -0.000000  1
6.000000  0.300000  0.013974  0.000000  -0.000000  1
6.000000  0.300000  0.013973  -0.000000  0.000000  1
6.000000  0.300000  0.013974  -0.000000  0.000000  1
6.000000  0.300000  0.013972  0.000001  0.000000  1
6.000000  0.300000  0.013973  0.000000  0.000000  1
6.000000  0.300000  0.013969  -0.000000  -0.000000  1
6.000000  0.300000  0.013971  -0.000001  -0.000000  1
6.000000  0.300000  0.013973  0.000000  -0.000000  1
6.000000  0.300000  0.013973  -0.000000  0.000000  1
6.000000  0.300000  0.013973  -0.000000  0.000000  1
6.000000  0.300000  0.013972  0.000001  0.000000  1
6.000000  0.300000  0.013973  0.000000  0.000000  1
6.000000  0.300000  0.013969  -0.000000  -0.000000  1
6.000000  0.300000  0.013970  -0.000001  -0.000000  1
6.000000  0.300000  0.013973  0.000000  -0.000000  1
6.000000  0.300000  0.013973  -0.000000  -0.000000  1
6.000000  0.300000  0.013973  -0.000000  0.000000  1
6.000000  0.300000  0.013972  0.000001  0.000000  1
6.000000  0.300000  0.013973  0.000000  0.000000  1
6.000000  0.300000  0.013969  -0.000000  -0.000000  1
6.000000  0.300000  0.013970  -0.000001  -0.000000  1
6.000000  0.300000  0.013973  0.000000  -0.000000  1
6.000000  0.300000  0.013972  -0.000000  -0.000000  1
6.000000  0.300000  0.013973  -0.000000  0.000000  1
6.000000  0.300000  0.013972  0.000001  0.000000  1
6.000000  0.300000  0.013972  0.000000  -0.000000  1
6.000000  0.300000  0.013969  -0.000000  -0.000000  1
6.000000  0.300000  0.013970  -0.000001  -0.000000  1
6.000000  0.300000  0.013973  0.000000  -0.000000  1
6.000000  0.300000  0.013972  -0.000000  -0.000000  1
6.000000  0.300000  0.013973  -0.000000  0.000000  1
6.000000  0.300000  0.013972  0.000001  0.000000  1
6.000000  0.300000  0.013972  0.000000  -0.000000  1
6.000000  0.300000  0.013968  -0.000000  -0.000000  1
6.000000  0.300000  0.013970  -0.000001  -0.000000  1
6.000000  0.300000  0.013973  0.000000  -0.000000  1
6.000000  0.300000  0.013972  -0.000000  -0.000000  1
6.000000  0.300000  0.013973  -0.000000  0.000000  1
6.000000  0.300000  0.013971  0.000001  0.000000  1
6.000000  0.300000  0.013972  0.000000  -0.000000  1
6.000000  0.300000  0.013968  -0.000000  -0.000000  1
6.000000  0.300000  0.013970  -0.000001  -0.000000  1
6.000000  0.300000  0.013973  0.000000  -0.000000  1
6.000000  0.300000  0.013972  -0.000000  -0.000000  1
6.000000  0.300000  0.013973  -0.000000  0.000000  1
6.000000  0.300000  0.013971  0.000001  0.000000  1
6.000000  0.300000  0.013972  0.000000  -0.000000  1
6.000000  0.300000  0.013968  -0.000000  -0.000000  1
6.000000  0.300000  0.013970  -0.000001  -0.000000  1
6.000000  0.300000  0.013973  0.000000  -0.000000  1
6.000000  0.300000  0.013972  -0.000000  0.000000  1
6.000000  0.300000  0.013972  -0.000000  0.000000  1
6.000000  0.300000  0.013971  0.000001  0.000000  1
6.000000  0.300000  0.013972  0.000000  -0.000000  1
6.000000  0.300000  0.013968  -0.000000  -0.000000  1
6.000000  0.300000  0.013969  -0.000001  -0.000000  1
6.000000  0.300000  0.013972  0.000000  -0.000000  1
6.000000  0.300000  0.013972  -0.000000  0.000000  1
6.000000  0.300000  0.013972  -0.000000  0.000000  1
6.000000  0.300000  0.013971  0.000001  0.000000  1
6.000000  0.300000  0.013972  0.000000  -0.000000  1
6.000000  0.300000  0.013968  -0.000000  -0.000000  1
6.000000  0.300000  0.013969  -0.000001  -0.000000  1
6.000000  0.300000  0.013972  0.000000  -0.000000  1
6.000000  0.300000  0.013972  -0.000000  0.000000  1
6.000000  0.300000  0.013972  -0.000000  0.000000  1
6.000000  0.300000  0.013971  0.000001  0.000000  1
6.000000  0.300000  0.013972  0.000000  -0.000000  1
6.000000  0.300000  0.013968  -0.000000  -0.000000  1
6.000000  0.300000  0.013969  -0.000001  -0.000000  1
6.000000  0.300000  0.013972  0.000000  -0.000000  1
6.000000  0.300000  0.013972  -0.000000  -0.000000  1
6.000000  0.300000  0.013972  -0.000000  0.000000  1
6.000000  0.300000  0.013971  0.000000  0.000000  1
6.000000  0.300000  0.013972  0.000000  -0.000000  1
6.000000  0.300000  0.013968  -0.000000  -0.000000  1
6.000000  0.300000  0.013969  -0.000001  -0.000000  1
6.000000  0.300000  0.013972  0.000000  -0.000000  1
6.000000  0.300000  0.013972  -0.000000  -0.000000  1
6.000000  0.300000  0.013972  -0.000000  0.000000  1
6.000000  0.300000  0.013971  0.000000  0.000000  1
6.000000  0.300000  0.013972  0.000000  -0.000000  1
6.000000  0.300000  0.013968  -0.000000  -0.000000  1
6.000000  0.300000  0.013969  -0.000001  -0.000000  1
6.000000  0.300000  0.013972  0.000000  -0.000000  1
6.000000  0.300000  0.013972  -0.000000  -0.000000  1
6.000000  0.300000  0.013972  -0.000000  0.000000  1
6.000000  0.300000  0.013971  0.000000  0.000000  1
6.000000  0.300000  0.013971  0.000000  -0.000000  1
6.000000  0.300000  0.013968  -0.000000  -0.000000  1
6.000000  0.300000  0.013969  -0.000001  -0.000000  1
6.000000  0.300000  0.013972  0.000000  -0.000000  1
6.000000  0.300000  0.013972  -0.000000  -0.000000  1
6.000000  0.300000  0.013972  -0.000000  0.000000  1
6.000000  0.300000  0.013971  0.000000  0.000000  1
6.000000  0.300000  0.013971  0.000000  -0.000000  1
6.000000  0.300000  0.013968  -0.000000  -0.000000  1
6.000000  0.300000  0.013969  -0.000001  -0.000000  1
6.000000  0.300000  0.013972  0.000000  -0.000000  1
6.000000  0.300000  0.013972  -0.000000  -0.000000  1
6.000000  0.300000  0.013972  -0.000000  0.000000  1
6.000000  0.300000  0.013971  0.000000  0.000000  1
6.000000  0.300000  0.013971  0.000000  -0.000000  1
6.000000  0.300000  0.013968  -0.000000  -0.000000  1
6.000000  0.300000  0.013969  -0.000001  -0.000000  1
6.000000  0.300000  0.013972  0.000000  -0.000000  1
6.000000  0.300000  0.013972  -0.000000  -0.000000  1
6.000000  0.300000  0.013973  -0.000000  -0.000000  1
6.000000  0.300000  0.013971  0.000000  0.000000  1
6.000000  0.300000  0.013971  0.000000  -0.000000  1
6.000000  0.300000  0.013968  -0.000000  -0.000000  1
6.000000  0.300000  0.013969  -0.000001  -0.000000  1
6.000000  0.300000  0.013972  0.000000  -0.000000  1
6.000000  0.300000  0.013972  -0.000000  -0.000000  1
6.000000  0.300000  0.013973  -0.000000  -0.000000  1
6.000000  0.300000  0.013971  0.000000  0.000000  1
6.000000  0.300000  0.013971  0.000000  -0.000000  1
6.000000  0.300000  0.013968  -0.000000  -0.000000  1
6.000000  0.300000  0.013969  -0.000001  -0.000000  1
6.000000  0.300000  0.013972  0.000000  -0.000000  1
6.000000  0.300000  0.013972  -0.000000  0.000000  1
6.000000  0.300000  0.013973  -0.000000  -0.000000  1
6.000000  0.300000  0.013971  0.000000  0.000000  1
6.000000  0.300000  0.013971  0.000000  -0.000000  1
6.000000  0.300000  0.013968  -0.000000  -0.000000  1
6.000000  0.300000  0.013969  -0.000001  -0.000000  1
6.000000  0.300000  0.013972  0.000000  -0.000000  1
6.000000  0.300000  0.013972  -0.000000  0.000000  1
6.000000  0.300000  0.013973  -0.000000  -0.000000  1
6.000000  0.300000  0.013971  0.000000  0.000000  1
6.000000  0.300000  0.013971  0.000000  -0.000000  1
6.000000  0.300000  0.013968  -0.000000  -0.000000  1
6.000000  0.300000  0.013969  -0.000001  -0.000000  1
6.000000  0.300000  0.013972  0.000000  -0.000000  1
6.000000  0.300000  0.013972  -0.000000  0.000000  1
6.000000  0.300000  0.013973  -0.000000  -0.000000  1
6.000000  0.300000  0.013971  0.000000  0.000000  1
6.000000  0.300000  0.013971  0.000000  -0.000000  1
6.000000  0.300000  0.013968  -0.000000  -0.000000  1
6.000000  0.300000  0.013969  -0.000001  -0.000000  1
6.000000  0.300000  0.013972  0.000000  -0.000000  1
6.000000  0.300000  0.013972  -0.000000  0.000000  1
6.000000  0.300000  0.013973  -0.000000  -0.000000  1
6.000000  0.300000  0.013971  0.000000  0.000000  1
6.000000  0.300000  0.013971  0.000000  -0.000000  1
6.000000  0.300000  0.013968  -0.000000  -0.000000  1
6.000000  0.300000  0.013969  -0.000001  -0.000000  1
6.000000  0.300000  0.013972  0.000000  -0.000000  1
6.000000  0.300000  0.013972  -0.000000  0.000000  1
6.000000  0.300000  0.013973  -0.000000  -0.000000  1
6.000000  0.300000  0.013971  0.000000  0.000000  1
6.000000  0.300000  0.013971  0.000000  -0.000000  1
6.000000  0.300000  0.013968  -0.000000  -0.000000  1
6.000000  0.300000  0.013969  -0.000001  -0.000000  1
6.000000  0.300000  0.013972  0.000000  -0.000000  1
6.000000  0.300000  0.013972  -0.000000  0.000000  1
6.000000  0.300000  0.013973  -0.000000  -0.000000  1
6.000000  0.300000  0.013971  0.000000  0.000000  1
6.000000  0.300000  0.013971  0.000000  -0.000000  1
6.000000  0.300000  0.013968  -0.000000  -0.000000  1
6.000000  0.300000  0.013969  -0.000001  -0.000000  1
6.000000  0.300000  0.013972  0.000000  -0.000000  1
6.000000  0.300000  0.013972  -0.000000  0.000000  1
6.000000  0.300000  0.013972  -0.000000  -0.000000  1
6.000000  0.300000  0.013971  0.000000  0.000000  1
6.000000  0.300000  0.013971  0.000000  -0.000000  1
6.000000  0.300000  0.013968  -0.000000  0.000000  1
6.000000  0.300000  0.013969  -0.000001  -0.000000  1
6.000000  0.300000  0.013972  0.000000  -0.000000  1
6.000000  0.300000  0.013971  -0.000000  0.000000  1
6.000000  0.300000  0.013972  -0.000000  -0.000000  1
6.000000  0.300000  0.013971  0.000000  0.000000  1
6.000000  0.300000  0.013971  0.000000  -0.000000  1
6.000000  0.300000  0.013968  -0.000000  0.000000  1
6.000000  0.300000  0.013969  -0.000001  0.000000  1
6.000000  0.300000  0.013972  -0.000000  -0.000000  1
6.000000  0.300000  0.013971  -0.000000  0.000000  1
6.000000  0.300000  0.013972  -0.000000  -0.000000  1
6.000000  0.300000  0.013971  0.000000  0.000000  1
6.000000  0.300000  0.013971  0.000000  -0.000000  1
6.000000  0.300000  0.013968  -0.000000  0.000000  1
6.000000  0.300000  0.013969  -0.000001  0.000000  1
6.000000  0.300000  0.013972  -0.000000  -0.000000  1
6.000000  0.300000  0.013971  -0.000000  0.000000  1
6.000000  0.300000  0.013972  -0.000000  0.000000  1
6.000000  0.300000  0.013971  0.000000  0.000000  1
6.000000  0.300000  0.013971  0.000000  0.000000  1
6.000000  0.300000  0.013968  -0.000000  0.000000  1
6.000000  0.300000  0.013969  -0.000001  0.000000  1
6.000000  0.300000  0.013972  -0.000000  -0.000000  1
6.000000  0.300000  0.013971  -0.000000  0.000000  1
6.000000  0.300000  0.013972  -0.000000  0.000000  1
6.000000  0.300000  0.013971  0.000000  0.000000  1
6.000000  0.300000  0.013971  0.000000  0.000000  1
6.000000  0.300000  0.013968  -0.000000  0.000000  1
6.000000  0.300000  0.013969  -0.000001  -0.000000  1
6.000000  0.300000  0.013972  -0.000000  -0.000000  1
6.000000  0.300000  0.013971  -0.000000  0.000000  1
6.000000  0.300000  0.013972  -0.000000  0.000000  1
6.000000  0.300000  0.013971  0.000000  0.000000  1
6.000000  0.300000  0.013971  0.000000  0.000000  1
6.000000  0.300000  0.013968  -0.000000  0.000000  1
6.000000  0.300000  0.013969  -0.000001  0.000000  1
6.000000  0.300000  0.013972  -0.000000  -0.000000  1
6.000000  0.300000  0.013971  -0.000000  0.000000  1
6.000000  0.300000  0.013972  -0.000000  0.000000  1
6.000000  0.300000  0.013971  0.000000  0.000000  1
6.000000  0.300000  0.013971  0.000000  0.000000  1
6.000000  0.300000  0.013968  -0.000000  0.000000  1
6.000000  0.300000  0.013969  -0.000001  -0.000000  1
6.000000  0.300000  0.013972  -0.000000  -0.000000  1
6.000000  0.300000  0.013971  -0.000000  0.000000  1
6.000000  0.300000  0.013972  -0.000000  0.000000  1
6.000000  0.300000  0.013971  0.000000  0.000000  1
6.000000  0.300000  0.013971  0.000000  0.000000  1
6.000000  0.300000  0.013968  -0.000000  0.000000  1
6.000000  0.300000  0.013969  -0.000001  -0.000000  1
6.000000  0.300000  0.013972  -0.000000  -0.000000  1
6.000000  0.300000  0.013971  -0.000000  0.000000  1
6.000000  0.300000  0.013972  -0.000000  0.000000  1
6.000000  0.300000  0.013971  0.000000  0.000000  1
6.000000  0.300000  0.013971  0.000000  0.000000  1
6.000000  0.300000  0.013968  -0.000000  0.000000  1
6.000000  0.300000  0.013969  -0.000001  -0.000000  1
6.000000  0.300000  0.013972  -0.000000  -0.000000  1
6.000000  0.300000  0.013971  -0.000000  0.000000  1
6.000000  0.300000  0.013972  -0.000000  0.000000  1
6.000000  0.300000  0.013971  0.000000  0.000000  1
6.000000  0.300000  0.013971  0.000000  0.000000  1
6.000000  0.300000  0.013968  -0.000000  0.000000  1
6.000000  0.300000  0.013969  -0.000001  -0.000000  1
6.000000  0.300000  0.013972  -0.000000  -0.000000  1
6.000000  0.300000  0.013971  -0.000000  0.000000  1
6.000000  0.300000  0.013972  -0.000000  0.000000  1
6.000000  0.300000  0.013971  0.000000  0.000000  1
6.000000  0.300000  0.013971  0.000000  0.000000  1
6.000000  0.300000  0.013968  -0.000000  0.000000  1
6.000000  0.300000  0.013969  -0.000001  -0.000000  1
6.000000  0.300000  0.013972  -0.000000  -0.000000  1
6.000000  0.300000  0.013971  -0.000000  -0.000000  1
6.000000  0.300000  0.013972  -0.000000  0.000000  1
6.000000  0.300000  0.013971  0.000000  0.000000  1
6.000000  0.300000  0.013971  0.000000  0.000000  1
6.000000  0.300000  0.013968  -0.000000  0.000000  1
6.000000  0.300000  0.013969  -0.000001  -0.000000  1
6.000000  0.300000  0.013972  -0.000000  -0.000000  1
6.000000  0.300000  0.013971  -0.000000  -0.000000  1
6.000000  0.300000  0.013972  -0.000000  0.000000  1
6.000000  0.300000  0.013971  0.000000  0.000000  1
6.000000  0.300000  0.013971  0.000000  0.000000  1
6.000000  0.300000  0.013968  -0.000000  0.000000  1
6.000000  0.300000  0.013969  -0.000001  -0.000000  1
6.000000  0.300000  0.013972  -0.000000  -0.000000  1
6.000000  0.300000  0.013971  -0.000000  -0.000000  1
6.000000  0.300000  0.013972  -0.000000  0.000000  1
6.000000  0.300000  0.013971  0.000000  0.000000  1
6.000000  0.300000  0.013971  0.000000  0.000000  1
6.000000  0.300000  0.013968  -0.000000  0.000000  1
6.000000  0.300000  0.013969  -0.000001  -0.000000  1
6.000000  0.300000  0.013972  -0.000000  -0.000000  1
6.000000  0.300000  0.013971  -0.000000  -0.000000  1
6.000000  0.300000  0.013972  -0.000000  0.000000  1
6.000000  0.300000  0.013971  0.000000  0.000000  1
6.000000  0.300000  0.013971  0.000000  0.000000  1
6.000000  0.300000  0.013968  -0.000000  -0.000000  1
6.000000  0.300000  0.013969  -0.000001  -0.000000  1
6.000000  0.300000  0.013972  -0.000000  -0.000000  1
6.000000  0.300000  0.013971  -0.000000  -0.000000  1
6.000000  0.300000  0.013972  -0.000000  0.000000  1
6.000000  0.300000  0.013971  0.000000  0.000000  1
6.000000  0.300000  0.013971  0.000000  0.000000  1
6.000000  0.300000  0.013968  -0.000000  -0.000000  1
6.000000  0.300000  0.013969  -0.000001  -0.000000  1
6.000000  0.300000  0.013972  -0.000000  -0.000000  1
6.000000  0.300000  0.013971  -0.000000  -0.000000  1
6.000000  0.300000  0.013972  -0.000000  0.000000  1
6.000000  0.300000  0.013971  0.000000  0.000000  1
6.000000  0.300000  0.013971  0.000000  0.000000  1
6.000000  0.300000  0.013968  -0.000000  -0.000000  1
6.000000  0.300000  0.013969  -0.000001  -0.000000  1
6.000000  0.300000  0.013972  -0.000000  -0.000000  1
6.000000  0.300000  0.013971  -0.000000  -0.000000  1
6.000000  0.300000  0.013972  -0.000000  0.000000  1
6.000000  0.300000  0.013971  0.000000  0.000000  1
6.000000  0.300000  0.013971  0.000000  0.000000  1
6.000000  0.300000  0.013968  -0.000000  -0.000000  1
6.000000  0.300000  0.013969  -0.000001  -0.000000  1
6.000000  0.300000  0.013972  -0.000000  -0.000000  1
6.000000  0.300000  0.013971  -0.000000  -0.000000  1
6.000000  0.300000  0.013972  -0.000000  0.000000  1
6.000000  0.300000  0.013971  0.000000  0.000000  1
6.000000  0.300000  0.013971  0.000000  0.000000  1
6.000000  0.300000  0.013968  -0.000000  -0.000000  1
6.000000  0.300000  0.013969  -0.000001  -0.000000  1
6.000000  0.300000  0.013972  -0.000000  -0.000000  1
6.000000  0.300000  0.013971  -0.000000  -0.000000  1
6.000000  0.300000  0.013972  -0.000000  0.000000  1
6.000000  0.300000  0.013971  0.000000  0.000000  1
6.000000  0.300000  0.013971  0.000000  0.000000  1
6.000000  0.300000  0.013968  -0.000000  -0.000000  1
6.000000  0.300000  0.013970  -0.000001  -0.000000  1
6.000000  0.300000  0.013972  -0.000000  -0.000000  1
6.000000  0.300000  0.013971  -0.000000  -0.000000  1
6.000000  0.300000  0.013972  -0.000000  0.000000  1
6.000000  0.300000  0.013971  0.000000  0.000000  1
6.000000  0.300000  0.013971  0.000000  0.000000  1
6.000000  0.300000  0.013968  -0.000000  -0.000000  1
6.000000  0.300000  0.013970  -0.000001  -0.000000  1
6.000000  0.300000  0.013972  -0.000000  -0.000000  1
6.000000  0.300000  0.013971  -0.000000  -0.000000  1
6.000000  0.300000  0.013972  -0.000000  0.000000  1
6.000000  0.300000  0.013971  0.000000  0.000000  1
6.000000  0.300000  0.013971  0.000000  0.000000  1
6.000000  0.300000  0.013968  -0.000000  -0.000000  1
6.000000  0.300000  0.013970  -0.000001  -0.000000  1
6.000000  0.300000  0.013972  -0.000000  -0.000000  1
6.000000  0.300000  0.013971  -0.000000  -0.000000  1
6.000000  0.300000  0.013972  -0.000000  0.000000  1
6.000000  0.300000  0.013971  0.000000  0.000000  1
6.000000  0.300000  0.013971  0.000000  0.000000  1
6.000000  0.300000  0.013968  -0.000000  -0.000000  1
6.000000  0.300000  0.013970  -0.000001  -0.000000  1
6.000000  0.300000  0.013972  -0.000000  -0.000000  1
6.000000  0.300000  0.013971  -0.000000  -0.000000  1
6.000000  0.300000  0.013972  -0.000000  0.000000  1
6.000000  0.300000  0.013971  0.000000  0.000000  1
6.000000  0.300000  0.013971  0.000000  0.000000  1
6.000000  0.300000  0.013968  -0.000000  -0.000000  1
6.000000  0.300000  0.013970  -0.000001  -0.000000  1
6.000000  0.300000  0.013972  -0.000000  -0.000000  1
6.000000  0.300000  0.013971  -0.000000  -0.000000  1
6.000000  0.300000  0.013972  -0.000000  0.000000  1
6.000000  0.300000  0.013971  0.000000  0.000000  1
6.000000  0.300000  0.013971  0.000000  0.000000  1
6.000000  0.300000  0.013968  -0.000000  -0.000000  1
6.000000  0.300000  0.013970  -0.000001  -0.000000  1
6.000000  0.300000  0.013972  -0.000000  -0.000000  1
6.000000  0.300000  0.013971  -0.000000  -0.000000  1
6.000000  0.300000  0.013972  -0.000000  0.000000  1
6.000000  0.300000  0.013971  0.000000  0.000000  1
6.000000  0.300000  0.013971  0.000000  0.000000  1
6.000000  0.300000  0.013968  -0.000000  -0.000000  1
6.000000  0.300000  0.013970  -0.000001  -0.000000  1
6.000000  0.300000  0.013972  -0.000000  -0.000000  1
6.000000  0.300000  0.013971  -0.000000  -0.000000  1
6.000000  0.300000  0.013972  -0.000000  0.000000  1
6.000000  0.300000  0.013971  0.000000  0.000000  1
6.000000  0.300000  0.013971  0.000000  0.000000  1
6.000000  0.300000  0.013968  -0.000000  -0.000000  1
6.000000  0.300000  0.013970  -0.000001  -0.000000  1
6.000000  0.300000  0.013972  -0.000000  0.000000  1
6.000000  0.300000  0.013971  -0.000000  -0.000000  1
6.000000  0.300000  0.013972  -0.000000  0.000000  1
6.000000  0.300000  0.013971  0.000000  -0.000000  1
6.000000  0.300000  0.013971  0.000000  0.000000  1
6.000000  0.300000  0.013968  -0.000000  -0.000000  1
6.000000  0.300000  0.013970  -0.000001  -0.000000  1
6.000000  0.300000  0.013972  -0.000000  0.000000  1
6.000000  0.300000  0.013971  -0.000000  0.000000  1
6.000000  0.300000  0.013972  -0.000000  0.000000  1
6.000000  0.300000  0.013971  0.000000  -0.000000  1
6.000000  0.300000  0.013971  0.000000  0.000000  1
6.000000  0.300000  0.013968  -0.000000  -0.000000  1
6.000000  0.300000  0.013970  -0.000001  -0.000000  1
6.000000  0.300000  0.013972  -0.000000  0.000000  1
6.000000  0.300000  0.013971  -0.000000  0.000000  1
6.000000  0.300000  0.013972  -0.000000  0.000000  1
6.000000  0.300000  0.013971  0.000000  -0.000000  1
6.000000  0.300000  0.013971  0.000000  0.000000  1
6.000000  0.300000  0.013968  -0.000000  -0.000000  1
6.000000  0.300000  0.013970  -0.000001  -0.000000  1
6.000000  0.300000  0.013972  -0.000000  0.000000  1
6.000000  0.300000  0.013971  -0.000000  0.000000  1
6.000000  0.300000  0.013972  -0.000000  0.000000  1
6.000000  0.300000  0.013971  0.000000  -0.000000  1
6.000000  0.300000  0.013971  0.000000  -0.000000  1
6.000000  0.300000  0.013968  -0.000000  -0.000000  1
6.000000  0.300000  0.013970  -0.000001  -0.000000  1
6.000000  0.300000  0.013972  -0.000000  0.000000  1
6.000000  0.300000  0.013971  -0.000000  0.000000  1
6.000000  0.300000  0.013972  -0.000000  0.000000  1
6.000000  0.300000  0.013971  0.000000  -0.000000  1
6.000000  0.300000  0.013971  0.000000  -0.000000  1
6.000000  0.300000  0.013968  -0.000000  -0.000000  1
6.000000  0.300000  0.013970  -0.000001  -0.000000  1
6.000000  0.300000  0.013972  -0.000000  0.000000  1
6.000000  0.300000  0.013971  -0.000000  -0.000000  1
6.000000  0.300000  0.013972  -0.000000  0.000000  1
6.000000  0.300000  0.013971  0.000000  0.000000  1
6.000000  0.300000  0.013971  0.000000  -0.000000  1
6.000000  0.300000  0.013968  -0.000000  -0.000000  1
6.000000  0.300000  0.013970  -0.000001  -0.000000  1
6.000000  0.300000  0.013972  -0.000000  0.000000  1
6.000000  0.300000  0.013971  -0.000000  -0.000000  1
6.000000  0.300000  0.013972  -0.000000  0.000000  1
6.000000  0.300000  0.013971  0.000000  0.000000  1
6.000000  0.300000  0.013971  0.000000  -0.000000  1
6.000000  0.300000  0.013968  -0.000000  -0.000000  1
6.000000  0.300000  0.013970  -0.000001  -0.000000  1
6.000000  0.300000  0.013972  -0.000000  0.000000  1
6.000000  0.300000  0.013971  -0.000000  -0.000000  1
6.000000  0.300000  0.013972  -0.000000  0.000000  1
6.000000  0.300000  0.013971  0.000000  0.000000  1
6.000000  0.300000  0.013971  0.000000  -0.000000  1
6.000000  0.300000  0.013968  -0.000000  -0.000000  1
6.000000  0.300000  0.013970  -0.000001  0.000000  1
6.000000  0.300000  0.013972  -0.000000  0.000000  1
6.000000  0.300000  0.013971  -0.000000  -0.000000  1
6.000000  0.300000  0.013972  0.000000  -0.000000  1
6.000000  0.300000  0.013971  0.000000  0.000000  1
6.000000  0.300000  0.013971  0.000000  -0.000000  1
6.000000  0.300000  0.013968  -0.000000  -0.000000  1
6.000000  0.300000  0.013970  -0.000001  0.000000  1
6.000000  0.300000  0.013972  -0.000000  0.000000  1
6.000000  0.300000  0.013971  -0.000000  -0.000000  1
6.000000  0.300000  0.013972  0.000000  -0.000000  1
6.000000  0.300000  0.013971  0.000000  -0.000000  1
6.000000  0.300000  0.013971  0.000000  -0.000000  1
6.000000  0.300000  0.013968  -0.000000  -0.000000  1
6.000000  0.300000  0.013970  -0.000001  0.000000  1
6.000000  0.300000  0.013972  -0.000000  0.000000  1
6.000000  0.300000  0.013971  -0.000000  -0.000000  1
6.000000  0.300000  0.013972  0.000000  -0.000000  1
6.000000  0.300000  0.013971  0.000000  -0.000000  1
6.000000  0.300000  0.013971  0.000000  -0.000000  1
6.000000  0.300000  0.013968  -0.000000  -0.000000  1
6.000000  0.300000  0.013970  -0.000001  0.000000  1
6.000000  0.300000  0.013972  -0.000000  0.000000  1
6.000000  0.300000  0.013971  -0.000000  -0.000000  1
6.000000  0.300000  0.013972  0.000000  -0.000000  1
6.000000  0.300000  0.013971  0.000000  -0.000000  1
6.000000  0.300000  0.013970  0.000000  -0.000000  1
6.000000  0.300000  0.013968  -0.000000  -0.000000  1
6.000000  0.300000  0.013970  -0.000001  0.000000  1
6.000000  0.300000  0.013972  -0.000000  0.000000  1
6.000000  0.300000  0.013971  -0.000000  -0.000000  1
6.000000  0.300000  0.013972  0.000000  -0.000000  1
6.000000  0.300000  0.013971  0.000000  -0.000000  1
6.000000  0.300000  0.013970  0.000000  -0.000000  1
6.000000  0.300000  0.013968  -0.000000  -0.000000  1
6.000000  0.300000  0.013970  -0.000001  0.000000  1
6.000000  0.300000  0.013972  -0.000000  0.000000  1
6.000000  0.300000  0.013971  -0.000000  -0.000000  1
6.000000  0.300000  0.013972  0.000000  -0.000000  1
6.000000  0.300000  0.013971  0.000000  -0.000000  1
6.000000  0.300000  0.013970  0.000000  -0.000000  1
6.000000  0.300000  0.013968  -0.000000  -0.000000  1
6.000000  0.300000  0.013970  -0.000001  0.000000  1
6.000000  0.300000  0.013972  -0.000000  0.000000  1
6.000000  0.300000  0.013971  -0.000000  -0.000000  1
6.000000  0.300000  0.013972  0.000000  -0.000000  1
6.000000  0.300000  0.013971  0.000000  -0.000000  1
6.000000  0.300000  0.013970  0.000000  -0.000000  1
6.000000  0.300000  0.013968  -0.000000  -0.000000  1
6.000000  0.300000  0.013970  -0.000001  -0.000000  1
6.000000  0.300000  0.013972  -0.000000  0.000000  1
6.000000  0.300000  0.013971  -0.000000  -0.000000  1
6.000000  0.300000  0.013972  0.000000  -0.000000  1
6.000000  0.300000  0.013971  0.000000  -0.000000  1
6.000000  0.300000  0.013970  0.000000  -0.000000  1
6.000000  0.300000  0.013968  -0.000000  -0.000000  1
6.000000  0.300000  0.013970  -0.000001  -0.000000  1
6.000000  0.300000  0.013972  -0.000000  0.000000  1
6.000000  0.300000  0.013971  -0.000000  -0.000000  1
6.000000  0.300000  0.013972  0.000000  -0.000000  1
6.000000  0.300000  0.013971  0.000000  -0.000000  1
6.000000  0.300000  0.013970  0.000000  -0.000000  1
6.000000  0.300000  0.013968  -0.000000  -0.000000  1
6.000000  0.300000  0.013970  -0.000001  -0.000000  1
6.000000  0.300000  0.013972  -0.000000  0.000000  1
6.000000  0.300000  0.013971  -0.000000  -0.000000  1
6.000000  0.300000  0.013972  0.000000  -0.000000  1
6.000000  0.300000  0.013971  0.000000  -0.000000  1
6.000000  0.300000  0.013970  0.000000  -0.000000  1
6.000000  0.300000  0.013968  -0.000000  -0.000000  1
6.000000  0.300000  0.013970  -0.000001  -0.000000  1
6.000000  0.300000  0.013972  -0.000000  0.000000  1
6.000000  0.300000  0.013971  -0.000000  -0.000000  1
6.000000  0.300000  0.013972  0.000000  0.000000  1
6.000000  0.300000  0.013971  0.000000  -0.000000  1
6.000000  0.300000  0.013970  0.000000  -0.000000  1
6.000000  0.300000  0.013968  -0.000000  -0.000000  1
6.000000  0.300000  0.013970  -0.000001  0.000000  1
6.000000  0.300000  0.013972  -0.000000  0.000000  1
6.000000  0.300000  0.013971  -0.000000  -0.000000  1
6.000000  0.300000  0.013972  0.000000  0.000000  1
6.000000  0.300000  0.013971  0.000000  -0.000000  1
6.000000  0.300000  0.013970  0.000000  -0.000000  1
6.000000  0.300000  0.013968  -0.000000  -0.000000  1
6.000000  0.300000  0.013970  -0.000001  0.000000  1
6.000000  0.300000  0.013972  -0.000000  0.000000  1
6.000000  0.300000  0.013971  -0.000000  -0.000000  1
6.000000  0.300000  0.013972  0.000000  0.000000  1
6.000000  0.300000  0.013971  0.000000  -0.000000  1
6.000000  0.300000  0.013970  0.000000  -0.000000  1
6.000000  0.300000  0.013968  -0.000000  -0.000000  1
6.000000  0.300000  0.013970  -0.000001  0.000000  1
6.000000  0.300000  0.013972  -0.000000  0.000000  1
6.000000  0.300000  0.013971  -0.000000  -0.000000  1
6.000000  0.300000  0.013972  0.000000  0.000000  1
6.000000  0.300000  0.013971  0.000000  -0.000000  1
6.000000  0.300000  0.013970  0.000000  -0.000000  1
6.000000  0.300000  0.013968  -0.000000  -0.000000  1
6.000000  0.300000  0.013970  -0.000001  0.000000  1
6.000000  0.300000  0.013972  -0.000000  0.000000  1
6.000000  0.300000  0.013971  -0.000000  -0.000000  1
6.000000  0.300000  0.013972  0.000000  0.000000  1
6.000000  0.300000  0.013971  0.000000  -0.000000  1
6.000000  0.300000  0.013970  0.000000  -0.000000  1
6.000000  0.300000  0.013968  -0.000000  -0.000000  1
6.000000  0.300000  0.013970  -0.000001  0.000000  1
6.000000  0.300000  0.013972  -0.000000  0.000000  1
6.000000  0.300000  0.013971  -0.000000  -0.000000  1
6.000000  0.300000  0.013972  0.000000  0.000000  1
6.000000  0.300000  0.013971  0.000000  -0.000000  1
6.000000  0.300000  0.013970  0.000000  -0.000000  1
6.000000  0.300000  0.013968  -0.000000  -0.000000  1
6.000000  0.300000  0.013970  -0.000001  0.000000  1
6.000000  0.300000  0.013972  -0.000000  0.000000  1
6.000000  0.300000  0.013971  -0.000000  -0.000000  1
6.000000  0.300000  0.013972  0.000000  0.000000  1
6.000000  0.300000  0.013971  0.000000  0.000000  1
6.000000  0.300000  0.013970  0.000000  -0.000000  1
6.000000  0.300000  0.013968  -0.000000  -0.000000  1
6.000000  0.300000  0.013970  -0.000001  0.000000  1
6.000000  0.300000  0.013972  -0.000000  0.000000  1
6.000000  0.300000  0.013971  -0.000000  -0.000000  1
6.000000  0.300000  0.013972  0.000000  0.000000  1
6.000000  0.300000  0.013971  0.000000  0.000000  1
6.000000  0.300000  0.013970  0.000000  -0.000000  1
6.000000  0.300000  0.013968  -0.000000  -0.000000  1
6.000000  0.300000  0.013970  -0.000001  0.000000  1
6.000000  0.300000  0.013972  -0.000000  0.000000  1
6.000000  0.300000  0.013971  -0.000000  -0.000000  1
6.000000  0.300000  0.013972  0.000000  0.000000  1
6.000000  0.300000  0.013971  0.000000  0.000000  1
6.000000  0.300000  0.013970  0.000000  -0.000000  1
6.000000  0.300000  0.013968  -0.000000  -0.000000  1
6.000000  0.300000  0.013970  -0.000001  0.000000  1
6.000000  0.300000  0.013972  -0.000000  0.000000  1
6.000000  0.300000  0.013971  -0.000000  -0.000000  1
6.000000  0.300000  0.013972  0.000000  0.000000  1
6.000000  0.300000  0.013971  0.000000  0.000000  1
6.000000  0.300000  0.013970  0.000000  -0.000000  1
6.000000  0.300000  0.013968  -0.000000  -0.000000  1
6.000000  0.300000  0.013970  -0.000001  0.000000  1
6.000000  0.300000  0.013972  -0.000000  0.000000  1
6.000000  0.300000  0.013971  -0.000000  -0.000000  1
6.000000  0.300000  0.013972  0.000000  0.000000  1
6.000000  0.300000  0.013971  0.000000  -0.000000  1
6.000000  0.300000  0.013970  0.000000  -0.000000  1
6.000000  0.300000  0.013968  -0.000000  -0.000000  1
6.000000  0.300000  0.013970  -0.000000  0.000000  1
6.000000  0.300000  0.013972  -0.000000  0.000000  1
6.000000  0.300000  0.013971  -0.000000  -0.000000  1
6.000000  0.300000  0.013972  0.000000  0.000000  1
6.000000  0.300000  0.013971  0.000000  -0.000000  1
6.000000  0.300000  0.013970  0.000000  -0.000000  1
6.000000  0.300000  0.013968  -0.000000  -0.000000  1
6.000000  0.300000  0.013969  -0.000001  0.000000  1
6.000000  0.300000  0.013972  -0.000000  0.000000  1
6.000000  0.300000  0.013971  -0.000000  0.000000  1
6.000000  0.300000  0.013972  0.000000  0.000000  1
6.000000  0.300000  0.013971  0.000000  0.000000  1
6.000000  0.300000  0.013970  0.000000  -0.000000  1
6.000000  0.300000  0.013968  -0.000000  -0.000000  1
6.000000  0.300000  0.013970  -0.000000  0.000000  1
6.000000  0.300000  0.013972  -0.000000  0.000000  1
6.000000  0.300000  0.013971  -0.000000  0.000000  1
6.000000  0.300000  0.013972  -0.000000  0.000000  1
6.000000  0.300000  0.013971  0.000000  0.000000  1
6.000000  0.300000  0.013970  0.000000  -0.000000  1
6.000000  0.300000  0.013968  -0.000000  -0.000000  1
6.000000  0.300000  0.013969  -0.000000  0.000000  1
6.000000  0.300000  0.013972  -0.000000  0.000000  1
6.000000  0.300000  0.013971  -0.000000  0.000000  1
6.000000  0.300000  0.013972  -0.000000  0.000000  1
6.000000  0.300000  0.013971  0.000000  0.000000  1
6.000000  0.300000  0.013970  0.000000  -0.000000  1
6.000000  0.300000  0.013968  -0.000000  -0.000000  1
6.000000  0.300000  0.013969  -0.000000  0.000000  1
6.000000  0.300000  0.013972  -0.000000  0.000000  1
6.000000  0.300000  0.013971  -0.000000  0.000000  1
6.000000  0.300000  0.013972  -0.000000  -0.000000  1
6.000000  0.300000  0.013971  0.000000  0.000000  1
6.000000  0.300000  0.013970  0.000000  -0.000000  1
6.000000  0.300000  0.013968  -0.000000  -0.000000  1
6.000000  0.300000  0.013969  -0.000000  0.000000  1
6.000000  0.300000  0.013971  -0.000000  0.000000  1
6.000000  0.300000  0.013971  -0.000000  0.000000  1
6.000000  0.300000  0.013972  -0.000000  -0.000000  1
6.000000  0.300000  0.013971  0.000000  0.000000  1
6.000000  0.300000  0.013970  0.000000  -0.000000  1
6.000000  0.300000  0.013968  -0.000000  0.000000  1
6.000000  0.300000  0.013969  -0.000000  0.000000  1
6.000000  0.300000  0.013971  -0.000000  -0.000000  1
6.000000  0.300000  0.013971  -0.000000  0.000000  1
6.000000  0.300000  0.013972  -0.000000  -0.000000  1
6.000000  0.300000  0.013971  0.000000  0.000000  1
6.000000  0.300000  0.013970  0.000000  -0.000000  1
6.000000  0.300000  0.013968  -0.000000  0.000000  1
6.000000  0.300000  0.013969  -0.000000  0.000000  1
6.000000  0.300000  0.013971  -0.000000  -0.000000  1
6.000000  0.300000  0.013971  -0.000000  0.000000  1
6.000000  0.300000  0.013972  -0.000000  -0.000000  1
6.000000  0.300000  0.013971  0.000000  0.000000  1
6.000000  0.300000  0.013970  0.000000  -0.000000  1
6.000000  0.300000  0.013968  -0.000000  0.000000  1
6.000000  0.300000  0.013969  -0.000000  0.000000  1
6.000000  0.300000  0.013971  -0.000000  -0.000000  1
6.000000  0.300000  0.013971  -0.000000  0.000000  1
6.000000  0.300000  0.013972  -0.000000  -0.000000  1
6.000000  0.300000  0.013971  0.000000  0.000000  1
6.000000  0.300000  0.013970  0.000000  -0.000000  1
6.000000  0.300000  0.013968  -0.000000  0.000000  1
6.000000  0.300000  0.013970  -0.000000  0.000000  1
6.000000  0.300000  0.013971  -0.000000  -0.000000  1
6.000000  0.300000  0.013971  -0.000000  0.000000  1
6.000000  0.300000  0.013972  -0.000000  -0.000000  1
6.000000  0.300000  0.013971  0.000000  0.000000  1
6.000000  0.300000  0.013970  0.000000  -0.000000  1
6.000000  0.300000  0.013968  -0.000000  0.000000  1
6.000000  0.300000  0.013970  -0.000000  0.000000  1
6.000000  0.300000  0.013971  -0.000000  -0.000000  1
6.000000  0.300000  0.013971  -0.000000  0.000000  1
6.000000  0.300000  0.013972  -0.000000  -0.000000  1
6.000000  0.300000  0.013971  0.000000  0.000000  1
6.000000  0.300000  0.013970  0.000000  -0.000000  1
6.000000  0.300000  0.013968  -0.000000  0.000000  1
6.000000  0.300000  0.013970  -0.000001  0.000000  1
6.000000  0.300000  0.013971  -0.000000  -0.000000  1
6.000000  0.300000  0.013971  -0.000000  0.000000  1
6.000000  0.300000  0.013972  -0.000000  -0.000000  1
6.000000  0.300000  0.013971  -0.000000  0.000000  1
6.000000  0.300000  0.013970  0.000000  -0.000000  1
6.000000  0.300000  0.013968  -0.000000  0.000000  1
6.000000  0.300000  0.013970  -0.000001  0.000000  1
6.000000  0.300000  0.013971  -0.000000  -0.000000  1
6.000000  0.300000  0.013971  -0.000000  0.000000  1
6.000000  0.300000  0.013972  -0.000000  -0.000000  1
6.000000  0.300000  0.013971  -0.000000  0.000000  1
6.000000  0.300000  0.013970  0.000000  -0.000000  1
6.000000  0.300000  0.013968  -0.000000  0.000000  1
6.000000  0.300000  0.013970  -0.000001  0.000000  1
6.000000  0.300000  0.013971  -0.000000  -0.000000  1
6.000000  0.300000  0.013971  -0.000000  0.000000  1
6.000000  0.300000  0.013972  -0.000000  -0.000000  1
6.000000  0.300000  0.013971  -0.000000  0.000000  1
6.000000  0.300000  0.013970  0.000000  -0.000000  1
6.000000  0.300000  0.013968  -0.000000  0.000000  1
6.000000  0.300000  0.013970  -0.000001  0.000000  1
6.000000  0.300000  0.013971  -0.000000  -0.000000  1
6.000000  0.300000  0.013971  -0.000000  0.000000  1
6.000000  0.300000  0.013972  -0.000000  -0.000000  1
6.000000  0.300000  0.013971  -0.000000  0.000000  1
6.000000  0.300000  0.013970  0.000000  -0.000000  1
6.000000  0.300000  0.013969  -0.000000  0.000000  1
6.000000  0.300000  0.013970  -0.000001  0.000000  1
6.000000  0.300000  0.013971  -0.000000  -0.000000  1
6.000000  0.300000  0.013971  -0.000000  0.000000  1
6.000000  0.300000  0.013972  -0.000000  -0.000000  1
6.000000  0.300000  0.013971  -0.000000  0.000000  1
6.000000  0.300000  0.013970  0.000000  -0.000000  1
6.000000  0.300000  0.013969  -0.000000  0.000000  1
6.000000  0.300000  0.013970  -0.000001  0.000000  1
6.000000  0.300000  0.013971  -0.000000  -0.000000  1
6.000000  0.300000  0.013971  -0.000000  0.000000  1
6.000000  0.300000  0.013972  -0.000000  -0.000000  1
6.000000  0.300000  0.013971  -0.000000  0.000000  1
6.000000  0.300000  0.013970  0.000000  0.000000  1
6.000000  0.300000  0.013969  -0.000000  0.000000  1
6.000000  0.300000  0.013970  -0.000001  0.000000  1
6.000000  0.300000  0.013971  -0.000000  0.000000  1
6.000000  0.300000  0.013971  0.000000  0.000000  1
6.000000  0.300000  0.013972  -0.000000  -0.000000  1
6.000000  0.300000  0.013971  -0.000000  0.000000  1
6.000000  0.300000  0.013970  0.000000  0.000000  1
6.000000  0.300000  0.013969  -0.000000  0.000000  1
6.000000  0.300000  0.013970  -0.000001  0.000000  1
6.000000  0.300000  0.013971  -0.000000  0.000000  1
6.000000  0.300000  0.013971  0.000000  0.000000  1
6.000000  0.300000  0.013972  -0.000000  -0.000000  1
6.000000  0.300000  0.013971  -0.000000  0.000000  1
6.000000  0.300000  0.013970  0.000000  0.000000  1
6.000000  0.300000  0.013969  -0.000000  0.000000  1
6.000000  0.300000  0.013970  -0.000001  0.000000  1
6.000000  0.300000  0.013971  -0.000000  0.000000  1
6.000000  0.300000  0.013971  0.000000  0.000000  1
6.000000  0.300000  0.013972  -0.000000  -0.000000  1
6.000000  0.300000  0.013971  -0.000000  0.000000  1
6.000000  0.300000  0.013970  0.000000  0.000000  1
6.000000  0.300000  0.013969  -0.000000  0.000000  1
6.000000  0.300000  0.013970  -0.000001  0.000000  1
6.000000  0.300000  0.013971  -0.000000  0.000000  1
6.000000  0.300000  0.013971  0.000000  -0.000000  1
6.000000  0.300000  0.013972  -0.000000  -0.000000  1
6.000000  0.300000  0.013971  -0.000000  0.000000  1
6.000000  0.300000  0.013970  0.000000  0.000000  1
6.000000  0.300000  0.013969  -0.000000  0.000000  1
6.000000  0.300000  0.013970  -0.000001  0.000000  1
6.000000  0.300000  0.013971  -0.000000  0.000000  1
6.000000  0.300000  0.013971  0.000000  -0.000000  1
6.000000  0.300000  0.013972  -0.000000  -0.000000  1
6.000000  0.300000  0.013971  -0.000000  0.000000  1
6.000000  0.300000  0.013970  0.000000  0.000000  1
6.000000  0.300000  0.013969  -0.000000  0.000000  1
6.000000  0.300000  0.013970  -0.000001  0.000000  1
6.000000  0.300000  0.013971  -0.000000  0.000000  1
6.000000  0.300000  0.013971  0.000000  -0.000000  1
6.000000  0.300000  0.013972  -0.000000  -0.000000  1
6.000000  0.300000  0.013971  -0.000000  0.000000  1
6.000000  0.300000  0.013970  0.000000  0.000000  1
6.000000  0.300000  0.013969  -0.000000  0.000000  1
6.000000  0.300000  0.013970  -0.000001  -0.000000  1
6.000000  0.300000  0.013971  -0.000000  0.000000  1
6.000000  0.300000  0.013971  -0.000000  -0.000000  1
6.000000  0.300000  0.013972  -0.000000  -0.000000  1
6.000000  0.300000  0.013971  -0.000000  0.000000  1
6.000000  0.300000  0.013970  0.000000  0.000000  1
6.000000  0.300000  0.013969  -0.000000  0.000000  1
6.000000  0.300000  0.013970  -0.000001  -0.000000  1
6.000000  0.300000  0.013971  -0.000000  0.000000  1
6.000000  0.300000  0.013971  -0.000000  -0.000000  1
6.000000  0.300000  0.013972  -0.000000  -0.000000  1
6.000000  0.300000  0.013971  -0.000000  -0.000000  1
6.000000  0.300000  0.013970  0.000000  0.000000  1
6.000000  0.300000  0.013969  -0.000000  0.000000  1
6.000000  0.300000  0.013970  -0.000001  -0.000000  1
6.000000  0.300000  0.013971  -0.000000  0.000000  1
6.000000  0.300000  0.013971  -0.000000  -0.000000  1
6.000000  0.300000  0.013972  -0.000000  0.000000  1
6.000000  0.300000  0.013971  -0.000000  -0.000000  1
6.000000  0.300000  0.013970  0.000000  0.000000  1
6.000000  0.300000  0.013969  -0.000000  0.000000  1
6.000000  0.300000  0.013970  -0.000001  -0.000000  1
6.000000  0.300000  0.013971  -0.000000  -0.000000  1
6.000000  0.300000  0.013971  -0.000000  -0.000000  1
6.000000  0.300000  0.013972  -0.000000  0.000000  1
6.000000  0.300000  0.013971  -0.000000  0.000000  1
6.000000  0.300000  0.013970  0.000000  0.000000  1
6.000000  0.300000  0.013969  -0.000000  0.000000  1
6.000000  0.300000  0.013970  -0.000001  -0.000000  1
6.000000  0.300000  0.013971  -0.000000  -0.000000  1
6.000000  0.300000  0.013971  -0.000000  0.000000  1
6.000000  0.300000  0.013972  -0.000000  0.000000  1
6.000000  0.300000  0.013971  -0.000000  0.000000  1
6.000000  0.300000  0.013970  0.000000  0.000000  1
6.000000  0.300000  0.013969  -0.000000  0.000000  1
6.000000  0.300000  0.013970  -0.000001  -0.000000  1
6.000000  0.300000  0.013971  -0.000000  -0.000000  1
6.000000  0.300000  0.013971  -0.000000  0.000000  1
6.000000  0.300000  0.013972  -0.000000  0.000000  1
6.000000  0.300000  0.013971  -0.000000  0.000000  1
6.000000  0.300000  0.013970  0.000000  0.000000  1
6.000000  0.300000  0.013969  -0.000000  0.000000  1
6.000000  0.300000  0.013970  -0.000001  -0.000000  1
6.000000  0.300000  0.013971  -0.000000  -0.000000  1
6.000000  0.300000  0.013971  -0.000000  0.000000  1
6.000000  0.300000  0.013972  -0.000000  0.000000  1
6.000000  0.300000  0.013971  -0.000000  0.000000  1
6.000000  0.300000  0.013970  0.000000  0.000000  1
6.000000  0.300000  0.013969  -0.000000  0.000000  1
6.000000  0.300000  0.013970  -0.000001  -0.000000  1
6.000000  0.300000  0.013971  -0.000000  -0.000000  1
6.000000  0.300000  0.013971  -0.000000  0.000000  1
6.000000  0.300000  0.013972  -0.000000  0.000000  1
6.000000  0.300000  0.013971  -0.000000  0.000000  1
6.000000  0.300000  0.013970  0.000000  0.000000  1
6.000000  0.300000  0.013969  -0.000000  0.000000  1
6.000000  0.300000  0.013970  -0.000001  -0.000000  1
6.000000  0.300000  0.013971  -0.000000  -0.000000  1
6.000000  0.300000  0.013971  -0.000000  0.000000  1
6.000000  0.300000  0.013972  -0.000000  0.000000  1
6.000000  0.300000  0.013971  -0.000000  0.000000  1
6.000000  0.300000  0.013970  0.000000  0.000000  1
6.000000  0.300000  0.013969  -0.000000  0.000000  1
6.000000  0.300000  0.013970  -0.000001  -0.000000  1
6.000000  0.300000  0.013971  -0.000000  -0.000000  1
6.000000  0.300000  0.013971  -0.000000  0.000000  1
6.000000  0.300000  0.013972  -0.000000  0.000000  1
6.000000  0.300000  0.013971  -0.000000  -0.000000  1
6.000000  0.300000  0.013970  0.000000  0.000000  1
6.000000  0.300000  0.013969  -0.000000  0.000000  1
6.000000  0.300000  0.013970  -0.000001  -0.000000  1
6.000000  0.300000  0.013971  -0.000000  -0.000000  1
6.000000  0.300000  0.013971  -0.000000  0.000000  1
6.000000  0.300000  0.013972  -0.000000  0.000000  1
6.000000  0.300000  0.013971  -0.000000  -0.000000  1
6.000000  0.300000  0.013970  0.000000  0.000000  1
6.000000  0.300000  0.013969  -0.000000  0.000000  1
6.000000  0.300000  0.013970  -0.000001  -0.000000  1
6.000000  0.300000  0.013971  -0.000000  -0.000000  1
6.000000  0.300000  0.013971  -0.000000  0.000000  1
6.000000  0.300000  0.013972  -0.000000  0.000000  1
6.000000  0.300000  0.013971  -0.000000  -0.000000  1
6.000000  0.300000  0.013970  0.000000  0.000000  1
6.000000  0.300000  0.013969  -0.000000  -0.000000  1
6.000000  0.300000  0.013970  -0.000001  -0.000000  1
6.000000  0.300000  0.013971  -0.000000  -0.000000  1
6.000000  0.300000  0.013971  -0.000000  0.000000  1
6.000000  0.300000  0.013971  -0.000000  0.000000  1
6.000000  0.300000  0.013971  -0.000000  -0.000000  1
6.000000  0.300000  0.013970  0.000000  0.000000  1
6.000000  0.300000  0.013969  -0.000000  -0.000000  1
6.000000  0.300000  0.013970  -0.000001  -0.000000  1
6.000000  0.300000  0.013971  -0.000000  -0.000000  1
6.000000  0.300000  0.013971  -0.000000  0.000000  1
6.000000  0.300000  0.013971  -0.000000  0.000000  1
6.000000  0.300000  0.013971  -0.000000  -0.000000  1
6.000000  0.300000  0.013970  0.000000  0.000000  1
6.000000  0.300000  0.013969  -0.000000  -0.000000  1
6.000000  0.300000  0.013970  -0.000001  -0.000000  1
6.000000  0.300000  0.013971  -0.000000  -0.000000  1
6.000000  0.300000  0.013971  -0.000000  -0.000000  1
6.000000  0.300000  0.013971  -0.000000  0.000000  1
6.000000  0.300000  0.013970  -0.000000  -0.000000  1
6.000000  0.300000  0.013970  0.000000  0.000000  1
6.000000  0.300000  0.013969  -0.000000  -0.000000  1
6.000000  0.300000  0.013970  -0.000000  -0.000000  1
6.000000  0.300000  0.013971  -0.000000  -0.000000  1
6.000000  0.300000  0.013971  -0.000000  -0.000000  1
6.000000  0.300000  0.013971  -0.000000  0.000000  1
6.000000  0.300000  0.013970  -0.000000  -0.000000  1
6.000000  0.300000  0.013970  0.000000  0.000000  1
6.000000  0.300000  0.013969  -0.000000  -0.000000  1
6.000000  0.300000  0.013970  -0.000000  -0.000000  1
6.000000  0.300000  0.013971  -0.000000  -0.000000  1
6.000000  0.300000  0.013971  -0.000000  -0.000000  1
6.000000  0.300000  0.013971  -0.000000  0.000000  1
6.000000  0.300000  0.013970  -0.000000  -0.000000  1
6.000000  0.300000  0.013970  0.000000  0.000000  1
6.000000  0.300000  0.013969  -0.000000  -0.000000  1
6.000000  0.300000  0.013970  -0.000000  -0.000000  1
6.000000  0.300000  0.013971  -0.000000  0.000000  1
6.000000  0.300000  0.013971  -0.000000  -0.000000  1
6.000000  0.300000  0.013971  -0.000000  0.000000  1
6.000000  0.300000  0.013970  -0.000000  -0.000000  1
6.000000  0.300000  0.013970  0.000000  0.000000  1
6.000000  0.300000  0.013969  -0.000000  -0.000000  1
6.000000  0.300000  0.013970  -0.000000  -0.000000  1
6.000000  0.300000  0.013971  -0.000000  0.000000  1
6.000000  0.300000  0.013971  -0.000000  -0.000000  1
6.000000  0.300000  0.013971  -0.000000  0.000000  1
6.000000  0.300000  0.013970  -0.000000  -0.000000  1
6.000000  0.300000  0.013970  0.000000  0.000000  1
6.000000  0.300000  0.013969  -0.000000  -0.000000  1
6.000000  0.300000  0.013970  -0.000000  -0.000000  1
6.000000  0.300000  0.013971  -0.000000  0.000000  1
6.000000  0.300000  0.013971  -0.000000  -0.000000  1
6.000000  0.300000  0.013971  -0.000000  0.000000  1
6.000000  0.300000  0.013970  -0.000000  -0.000000  1
6.000000  0.300000  0.013970  0.000000  -0.000000  1
6.000000  0.300000  0.013969  -0.000000  -0.000000  1
6.000000  0.300000  0.013970  -0.000000  -0.000000  1
6.000000  0.300000  0.013971  -0.000000  0.000000  1
6.000000  0.300000  0.013971  -0.000000  -0.000000  1
6.000000  0.300000  0.013971  -0.000000  0.000000  1
6.000000  0.300000  0.013970  -0.000000  -0.000000  1
6.000000  0.300000  0.013970  0.000000  -0.000000  1
6.000000  0.300000  0.013969  -0.000000  -0.000000  1
6.000000  0.300000  0.013970  -0.000000  -0.000000  1
6.000000  0.300000  0.013971  -0.000000  0.000000  1
6.000000  0.300000  0.013971  -0.000000  -0.000000  1
6.000000  0.300000  0.013971  -0.000000  0.000000  1
6.000000  0.300000  0.013970  -0.000000  -0.000000  1
6.000000  0.300000  0.013970  0.000000  -0.000000  1
6.000000  0.300000  0.013969  -0.000000  -0.000000  1
6.000000  0.300000  0.013970  -0.000000  0.000000  1
6.000000  0.300000  0.013971  -0.000000  0.000000  1
6.000000  0.300000  0.013971  -0.000000  -0.000000  1
6.000000  0.300000  0.013971  -0.000000  0.000000  1
6.000000  0.300000  0.013970  -0.000000  -0.000000  1
6.000000  0.300000  0.013970  0.000000  -0.000000  1
6.000000  0.300000  0.013969  0.000000  -0.000000  1
6.000000  0.300000  0.013970  -0.000000  0.000000  1
6.000000  0.300000  0.013971  -0.000000  0.000000  1
6.000000  0.300000  0.013971  -0.000000  -0.000000  1
6.000000  0.300000  0.013971  -0.000000  0.000000  1
6.000000  0.300000  0.013970  0.000000  -0.000000  1
6.000000  0.300000  0.013970  0.000000  -0.000000  1
6.000000  0.300000  0.013969  0.000000  -0.000000  1
6.000000  0.300000  0.013970  -0.000000  0.000000  1
6.000000  0.300000  0.013971  -0.000000  0.000000  1
6.000000  0.300000  0.013971  -0.000000  -0.000000  1
6.000000  0.300000  0.013971  -0.000000  0.000000  1
6.000000  0.300000  0.013970  0.000000  -0.000000  1
6.000000  0.300000  0.013970  0.000000  -0.000000  1
6.000000  0.300000  0.013969  0.000000  -0.000000  1
6.000000  0.300000  0.013970  -0.000000  0.000000  1
6.000000  0.300000  0.013971  -0.000000  0.000000  1
6.000000  0.300000  0.013971  -0.000000  -0.000000  1
6.000000  0.300000  0.013971  -0.000000  0.000000  1
6.000000  0.300000  0.013970  0.000000  -0.000000  1
6.000000  0.300000  0.013970  0.000000  -0.000000  1
6.000000  0.300000  0.013969  0.000000  -0.000000  1
6.000000  0.300000  0.013970  -0.000000  0.000000  1
6.000000  0.300000  0.013971  -0.000000  0.000000  1
6.000000  0.300000  0.013971  -0.000000  -0.000000  1
6.000000  0.300000  0.013971  -0.000000  0.000000  1
6.000000  0.300000  0.013970  0.000000  -0.000000  1
6.000000  0.300000  0.013970  0.000000  -0.000000  1
6.000000  0.300000  0.013969  0.000000  -0.000000  1
6.000000  0.300000  0.013970  -0.000000  0.000000  1
6.000000  0.300000  0.013971  -0.000000  0.000000  1
6.000000  0.300000  0.013971  -0.000000  -0.000000  1
6.000000  0.300000  0.013971  -0.000000  0.000000  1
6.000000  0.300000  0.013970  0.000000  -0.000000  1
6.000000  0.300000  0.013970  0.000000  -0.000000  1
6.000000  0.300000  0.013969  0.000000  -0.000000  1
6.000000  0.300000  0.013970  -0.000000  -0.000000  1
6.000000  0.300000  0.013971  -0.000000  0.000000  1
6.000000  0.300000  0.013971  -0.000000  -0.000000  1
6.000000  0.300000  0.013971  -0.000000  0.000000  1
6.000000  0.300000  0.013970  0.000000  -0.000000  1
6.000000  0.300000  0.013970  0.000000  -0.000000  1
6.000000  0.300000  0.013969  0.000000  -0.000000  1
6.000000  0.300000  0.013970  -0.000000  -0.000000  1
6.000000  0.300000  0.013971  -0.000000  0.000000  1
6.000000  0.300000  0.013971  -0.000000  -0.000000  1
6.000000  0.300000  0.013971  -0.000000  0.000000  1
6.000000  0.300000  0.013970  0.000000  -0.000000  1
6.000000  0.300000  0.013969  0.000000  -0.000000  1
6.000000  0.300000  0.013969  0.000000  -0.000000  1
6.000000  0.300000  0.013970  -0.000000  -0.000000  1
6.000000  0.300000  0.013971  -0.000000  0.000000  1
6.000000  0.300000  0.013971  -0.000000  -0.000000  1
6.000000  0.300000  0.013971  -0.000000  0.000000  1
6.000000  0.300000  0.013970  0.000000  -0.000000  1
6.000000  0.300000  0.013969  0.000000  -0.000000  1
6.000000  0.300000  0.013969  0.000000  -0.000000  1
6.000000  0.300000  0.013970  -0.000000  -0.000000  1
6.000000  0.300000  0.013971  -0.000000  0.000000  1
6.000000  0.300000  0.013971  -0.000000  -0.000000  1
6.000000  0.300000  0.013971  -0.000000  0.000000  1
6.000000  0.300000  0.013970  0.000000  -0.000000  1
6.000000  0.300000  0.013969  0.000000  -0.000000  1
6.000000  0.300000  0.013969  0.000000  -0.000000  1
6.000000  0.300000  0.013970  -0.000000  -0.000000  1
6.000000  0.300000  0.013971  -0.000000  0.000000  1
6.000000  0.300000  0.013971  -0.000000  -0.000000  1
6.000000  0.300000  0.013971  -0.000000  0.000000  1
6.000000  0.300000  0.013970  0.000000  -0.000000  1
6.000000  0.300000  0.013969  0.000000  -0.000000  1
6.000000  0.300000  0.013968  0.000000  -0.000000  1
6.000000  0.300000  0.013970  -0.000000  -0.000000  1
6.000000  0.300000  0.013972  -0.000000  -0.000000  1
6.000000  0.300000  0.013971  -0.000000  -0.000000  1
6.000000  0.300000  0.013971  -0.000000  0.000000  1
6.000000  0.300000  0.013970  0.000000  -0.000000  1
6.000000  0.300000  0.013970  0.000000  -0.000000  1
6.000000  0.300000  0.013969  -0.000000  -0.000000  1
6.000000  0.300000  0.013970  -0.000000  0.000000  1
6.000000  0.300000  0.013972  -0.000000  -0.000000  1
6.000000  0.300000  0.013971  -0.000000  -0.000000  1
6.000000  0.300000  0.013971  -0.000000  0.000000  1
6.000000  0.300000  0.013970  0.000000  -0.000000  1
6.000000  0.300000  0.013969  0.000000  -0.000000  1
6.000000  0.300000  0.013969  -0.000000  -0.000000  1
6.000000  0.300000  0.013970  -0.000000  0.000000  1
6.000000  0.300000  0.013972  -0.000000  -0.000000  1
6.000000  0.300000  0.013971  -0.000000  -0.000000  1
6.000000  0.300000  0.013971  -0.000000  0.000000  1
6.000000  0.300000  0.013970  0.000000  -0.000000  1
6.000000  0.300000  0.013969  0.000000  -0.000000  1
6.000000  0.300000  0.013969  -0.000000  -0.000000  1
6.000000  0.300000  0.013970  -0.000000  0.000000  1
6.000000  0.300000  0.013972  -0.000000  -0.000000  1
6.000000  0.300000  0.013971  -0.000000  -0.000000  1
6.000000  0.300000  0.013971  -0.000000  0.000000  1
6.000000  0.300000  0.013970  0.000000  -0.000000  1
6.000000  0.300000  0.013969  0.000000  -0.000000  1
6.000000  0.300000  0.013968  -0.000000  -0.000000  1
6.000000  0.300000  0.013970  -0.000000  0.000000  1
6.000000  0.300000  0.013972  -0.000000  -0.000000  1
6.000000  0.300000  0.013971  -0.000000  -0.000000  1
6.000000  0.300000  0.013971  -0.000000  0.000000  1
6.000000  0.300000  0.013970  0.000000  0.000000  1
6.000000  0.300000  0.013969  0.000000  -0.000000  1
6.000000  0.300000  0.013968  -0.000000  -0.000000  1
6.000000  0.300000  0.013970  -0.000000  0.000000  1
6.000000  0.300000  0.013972  -0.000000  -0.000000  1
6.000000  0.300000  0.013971  -0.000000  -0.000000  1
6.000000  0.300000  0.013971  -0.000000  0.000000  1
6.000000  0.300000  0.013970  0.000000  0.000000  1
6.000000  0.300000  0.013969  0.000000  -0.000000  1
6.000000  0.300000  0.013968  -0.000000  -0.000000  1
6.000000  0.300000  0.013970  -0.000000  0.000000  1
6.000000  0.300000  0.013972  -0.000000  -0.000000  1
6.000000  0.300000  0.013971  -0.000000  -0.000000  1
6.000000  0.300000  0.013971  -0.000000  0.000000  1
6.000000  0.300000  0.013970  0.000000  0.000000  1
6.000000  0.300000  0.013969  0.000000  -0.000000  1
6.000000  0.300000  0.013969  -0.000000  -0.000000  1
6.000000  0.300000  0.013970  -0.000000  0.000000  1
6.000000  0.300000  0.013972  -0.000000  -0.000000  1
6.000000  0.300000  0.013971  -0.000000  -0.000000  1
6.000000  0.300000  0.013971  -0.000000  0.000000  1
6.000000  0.300000  0.013970  0.000000  0.000000  1
6.000000  0.300000  0.013969  0.000000  -0.000000  1
6.000000  0.300000  0.013969  -0.000000  -0.000000  1
6.000000  0.300000  0.013970  -0.000000  0.000000  1
6.000000  0.300000  0.013972  -0.000000  -0.000000  1
6.000000  0.300000  0.013971  -0.000000  -0.000000  1
6.000000  0.300000  0.013971  -0.000000  0.000000  1
6.000000  0.300000  0.013970  0.000000  0.000000  1
6.000000  0.300000  0.013969  0.000000  -0.000000  1
6.000000  0.300000  0.013969  -0.000000  -0.000000  1
6.000000  0.300000  0.013970  -0.000000  0.000000  1
6.000000  0.300000  0.013972  -0.000000  -0.000000  1
6.000000  0.300000  0.013971  -0.000000  -0.000000  1
6.000000  0.300000  0.013971  -0.000000  0.000000  1
6.000000  0.300000  0.013970  0.000000  0.000000  1
6.000000  0.300000  0.013969  0.000000  -0.000000  1
6.000000  0.300000  0.013969  -0.000000  -0.000000  1
6.000000  0.300000  0.013970  -0.000000  0.000000  1
6.000000  0.300000  0.013971  -0.000000  -0.000000  1
6.000000  0.300000  0.013971  -0.000000  -0.000000  1
6.000000  0.300000  0.013971  -0.000000  0.000000  1
6.000000  0.300000  0.013970  0.000000  0.000000  1
6.000000  0.300000  0.013969  0.000000  -0.000000  1
6.000000  0.300000  0.013969  -0.000000  0.000000  1
6.000000  0.300000  0.013970  -0.000000  0.000000  1
6.000000  0.300000  0.013971  -0.000000  0.000000  1
6.000000  0.300000  0.013971  -0.000000  -0.000000  1
6.000000  0.300000  0.013971  -0.000000  0.000000  1
6.000000  0.300000  0.013970  0.000000  0.000000  1
6.000000  0.300000  0.013969  0.000000  -0.000000  1
6.000000  0.300000  0.013969  -0.000000  0.000000  1
6.000000  0.300000  0.013970  -0.000000  0.000000  1
6.000000  0.300000  0.013971  -0.000000  0.000000  1
6.000000  0.300000  0.013971  -0.000000  0.000000  1
6.000000  0.300000  0.013971  -0.000000  -0.000000  1
6.000000  0.300000  0.013970  0.000000  0.000000  1
6.000000  0.300000  0.013969  0.000000  -0.000000  1
6.000000  0.300000  0.013969  -0.000000  0.000000  1
6.000000  0.300000  0.013970  -0.000000  0.000000  1
6.000000  0.300000  0.013971  -0.000000  0.000000  1
6.000000  0.300000  0.013971  -0.000000  0.000000  1
6.000000  0.300000  0.013971  -0.000000  -0.000000  1
6.000000  0.300000  0.013970  0.000000  0.000000  1
6.000000  0.300000  0.013969  0.000000  -0.000000  1
6.000000  0.300000  0.013969  -0.000000  0.000000  1
6.000000  0.300000  0.013970  -0.000000  0.000000  1
6.000000  0.300000  0.013971  -0.000000  0.000000  1
6.000000  0.300000  0.013971  -0.000000  0.000000  1
6.000000  0.300000  0.013971  -0.000000  -0.000000  1
6.000000  0.300000  0.013970  0.000000  0.000000  1
6.000000  0.300000  0.013969  0.000000  -0.000000  1
6.000000  0.300000  0.013969  -0.000000  0.000000  1
6.000000  0.300000  0.013970  -0.000000  0.000000  1
6.000000  0.300000  0.013971  -0.000000  0.000000  1
6.000000  0.300000  0.013971  -0.000000  0.000000  1
6.000000  0.300000  0.013971  -0.000000  -0.000000  1
6.000000  0.300000  0.013970  0.000000  0.000000  1
6.000000  0.300000  0.013969  0.000000  -0.000000  1
6.000000  0.300000  0.013969  -0.000000  0.000000  1
6.000000  0.300000  0.013970  -0.000000  0.000000  1
6.000000  0.300000  0.013971  -0.000000  0.000000  1
6.000000  0.300000  0.013971  -0.000000  0.000000  1
6.000000  0.300000  0.013971  -0.000000  -0.000000  1
6.000000  0.300000  0.013970  0.000000  0.000000  1
6.000000  0.300000  0.013969  0.000000  -0.000000  1
6.000000  0.300000  0.013969  -0.000000  0.000000  1
6.000000  0.300000  0.013970  -0.000000  0.000000  1
6.000000  0.300000  0.013971  -0.000000  -0.000000  1
6.000000  0.300000  0.013971  -0.000000  0.000000  1
6.000000  0.300000  0.013971  -0.000000  -0.000000  1
6.000000  0.300000  0.013970  0.000000  0.000000  1
6.000000  0.300000  0.013969  0.000000  -0.000000  1
6.000000  0.300000  0.013969  -0.000000  0.000000  1
6.000000  0.300000  0.013970  -0.000000  0.000000  1
6.000000  0.300000  0.013971  -0.000000  -0.000000  1
6.000000  0.300000  0.013971  -0.000000  0.000000  1
6.000000  0.300000  0.013971  -0.000000  -0.000000  1
6.000000  0.300000  0.013970  -0.000000  0.000000  1
6.000000  0.300000  0.013969  0.000000  -0.000000  1
6.000000  0.300000  0.013969  -0.000000  0.000000  1
6.000000  0.300000  0.013970  -0.000000  0.000000  1
6.000000  0.300000  0.013971  -0.000000  -0.000000  1
6.000000  0.300000  0.013971  -0.000000  0.000000  1
6.000000  0.300000  0.013971  -0.000000  -0.000000  1
6.000000  0.300000  0.013970  -0.000000  0.000000  1
6.000000  0.300000  0.013969  0.000000  -0.000000  1
6.000000  0.300000  0.013969  -0.000000  0.000000  1
6.000000  0.300000  0.013970  -0.000000  0.000000  1
6.000000  0.300000  0.013971  -0.000000  -0.000000  1
6.000000  0.300000  0.013971  -0.000000  0.000000  1
6.000000  0.300000  0.013971  -0.000000  -0.000000  1
6.000000  0.300000  0.013970  -0.000000  0.000000  1
6.000000  0.300000  0.013969  0.000000  -0.000000  1
6.000000  0.300000  0.013969  -0.000000  0.000000  1
6.000000  0.300000  0.013970  -0.000000  0.000000  1
6.000000  0.300000  0.013971  -0.000000  -0.000000  1
6.000000  0.300000  0.013971  -0.000000  0.000000  1
6.000000  0.300000  0.013971  -0.000000  -0.000000  1
6.000000  0.300000  0.013970  -0.000000  0.000000  1
6.000000  0.300000  0.013969  0.000000  -0.000000  1
6.000000  0.300000  0.013969  -0.000000  0.000000  1
6.000000  0.300000  0.013970  -0.000000  0.000000  1
6.000000  0.300000  0.013971  -0.000000  -0.000000  1
6.000000  0.300000  0.013972  -0.000000  0.000000  1
6.000000  0.300000  0.013971  -0.000000  -0.000000  1
6.000000  0.300000  0.013970  -0.000000  0.000000  1
6.000000  0.300000  0.013969  0.000000  -0.000000  1
6.000000  0.300000  0.013969  -0.000000  0.000000  1
6.000000  0.300000  0.013970  -0.000000  0.000000  1
6.000000  0.300000  0.013971  -0.000000  -0.000000  1
6.000000  0.300000  0.013972  -0.000000  0.000000  1
6.000000  0.300000  0.013971  -0.000000  -0.000000  1
6.000000  0.300000  0.013970  -0.000000  0.000000  1
6.000000  0.300000  0.013970  0.000000  -0.000000  1
6.000000  0.300000  0.013969  -0.000000  0.000000  1
6.000000  0.300000  0.013970  -0.000000  0.000000  1
6.000000  0.300000  0.013971  -0.000000  -0.000000  1
6.000000  0.300000  0.013971  -0.000000  0.000000  1
6.000000  0.300000  0.013971  -0.000000  -0.000000  1
6.000000  0.300000  0.013970  -0.000000  0.000000  1
6.000000  0.300000  0.013970  0.000000  -0.000000  1
6.000000  0.300000  0.013969  -0.000000  0.000000  1
6.000000  0.300000  0.013970  -0.000000  0.000000  1
6.000000  0.300000  0.013971  -0.000000  -0.000000  1
6.000000  0.300000  0.013971  -0.000000  0.000000  1
6.000000  0.300000  0.013971  -0.000000  -0.000000  1
6.000000  0.300000  0.013970  -0.000000  0.000000  1
6.000000  0.300000  0.013970  0.000000  -0.000000  1
6.000000  0.300000  0.013969  -0.000000  0.000000  1
6.000000  0.300000  0.013970  -0.000000  0.000000  1
6.000000  0.300000  0.013971  -0.000000  -0.000000  1
6.000000  0.300000  0.013971  -0.000000  -0.000000  1
6.000000  0.300000  0.013971  -0.000000  -0.000000  1
6.000000  0.300000  0.013970  -0.000000  0.000000  1
6.000000  0.300000  0.013970  0.000000  0.000000  1
6.000000  0.300000  0.013969  0.000000  0.000000  1
6.000000  0.300000  0.013970  -0.000000  0.000000  1
6.000000  0.300000  0.013971  -0.000000  0.000000  1
6.000000  0.300000  0.013971  -0.000000  -0.000000  1
6.000000  0.300000  0.013971  -0.000000  -0.000000  1
6.000000  0.300000  0.013970  -0.000000  0.000000  1
6.000000  0.300000  0.013970  0.000000  0.000000  1
6.000000  0.300000  0.013969  0.000000  0.000000  1
6.000000  0.300000  0.013970  -0.000000  0.000000  1
6.000000  0.300000  0.013971  -0.000000  0.000000  1
6.000000  0.300000  0.013971  -0.000000  -0.000000  1
6.000000  0.300000  0.013971  -0.000000  -0.000000  1
6.000000  0.300000  0.013970  -0.000000  0.000000  1
6.000000  0.300000  0.013970  0.000000  0.000000  1
6.000000  0.300000  0.013969  0.000000  0.000000  1
6.000000  0.300000  0.013970  -0.000000  0.000000  1
6.000000  0.300000  0.013971  -0.000000  0.000000  1
6.000000  0.300000  0.013971  -0.000000  -0.000000  1
6.000000  0.300000  0.013971  -0.000000  -0.000000  1
6.000000  0.300000  0.013970  -0.000000  0.000000  1
6.000000  0.300000  0.013970  0.000000  0.000000  1
6.000000  0.300000  0.013969  0.000000  0.000000  1
6.000000  0.300000  0.013970  -0.000000  0.000000  1
6.000000  0.300000  0.013971  -0.000000  0.000000  1
6.000000  0.300000  0.013971  -0.000000  -0.000000  1
6.000000  0.300000  0.013971  -0.000000  0.000000  1
6.000000  0.300000  0.013970  -0.000000  0.000000  1
6.000000  0.300000  0.013970  0.000000  0.000000  1
6.000000  0.300000  0.013969  0.000000  0.000000  1
6.000000  0.300000  0.013970  -0.000000  0.000000  1
6.000000  0.300000  0.013971  -0.000000  0.000000  1
6.000000  0.300000  0.013971  -0.000000  -0.000000  1
6.000000  0.300000  0.013971  -0.000000  0.000000  1
6.000000  0.300000  0.013970  -0.000000  0.000000  1
6.000000  0.300000  0.013970  0.000000  0.000000  1
6.000000  0.300000  0.013969  0.000000  0.000000  1
6.000000  0.300000  0.013970  -0.000000  0.000000  1
6.000000  0.300000  0.013971  -0.000000  0.000000  1
6.000000  0.300000  0.013971  -0.000000  -0.000000  1
6.000000  0.300000  0.013971  -0.000000  0.000000  1
6.000000  0.300000  0.013970  -0.000000  0.000000  1
6.000000  0.300000  0.013970  0.000000  0.000000  1
6.000000  0.300000  0.013969  0.000000  0.000000  1
6.000000  0.300000  0.013970  -0.000000  0.000000  1
6.000000  0.300000  0.013971  -0.000000  0.000000  1
6.000000  0.300000  0.013971  -0.000000  -0.000000  1
6.000000  0.300000  0.013971  -0.000000  0.000000  1
6.000000  0.300000  0.013970  -0.000000  0.000000  1
6.000000  0.300000  0.013970  0.000000  0.000000  1
6.000000  0.300000  0.013969  0.000000  0.000000  1
6.000000  0.300000  0.013970  -0.000000  -0.000000  1
6.000000  0.300000  0.013971  -0.000000  -0.000000  1
6.000000  0.300000  0.013971  -0.000000  -0.000000  1
6.000000  0.300000  0.013971  -0.000000  -0.000000  1
6.000000  0.300000  0.013970  -0.000000  0.000000  1
6.000000  0.300000  0.013970  0.000000  0.000000  1
6.000000  0.300000  0.013969  0.000000  0.000000  1
6.000000  0.300000  0.013970  -0.000000  -0.000000  1
6.000000  0.300000  0.013971  -0.000000  -0.000000  1
6.000000  0.300000  0.013971  -0.000000  0.000000  1
6.000000  0.300000  0.013971  -0.000000  -0.000000  1
6.000000  0.300000  0.013970  -0.000000  0.000000  1
6.000000  0.300000  0.013970  0.000000  0.000000  1
6.000000  0.300000  0.013969  0.000000  0.000000  1
6.000000  0.300000  0.013970  -0.000000  -0.000000  1
6.000000  0.300000  0.013971  -0.000000  -0.000000  1
6.000000  0.300000  0.013971  -0.000000  0.000000  1
6.000000  0.300000  0.013971  -0.000000  -0.000000  1
6.000000  0.300000  0.013970  -0.000000  0.000000  1
6.000000  0.300000  0.013970  0.000000  0.000000  1
6.000000  0.300000  0.013969  -0.000000  0.000000  1
6.000000  0.300000  0.013970  -0.000000  -0.000000  1
6.000000  0.300000  0.013971  -0.000000  -0.000000  1
6.000000  0.300000  0.013971  -0.000000  0.000000  1
6.000000  0.300000  0.013971  -0.000000  -0.000000  1
6.000000  0.300000  0.013970  -0.000000  0.000000  1
6.000000  0.300000  0.013970  0.000000  0.000000  1
6.000000  0.300000  0.013969  -0.000000  0.000000  1
6.000000  0.300000  0.013970  -0.000000  -0.000000  1
6.000000  0.300000  0.013971  -0.000000  -0.000000  1
6.000000  0.300000  0.013971  -0.000000  0.000000  1
6.000000  0.300000  0.013971  -0.000000  -0.000000  1
6.000000  0.300000  0.013970  -0.000000  0.000000  1
6.000000  0.300000  0.013970  0.000000  0.000000  1
6.000000  0.300000  0.013969  -0.000000  0.000000  1
6.000000  0.300000  0.013970  -0.000000  -0.000000  1
