120 20
0.0032
0.0032
0.0032
0.0032
0.0032
0.0032
0.0032
0.0032
0.0032
0.0032
0.0032
0.0032
0.0032
0.0032
0.0032
0.0032
0.0032
0.0032
0.0032
0.0032
0.0032
0.0032
0.0032
0.0032
0.0032
0.0032
0.0032
0.0032
0.0032
0.0032
0.0032
0.0032
0.0032
0.0032
0.0032
0.0032
0.0032
0.0032
0.0032
0.0032
0.0032
0.0032
0.0032
0.0032
0.0032
0.0032
0.0032
0.0032
0.0032
0.0032
0.0032
0.0032
0.0032
0.0032
0.0032
0.0032
0.0033
0.0033
0.0033
0.0033
0.0033
0.0033
0.0033
0.0033
0.0032
0.0032
0.0032
0.0032
0.0032
0.0032
0.0032
0.0032
0.0032
0.0032
0.0032
0.0032
0.0032
0.0032
0.0032
0.0032
0.0032
0.0032
0.0032
0.0032
0.0032
0.0032
0.0032
0.0032
0.0032
0.0032
0.0032
0.0032
0.0032
0.0032
0.0032
0.0032
0.0032
0.0032
0.0032
0.0032
0.0032
0.0032
0.0032
0.0032
0.0032
0.0032
0.0032
0.0032
0.0032
0.0032
0.0032
0.0032
0.0032
0.0032
0.0032
0.0032
0.0032
0.0032
0.0032
0.0032
0.0091
0.0091
0.0091
0.0091
0.0091
0.0091
0.0091
0.0091
0.0091
0.0091
0.0091
0.0091
0.0091
0.0091
0.0091
0.0091
0.0091
0.0091
0.0091
0.0091
0.0091
0.0091
0.0091
0.0091
0.0091
0.0091
0.0091
0.0091
0.0091
0.0091
0.0091
0.0091
0.0091
0.0091
0.0091
0.0091
0.0091
0.0091
0.0091
0.0091
0.0091
0.0091
0.0091
0.0091
0.0091
0.0091
0.0091
0.0091
0.0091
0.0091
0.0091
0.0091
0.0091
0.0091
0.0091
0.0092
0.0092
0.0093
0.0093
0.0093
0.0093
0.0093
0.0093
0.0092
0.0092
0.0092
0.0091
0.0091
0.0091
0.0091
0.0091
0.0091
0.0091
0.0091
0.0091
0.0091
0.0091
0.0091
0.0091
0.0091
0.0091
0.0091
0.0091
0.0091
0.0091
0.0091
0.0091
0.0091
0.0091
0.0091
0.0091
0.0091
0.0091
0.0091
0.0091
0.0091
0.0091
0.0091
0.0091
0.0091
0.0091
0.0091
0.0091
0.0091
0.0091
0.0091
0.0091
0.0091
0.0091
0.0091
0.0091
0.0091
0.0091
0.0091
0.0091
0.0091
0.0091
0.0091
0.0091
0.0091
0.0144
0.0144
0.0144
0.0144
0.0144
0.0144
0.0144
0.0144
0.0144
0.0144
0.0144
0.0144
0.0144
0.0144
0.0144
0.0144
0.0144
0.0144
0.0144
0.0144
0.0144
0.0144
0.0144
0.0144
0.0144
0.0144
0.0144
0.0144
0.0144
0.0144
0.0144
0.0144
0.0144
0.0144
0.0144
0.0144
0.0144
0.0144
0.0144
0.0144
0.0144
0.0144
0.0144
0.0143
0.0143
0.0143
0.0143
0.0143
0.0143
0.0143
0.0143
0.0143
0.0143
0.0143
0.0144
0.0144
0.0145
0.0146
0.0147
0.0147
0.0148
0.0147
0.0146
0.0146
0.0145
0.0144
0.0144
0.0143
0.0143
0.0143
0.0143
0.0143
0.0143
0.0143
0.0143
0.0143
0.0143
0.0144
0.0144
0.0144
0.0144
0.0144
0.0144
0.0144
0.0144
0.0144
0.0144
0.0144
0.0144
0.0144
0.0144
0.0144
0.0144
0.0144
0.0144
0.0144
0.0144
0.0144
0.0144
0.0144
0.0144
0.0144
0.0144
0.0144
0.0144
0.0144
0.0144
0.0144
0.0144
0.0144
0.0144
0.0144
0.0144
0.0144
0.0144
0.0144
0.0144
0.0144
0.0144
0.0144
0.0190
0.0190
0.0190
0.0190
0.0190
0.0190
0.0190
0.0190
0.0190
0.0190
0.0190
0.0190
0.0190
0.0190
0.0190
0.0190
0.0190
0.0190
0.0190
0.0190
0.0190
0.0190
0.0190
0.0190
0.0190
0.0190
0.0190
0.0190
0.0190
0.0190
0.0190
0.0190
0.0190
0.0190
0.0190
0.0190
0.0190
0.0190
0.0190
0.0190
0.0190
0.0189
0.0189
0.0189
0.0189
0.0189
0.0189
0.0189
0.0189
0.0189
0.0189
0.0189
0.0189
0.0189
0.0190
0.0190
0.0192
0.0193
0.0194
0.0195
0.0195
0.0195
0.0194
0.0192
0.0191
0.0190
0.0189
0.0189
0.0189
0.0188
0.0189
0.0189
0.0189
0.0189
0.0189
0.0189
0.0189
0.0189
0.0189
0.0189
0.0190
0.0190
0.0190
0.0190
0.0190
0.0190
0.0190
0.0190
0.0190
0.0190
0.0190
0.0190
0.0190
0.0190
0.0190
0.0190
0.0190
0.0190
0.0190
0.0190
0.0190
0.0190
0.0190
0.0190
0.0190
0.0190
0.0190
0.0190
0.0190
0.0190
0.0190
0.0190
0.0190
0.0190
0.0190
0.0190
0.0190
0.0190
0.0190
0.0190
0.0229
0.0229
0.0229
0.0229
0.0229
0.0229
0.0229
0.0229
0.0229
0.0229
0.0229
0.0229
0.0229
0.0229
0.0229
0.0229
0.0229
0.0229
0.0229
0.0229
0.0229
0.0229
0.0229
0.0229
0.0229
0.0229
0.0229
0.0229
0.0229
0.0229
0.0229
0.0229
0.0229
0.0229
0.0229
0.0229
0.0229
0.0229
0.0229
0.0229
0.0229
0.0229
0.0229
0.0229
0.0228
0.0228
0.0228
0.0228
0.0228
0.0228
0.0227
0.0227
0.0227
0.0228
0.0228
0.0230
0.0231
0.0233
0.0234
0.0235
0.0235
0.0235
0.0234
0.0232
0.0230
0.0229
0.0228
0.0227
0.0227
0.0227
0.0227
0.0228
0.0228
0.0228
0.0228
0.0228
0.0228
0.0229
0.0229
0.0229
0.0229
0.0229
0.0229
0.0229
0.0229
0.0229
0.0229
0.0229
0.0229
0.0229
0.0229
0.0229
0.0229
0.0229
0.0229
0.0229
0.0229
0.0229
0.0229
0.0229
0.0229
0.0229
0.0229
0.0229
0.0229
0.0229
0.0229
0.0229
0.0229
0.0229
0.0229
0.0229
0.0229
0.0229
0.0229
0.0229
0.0229
0.0229
0.0229
0.0229
0.0262
0.0262
0.0262
0.0262
0.0262
0.0262
0.0262
0.0262
0.0262
0.0262
0.0262
0.0262
0.0262
0.0262
0.0262
0.0262
0.0262
0.0262
0.0262
0.0262
0.0262
0.0262
0.0262
0.0262
0.0262
0.0262
0.0262
0.0262
0.0262
0.0262
0.0262
0.0262
0.0262
0.0262
0.0262
0.0262
0.0262
0.0262
0.0262
0.0262
0.0262
0.0261
0.0261
0.0261
0.0261
0.0261
0.0261
0.0260
0.0260
0.0260
0.0260
0.0259
0.0259
0.0259
0.0260
0.0261
0.0262
0.0263
0.0264
0.0264
0.0265
0.0264
0.0264
0.0263
0.0262
0.0260
0.0259
0.0259
0.0259
0.0260
0.0260
0.0260
0.0260
0.0261
0.0261
0.0261
0.0261
0.0261
0.0261
0.0262
0.0262
0.0262
0.0262
0.0262
0.0262
0.0262
0.0262
0.0262
0.0262
0.0262
0.0262
0.0262
0.0262
0.0262
0.0262
0.0262
0.0262
0.0262
0.0262
0.0262
0.0262
0.0262
0.0262
0.0262
0.0262
0.0262
0.0262
0.0262
0.0262
0.0262
0.0262
0.0262
0.0262
0.0262
0.0262
0.0262
0.0262
0.0262
0.0262
0.0262
0.0288
0.0288
0.0288
0.0288
0.0288
0.0288
0.0288
0.0288
0.0288
0.0288
0.0288
0.0288
0.0288
0.0288
0.0288
0.0288
0.0288
0.0288
0.0288
0.0288
0.0288
0.0288
0.0288
0.0288
0.0288
0.0288
0.0288
0.0288
0.0288
0.0288
0.0288
0.0288
0.0288
0.0288
0.0288
0.0288
0.0288
0.0288
0.0288
0.0288
0.0288
0.0288
0.0288
0.0287
0.0287
0.0287
0.0287
0.0286
0.0286
0.0286
0.0285
0.0285
0.0284
0.0284
0.0284
0.0285
0.0285
0.0285
0.0286
0.0286
0.0286
0.0286
0.0286
0.0285
0.0285
0.0284
0.0284
0.0284
0.0285
0.0285
0.0286
0.0286
0.0286
0.0287
0.0287
0.0287
0.0287
0.0287
0.0288
0.0288
0.0288
0.0288
0.0288
0.0288
0.0288
0.0288
0.0288
0.0288
0.0288
0.0288
0.0288
0.0288
0.0288
0.0288
0.0288
0.0288
0.0288
0.0288
0.0288
0.0288
0.0288
0.0288
0.0288
0.0288
0.0288
0.0288
0.0288
0.0288
0.0288
0.0288
0.0288
0.0288
0.0288
0.0288
0.0288
0.0288
0.0288
0.0288
0.0288
0.0288
0.0308
0.0308
0.0308
0.0308
0.0308
0.0308
0.0308
0.0308
0.0308
0.0308
0.0308
0.0308
0.0308
0.0308
0.0308
0.0308
0.0308
0.0308
0.0308
0.0308
0.0308
0.0308
0.0308
0.0308
0.0308
0.0308
0.0308
0.0308
0.0308
0.0308
0.0308
0.0308
0.0308
0.0308
0.0308
0.0308
0.0308
0.0308
0.0308
0.0308
0.0307
0.0307
0.0307
0.0307
0.0307
0.0306
0.0306
0.0306
0.0305
0.0305
0.0304
0.0304
0.0303
0.0302
0.0301
0.0301
0.0301
0.0301
0.0301
0.0301
0.0301
0.0301
0.0301
0.0301
0.0301
0.0301
0.0301
0.0302
0.0303
0.0304
0.0305
0.0305
0.0306
0.0306
0.0306
0.0307
0.0307
0.0307
0.0307
0.0307
0.0307
0.0308
0.0308
0.0308
0.0308
0.0308
0.0308
0.0308
0.0308
0.0308
0.0308
0.0308
0.0308
0.0308
0.0308
0.0308
0.0308
0.0308
0.0308
0.0308
0.0308
0.0308
0.0308
0.0308
0.0308
0.0308
0.0308
0.0308
0.0308
0.0308
0.0308
0.0308
0.0308
0.0308
0.0308
0.0308
0.0308
0.0308
0.0308
0.0308
0.0321
0.0321
0.0321
0.0321
0.0321
0.0321
0.0321
0.0321
0.0321
0.0321
0.0321
0.0321
0.0321
0.0321
0.0321
0.0321
0.0321
0.0321
0.0321
0.0321
0.0321
0.0321
0.0321
0.0321
0.0321
0.0321
0.0321
0.0321
0.0321
0.0321
0.0321
0.0321
0.0321
0.0321
0.0321
0.0321
0.0321
0.0321
0.0321
0.0321
0.0321
0.0320
0.0320
0.0320
0.0320
0.0320
0.0319
0.0319
0.0318
0.0318
0.0317
0.0316
0.0315
0.0313
0.0312
0.0311
0.0311
0.0311
0.0311
0.0311
0.0311
0.0311
0.0311
0.0311
0.0311
0.0312
0.0313
0.0314
0.0316
0.0317
0.0317
0.0318
0.0319
0.0319
0.0319
0.0320
0.0320
0.0320
0.0320
0.0320
0.0321
0.0321
0.0321
0.0321
0.0321
0.0321
0.0321
0.0321
0.0321
0.0321
0.0321
0.0321
0.0321
0.0321
0.0321
0.0321
0.0321
0.0321
0.0321
0.0321
0.0321
0.0321
0.0321
0.0321
0.0321
0.0321
0.0321
0.0321
0.0321
0.0321
0.0321
0.0321
0.0321
0.0321
0.0321
0.0321
0.0321
0.0321
0.0321
0.0321
0.0328
0.0328
0.0328
0.0328
0.0328
0.0328
0.0328
0.0328
0.0328
0.0328
0.0328
0.0328
0.0328
0.0328
0.0328
0.0328
0.0328
0.0328
0.0328
0.0328
0.0328
0.0328
0.0328
0.0328
0.0328
0.0328
0.0328
0.0328
0.0328
0.0328
0.0328
0.0328
0.0328
0.0328
0.0328
0.0328
0.0327
0.0327
0.0327
0.0327
0.0327
0.0327
0.0327
0.0327
0.0326
0.0326
0.0326
0.0325
0.0325
0.0324
0.0323
0.0322
0.0321
0.0319
0.0317
0.0317
0.0316
0.0316
0.0316
0.0316
0.0316
0.0316
0.0316
0.0316
0.0317
0.0317
0.0318
0.0320
0.0322
0.0323
0.0324
0.0325
0.0325
0.0326
0.0326
0.0326
0.0326
0.0327
0.0327
0.0327
0.0327
0.0327
0.0327
0.0327
0.0327
0.0328
0.0328
0.0328
0.0328
0.0328
0.0328
0.0328
0.0328
0.0328
0.0328
0.0328
0.0328
0.0328
0.0328
0.0328
0.0328
0.0328
0.0328
0.0328
0.0328
0.0328
0.0328
0.0328
0.0328
0.0328
0.0328
0.0328
0.0328
0.0328
0.0328
0.0328
0.0328
0.0328
0.0328
0.0328
0.0328
0.0328
0.0328
0.0328
0.0328
0.0328
0.0328
0.0328
0.0328
0.0328
0.0328
0.0328
0.0328
0.0328
0.0328
0.0328
0.0328
0.0328
0.0328
0.0328
0.0328
0.0328
0.0328
0.0328
0.0328
0.0328
0.0328
0.0328
0.0328
0.0328
0.0328
0.0328
0.0328
0.0328
0.0328
0.0328
0.0327
0.0327
0.0327
0.0327
0.0327
0.0327
0.0327
0.0327
0.0326
0.0326
0.0326
0.0325
0.0325
0.0324
0.0323
0.0322
0.0321
0.0319
0.0317
0.0317
0.0316
0.0316
0.0316
0.0316
0.0316
0.0316
0.0316
0.0316
0.0317
0.0317
0.0318
0.0320
0.0322
0.0323
0.0324
0.0325
0.0325
0.0326
0.0326
0.0326
0.0326
0.0327
0.0327
0.0327
0.0327
0.0327
0.0327
0.0327
0.0327
0.0328
0.0328
0.0328
0.0328
0.0328
0.0328
0.0328
0.0328
0.0328
0.0328
0.0328
0.0328
0.0328
0.0328
0.0328
0.0328
0.0328
0.0328
0.0328
0.0328
0.0328
0.0328
0.0328
0.0328
0.0328
0.0328
0.0328
0.0328
0.0328
0.0328
0.0328
0.0328
0.0328
0.0328
0.0328
0.0321
0.0321
0.0321
0.0321
0.0321
0.0321
0.0321
0.0321
0.0321
0.0321
0.0321
0.0321
0.0321
0.0321
0.0321
0.0321
0.0321
0.0321
0.0321
0.0321
0.0321
0.0321
0.0321
0.0321
0.0321
0.0321
0.0321
0.0321
0.0321
0.0321
0.0321
0.0321
0.0321
0.0321
0.0321
0.0321
0.0321
0.0321
0.0321
0.0321
0.0321
0.0320
0.0320
0.0320
0.0320
0.0320
0.0319
0.0319
0.0318
0.0318
0.0317
0.0316
0.0315
0.0313
0.0312
0.0311
0.0311
0.0311
0.0311
0.0311
0.0311
0.0311
0.0311
0.0311
0.0311
0.0312
0.0313
0.0314
0.0316
0.0317
0.0317
0.0318
0.0319
0.0319
0.0319
0.0320
0.0320
0.0320
0.0320
0.0320
0.0321
0.0321
0.0321
0.0321
0.0321
0.0321
0.0321
0.0321
0.0321
0.0321
0.0321
0.0321
0.0321
0.0321
0.0321
0.0321
0.0321
0.0321
0.0321
0.0321
0.0321
0.0321
0.0321
0.0321
0.0321
0.0321
0.0321
0.0321
0.0321
0.0321
0.0321
0.0321
0.0321
0.0321
0.0321
0.0321
0.0321
0.0321
0.0321
0.0321
0.0308
0.0308
0.0308
0.0308
0.0308
0.0308
0.0308
0.0308
0.0308
0.0308
0.0308
0.0308
0.0308
0.0308
0.0308
0.0308
0.0308
0.0308
0.0308
0.0308
0.0308
0.0308
0.0308
0.0308
0.0308
0.0308
0.0308
0.0308
0.0308
0.0308
0.0308
0.0308
0.0308
0.0308
0.0308
0.0308
0.0308
0.0308
0.0308
0.0308
0.0307
0.0307
0.0307
0.0307
0.0307
0.0306
0.0306
0.0306
0.0305
0.0305
0.0304
0.0304
0.0303
0.0302
0.0301
0.0301
0.0301
0.0301
0.0301
0.0301
0.0301
0.0301
0.0301
0.0301
0.0301
0.0301
0.0301
0.0302
0.0303
0.0304
0.0305
0.0305
0.0306
0.0306
0.0306
0.0307
0.0307
0.0307
0.0307
0.0307
0.0307
0.0308
0.0308
0.0308
0.0308
0.0308
0.0308
0.0308
0.0308
0.0308
0.0308
0.0308
0.0308
0.0308
0.0308
0.0308
0.0308
0.0308
0.0308
0.0308
0.0308
0.0308
0.0308
0.0308
0.0308
0.0308
0.0308
0.0308
0.0308
0.0308
0.0308
0.0308
0.0308
0.0308
0.0308
0.0308
0.0308
0.0308
0.0308
0.0308
0.0288
0.0288
0.0288
0.0288
0.0288
0.0288
0.0288
0.0288
0.0288
0.0288
0.0288
0.0288
0.0288
0.0288
0.0288
0.0288
0.0288
0.0288
0.0288
0.0288
0.0288
0.0288
0.0288
0.0288
0.0288
0.0288
0.0288
0.0288
0.0288
0.0288
0.0288
0.0288
0.0288
0.0288
0.0288
0.0288
0.0288
0.0288
0.0288
0.0288
0.0288
0.0288
0.0288
0.0287
0.0287
0.0287
0.0287
0.0286
0.0286
0.0286
0.0285
0.0285
0.0284
0.0284
0.0284
0.0285
0.0285
0.0285
0.0286
0.0286
0.0286
0.0286
0.0286
0.0285
0.0285
0.0284
0.0284
0.0284
0.0285
0.0285
0.0286
0.0286
0.0286
0.0287
0.0287
0.0287
0.0287
0.0287
0.0288
0.0288
0.0288
0.0288
0.0288
0.0288
0.0288
0.0288
0.0288
0.0288
0.0288
0.0288
0.0288
0.0288
0.0288
0.0288
0.0288
0.0288
0.0288
0.0288
0.0288
0.0288
0.0288
0.0288
0.0288
0.0288
0.0288
0.0288
0.0288
0.0288
0.0288
0.0288
0.0288
0.0288
0.0288
0.0288
0.0288
0.0288
0.0288
0.0288
0.0288
0.0288
0.0262
0.0262
0.0262
0.0262
0.0262
0.0262
0.0262
0.0262
0.0262
0.0262
0.0262
0.0262
0.0262
0.0262
0.0262
0.0262
0.0262
0.0262
0.0262
0.0262
0.0262
0.0262
0.0262
0.0262
0.0262
0.0262
0.0262
0.0262
0.0262
0.0262
0.0262
0.0262
0.0262
0.0262
0.0262
0.0262
0.0262
0.0262
0.0262
0.0262
0.0262
0.0261
0.0261
0.0261
0.0261
0.0261
0.0261
0.0260
0.0260
0.0260
0.0260
0.0259
0.0259
0.0259
0.0260
0.0261
0.0262
0.0263
0.0264
0.0264
0.0265
0.0264
0.0264
0.0263
0.0262
0.0260
0.0260
0.0259
0.0259
0.0260
0.0260
0.0260
0.0260
0.0261
0.0261
0.0261
0.0261
0.0261
0.0261
0.0262
0.0262
0.0262
0.0262
0.0262
0.0262
0.0262
0.0262
0.0262
0.0262
0.0262
0.0262
0.0262
0.0262
0.0262
0.0262
0.0262
0.0262
0.0262
0.0262
0.0262
0.0262
0.0262
0.0262
0.0262
0.0262
0.0262
0.0262
0.0262
0.0262
0.0262
0.0262
0.0262
0.0262
0.0262
0.0262
0.0262
0.0262
0.0262
0.0262
0.0262
0.0229
0.0229
0.0229
0.0229
0.0229
0.0229
0.0229
0.0229
0.0229
0.0229
0.0229
0.0229
0.0229
0.0229
0.0229
0.0229
0.0229
0.0229
0.0229
0.0229
0.0229
0.0229
0.0229
0.0229
0.0229
0.0229
0.0229
0.0229
0.0229
0.0229
0.0229
0.0229
0.0229
0.0229
0.0229
0.0229
0.0229
0.0229
0.0229
0.0229
0.0229
0.0229
0.0229
0.0229
0.0228
0.0228
0.0228
0.0228
0.0228
0.0228
0.0227
0.0227
0.0227
0.0228
0.0228
0.0230
0.0231
0.0233
0.0235
0.0235
0.0235
0.0235
0.0234
0.0232
0.0230
0.0229
0.0228
0.0227
0.0227
0.0227
0.0227
0.0228
0.0228
0.0228
0.0228
0.0228
0.0228
0.0229
0.0229
0.0229
0.0229
0.0229
0.0229
0.0229
0.0229
0.0229
0.0229
0.0229
0.0229
0.0229
0.0229
0.0229
0.0229
0.0229
0.0229
0.0229
0.0229
0.0229
0.0229
0.0229
0.0229
0.0229
0.0229
0.0229
0.0229
0.0229
0.0229
0.0229
0.0229
0.0229
0.0229
0.0229
0.0229
0.0229
0.0229
0.0229
0.0229
0.0229
0.0229
0.0229
0.0190
0.0190
0.0190
0.0190
0.0190
0.0190
0.0190
0.0190
0.0190
0.0190
0.0190
0.0190
0.0190
0.0190
0.0190
0.0190
0.0190
0.0190
0.0190
0.0190
0.0190
0.0190
0.0190
0.0190
0.0190
0.0190
0.0190
0.0190
0.0190
0.0190
0.0190
0.0190
0.0190
0.0190
0.0190
0.0190
0.0190
0.0190
0.0190
0.0190
0.0190
0.0189
0.0189
0.0189
0.0189
0.0189
0.0189
0.0189
0.0189
0.0189
0.0189
0.0189
0.0189
0.0189
0.0190
0.0190
0.0192
0.0193
0.0194
0.0195
0.0195
0.0195
0.0194
0.0192
0.0191
0.0190
0.0189
0.0189
0.0189
0.0188
0.0189
0.0189
0.0189
0.0189
0.0189
0.0189
0.0189
0.0189
0.0189
0.0189
0.0190
0.0190
0.0190
0.0190
0.0190
0.0190
0.0190
0.0190
0.0190
0.0190
0.0190
0.0190
0.0190
0.0190
0.0190
0.0190
0.0190
0.0190
0.0190
0.0190
0.0190
0.0190
0.0190
0.0190
0.0190
0.0190
0.0190
0.0190
0.0190
0.0190
0.0190
0.0190
0.0190
0.0190
0.0190
0.0190
0.0190
0.0190
0.0190
0.0190
0.0144
0.0144
0.0144
0.0144
0.0144
0.0144
0.0144
0.0144
0.0144
0.0144
0.0144
0.0144
0.0144
0.0144
0.0144
0.0144
0.0144
0.0144
0.0144
0.0144
0.0144
0.0144
0.0144
0.0144
0.0144
0.0144
0.0144
0.0144
0.0144
0.0144
0.0144
0.0144
0.0144
0.0144
0.0144
0.0144
0.0144
0.0144
0.0144
0.0144
0.0144
0.0144
0.0144
0.0143
0.0143
0.0143
0.0143
0.0143
0.0143
0.0143
0.0143
0.0143
0.0143
0.0143
0.0144
0.0144
0.0145
0.0146
0.0147
0.0147
0.0148
0.0147
0.0146
0.0146
0.0145
0.0144
0.0144
0.0143
0.0143
0.0143
0.0143
0.0143
0.0143
0.0143
0.0143
0.0143
0.0143
0.0144
0.0144
0.0144
0.0144
0.0144
0.0144
0.0144
0.0144
0.0144
0.0144
0.0144
0.0144
0.0144
0.0144
0.0144
0.0144
0.0144
0.0144
0.0144
0.0144
0.0144
0.0144
0.0144
0.0144
0.0144
0.0144
0.0144
0.0144
0.0144
0.0144
0.0144
0.0144
0.0144
0.0144
0.0144
0.0144
0.0144
0.0144
0.0144
0.0144
0.0144
0.0144
0.0144
0.0091
0.0091
0.0091
0.0091
0.0091
0.0091
0.0091
0.0091
0.0091
0.0091
0.0091
0.0091
0.0091
0.0091
0.0091
0.0091
0.0091
0.0091
0.0091
0.0091
0.0091
0.0091
0.0091
0.0091
0.0091
0.0091
0.0091
0.0091
0.0091
0.0091
0.0091
0.0091
0.0091
0.0091
0.0091
0.0091
0.0091
0.0091
0.0091
0.0091
0.0091
0.0091
0.0091
0.0091
0.0091
0.0091
0.0091
0.0091
0.0091
0.0091
0.0091
0.0091
0.0091
0.0091
0.0091
0.0092
0.0092
0.0093
0.0093
0.0093
0.0093
0.0093
0.0093
0.0092
0.0092
0.0092
0.0091
0.0091
0.0091
0.0091
0.0091
0.0091
0.0091
0.0091
0.0091
0.0091
0.0091
0.0091
0.0091
0.0091
0.0091
0.0091
0.0091
0.0091
0.0091
0.0091
0.0091
0.0091
0.0091
0.0091
0.0091
0.0091
0.0091
0.0091
0.0091
0.0091
0.0091
0.0091
0.0091
0.0091
0.0091
0.0091
0.0091
0.0091
0.0091
0.0091
0.0091
0.0091
0.0091
0.0091
0.0091
0.0091
0.0091
0.0091
0.0091
0.0091
0.0091
0.0091
0.0091
0.0091
0.0032
0.0032
0.0032
0.0032
0.0032
0.0032
0.0032
0.0032
0.0032
0.0032
0.0032
0.0032
0.0032
0.0032
0.0032
0.0032
0.0032
0.0032
0.0032
0.0032
0.0032
0.0032
0.0032
0.0032
0.0032
0.0032
0.0032
0.0032
0.0032
0.0032
0.0032
0.0032
0.0032
0.0032
0.0032
0.0032
0.0032
0.0032
0.0032
0.0032
0.0032
0.0032
0.0032
0.0032
0.0032
0.0032
0.0032
0.0032
0.0032
0.0032
0.0032
0.0032
0.0032
0.0032
0.0032
0.0032
0.0033
0.0033
0.0033
0.0033
0.0033
0.0033
0.0033
0.0033
0.0032
0.0032
0.0032
0.0032
0.0032
0.0032
0.0032
0.0032
0.0032
0.0032
0.0032
0.0032
0.0032
0.0032
0.0032
0.0032
0.0032
0.0032
0.0032
0.0032
0.0032
0.0032
0.0032
0.0032
0.0032
0.0032
0.0032
0.0032
0.0032
0.0032
0.0032
0.0032
0.0032
0.0032
0.0032
0.0032
0.0032
0.0032
0.0032
0.0032
0.0032
0.0032
0.0032
0.0032
0.0032
0.0032
0.0032
0.0032
0.0032
0.0032
0.0032
0.0032
0.0032
0.0032
0.0032
0.0032
