10000  0.2721  10  3.7000  45.4524  0.0455
20000  0.2941  11  3.6364  44.2963  0.0443
30000  0.3235  12  3.6667  45.7523  0.0458
40000  0.3750  13  3.9231  49.8262  0.0498
50000  0.3750  13  3.9231  49.7916  0.0498
60000  0.3750  13  3.9231  49.4789  0.0495
70000  0.3750  13  3.9231  49.6893  0.0497
80000  0.3750  13  3.9231  49.8028  0.0498
90000  0.3897  13  4.0769  52.1984  0.0522
100000  0.4118  14  4.0000  50.8270  0.0508
110000  0.4118  14  4.0000  50.7984  0.0508
120000  0.4412  15  4.0000  50.8399  0.0508
130000  0.4118  14  4.0000  50.2953  0.0503
140000  0.4118  14  4.0000  50.2675  0.0503
150000  0.4485  14  4.3571  56.3268  0.0563
160000  0.4118  14  4.0000  50.1765  0.0502
170000  0.4118  14  4.0000  50.1513  0.0502
180000  0.4632  14  4.5000  58.6202  0.0586
190000  0.4118  12  4.6667  60.1426  0.0601
200000  0.4118  12  4.6667  60.1052  0.0601
210000  0.4485  12  5.0833  66.9930  0.0670
220000  0.4779  14  4.6429  59.6066  0.0596
230000  0.4779  13  5.0000  65.2771  0.0653
240000  0.5882  16  5.0000  65.6493  0.0656
250000  0.5515  15  5.0000  65.1107  0.0651
260000  0.5588  15  5.0667  66.0071  0.0660
270000  0.6250  15  5.6667  76.1714  0.0762
280000  0.6691  16  5.6875  75.7829  0.0758
290000  0.6985  17  5.5882  74.3094  0.0743
300000  0.7206  17  5.7647  76.3884  0.0764
310000  0.7132  17  5.7059  75.4119  0.0754
320000  0.7353  17  5.8824  77.7680  0.0778
330000  0.7426  17  5.9412  78.8663  0.0789
340000  0.7353  18  5.5556  72.0054  0.0720
350000  0.7353  18  5.5556  71.9414  0.0719
360000  0.7206  17  5.7647  74.9623  0.0750
370000  0.7206  17  5.7647  74.3399  0.0743
380000  0.7279  17  5.8235  75.1925  0.0752
390000  0.7500  17  6.0000  78.5533  0.0786
400000  0.7721  17  6.1765  81.1459  0.0811
410000  0.7868  17  6.2941  82.9103  0.0829
420000  0.7868  17  6.2941  82.7621  0.0828
430000  0.7941  16  6.7500  90.0020  0.0900
440000  0.7941  16  6.7500  89.9422  0.0899
450000  0.7941  16  6.7500  89.8034  0.0898
460000  0.7941  15  7.2000  96.6978  0.0967
470000  0.8235  16  7.0000  93.2799  0.0933
480000  0.8456  17  6.7647  89.2104  0.0892
490000  0.8456  16  7.1875  95.8428  0.0958
500000  0.8676  17  6.9412  91.6861  0.0917
510000  0.8676  16  7.3750  98.2201  0.0982
520000  0.8603  16  7.3125  96.7878  0.0968
530000  0.8603  16  7.3125  96.7431  0.0967
540000  0.8750  16  7.4375  99.2395  0.0992
550000  0.8676  16  7.3750  97.8122  0.0978
560000  0.8750  16  7.4375  98.6464  0.0986
570000  0.8971  16  7.6250  101.5539  0.1016
580000  0.8897  16  7.5625  100.1213  0.1001
590000  0.8971  16  7.6250  100.9327  0.1009
600000  0.9044  16  7.6875  102.1663  0.1022
610000  0.9118  14  8.8571  119.4950  0.1195
620000  0.9118  13  9.5385  129.6479  0.1296
630000  0.9044  13  9.4615  127.9815  0.1280
640000  0.9338  12  10.5833  144.3885  0.1444
650000  0.9412  13  9.8462  133.2723  0.1333
660000  0.9412  11  11.6364  159.8997  0.1599
670000  0.9485  11  11.7273  161.0686  0.1611
680000  0.9485  10  12.9000  178.8741  0.1789
690000  0.9485  10  12.9000  178.8809  0.1789
700000  0.9559  10  13.0000  178.4919  0.1785
710000  0.9559  10  13.0000  178.4576  0.1785
720000  0.9559  9  14.4444  200.5852  0.2006
730000  0.9559  10  13.0000  178.1645  0.1782
740000  0.9559  10  13.0000  178.1324  0.1781
750000  0.9559  10  13.0000  178.1241  0.1781
760000  0.9559  9  14.4444  199.0941  0.1991
770000  0.9559  9  14.4444  199.0644  0.1991
780000  0.9559  9  14.4444  199.0586  0.1991
790000  0.9559  9  14.4444  198.7899  0.1988
800000  0.9559  9  14.4444  198.7632  0.1988
810000  0.9632  9  14.5556  200.2518  0.2003
820000  0.9632  9  14.5556  199.9924  0.2000
830000  0.9632  9  14.5556  199.9744  0.2000
840000  0.9632  9  14.5556  199.9781  0.2000
850000  0.9632  9  14.5556  199.7336  0.1997
860000  0.9632  9  14.5556  199.7184  0.1997
870000  0.9632  8  16.3750  226.3075  0.2263
880000  0.9632  7  18.7143  260.3685  0.2604
890000  0.9632  7  18.7143  260.3375  0.2603
900000  0.9632  7  18.7143  260.3557  0.2604
910000  0.9632  7  18.7143  260.0890  0.2601
920000  0.9632  7  18.7143  260.0626  0.2601
930000  0.9632  7  18.7143  260.0901  0.2601
940000  0.9632  7  18.7143  259.8471  0.2598
950000  0.9632  7  18.7143  259.8317  0.2598
960000  0.9706  7  18.8571  262.8274  0.2628
970000  0.9706  7  18.8571  262.6347  0.2626
980000  0.9779  7  19.0000  264.5508  0.2646
990000  0.9779  6  22.1667  310.7217  0.3107
1000000  0.9853  5  26.8000  378.3511  0.3784
1010000  0.9853  5  26.8000  378.3062  0.3783
1020000  0.9853  5  26.8000  378.1819  0.3782
1030000  0.9853  4  33.5000  476.3454  0.4763
1040000  0.9853  4  33.5000  476.2944  0.4763
1050000  0.9926  4  33.7500  479.6284  0.4796
1060000  0.9926  4  33.7500  479.5262  0.4795
1070000  0.9926  4  33.7500  482.8857  0.4829
1080000  0.9926  4  33.7500  482.7539  0.4828
1090000  0.9926  4  33.7500  482.6916  0.4827
1100000  1.0000  4  34.0000  486.3548  0.4864
1110000  1.0000  4  34.0000  486.2942  0.4863
1120000  1.0000  4  34.0000  486.2085  0.4862
1130000  1.0000  4  34.0000  486.1924  0.4862
1140000  1.0000  4  34.0000  486.1591  0.4862
1150000  1.0000  3  45.3333  652.9751  0.6530
1160000  1.0000  3  45.3333  652.9616  0.6530
1170000  1.0000  3  45.3333  652.9747  0.6530
1180000  1.0000  3  45.3333  652.8691  0.6529
1190000  1.0000  3  45.3333  652.8641  0.6529
1200000  1.0000  3  45.3333  652.9010  0.6529
1210000  1.0000  3  45.3333  652.8093  0.6528
1220000  1.0000  3  45.3333  652.8106  0.6528
1230000  1.0000  3  45.3333  652.8650  0.6529
1240000  1.0000  3  45.3333  652.7819  0.6528
1250000  1.0000  3  45.3333  652.7873  0.6528
1260000  1.0000  3  45.3333  652.8555  0.6529
1270000  1.0000  3  45.3333  652.7776  0.6528
1280000  1.0000  3  45.3333  652.7858  0.6528
1290000  1.0000  3  45.3333  652.8644  0.6529
1300000  1.0000  3  45.3333  652.7899  0.6528
1310000  1.0000  3  45.3333  652.7993  0.6528
1320000  1.0000  2  68.0000  989.8071  0.9898
1330000  1.0000  3  45.3333  652.8141  0.6528
1340000  1.0000  3  45.3333  652.8247  0.6528
1350000  1.0000  2  68.0000  989.8240  0.9898
1360000  1.0000  3  45.3333  652.8472  0.6528
1370000  1.0000  3  45.3333  652.8588  0.6529
1380000  1.0000  2  68.0000  1000.3398  1.0003
1390000  1.0000  2  68.0000  989.7951  0.9898
1400000  1.0000  2  68.0000  989.7973  0.9898
1410000  1.0000  2  68.0000  1000.3133  1.0003
1420000  1.0000  2  68.0000  1000.3022  1.0003
1430000  1.0000  2  68.0000  1000.2990  1.0003
1440000  1.0000  2  68.0000  1000.2924  1.0003
1450000  1.0000  2  68.0000  1000.2830  1.0003
1460000  1.0000  2  68.0000  1000.2807  1.0003
1470000  1.0000  2  68.0000  1000.2760  1.0003
1480000  1.0000  2  68.0000  1000.2679  1.0003
1490000  1.0000  2  68.0000  1000.2663  1.0003
1500000  1.0000  2  68.0000  1000.2623  1.0003
1510000  1.0000  2  68.0000  1000.2551  1.0003
1520000  1.0000  2  68.0000  1000.2535  1.0003
1530000  1.0000  2  68.0000  1000.2504  1.0003
1540000  1.0000  2  68.0000  1000.2441  1.0002
1550000  1.0000  2  68.0000  1000.2429  1.0002
1560000  1.0000  2  68.0000  1000.2404  1.0002
1570000  1.0000  2  68.0000  1000.2350  1.0002
1580000  1.0000  2  68.0000  1000.2334  1.0002
1590000  1.0000  2  68.0000  1000.2311  1.0002
1600000  1.0000  2  68.0000  1000.2264  1.0002
1610000  1.0000  2  68.0000  1000.2254  1.0002
1620000  1.0000  2  68.0000  1000.2231  1.0002
1630000  1.0000  2  68.0000  1000.2189  1.0002
1640000  1.0000  2  68.0000  1000.2178  1.0002
1650000  1.0000  2  68.0000  1000.2164  1.0002
1660000  1.0000  2  68.0000  1000.2123  1.0002
1670000  1.0000  2  68.0000  1000.2114  1.0002
1680000  1.0000  2  68.0000  1000.2097  1.0002
1690000  1.0000  2  68.0000  1000.2062  1.0002
1700000  1.0000  2  68.0000  1000.2056  1.0002
1710000  1.0000  2  68.0000  1000.2040  1.0002
1720000  1.0000  2  68.0000  1000.2009  1.0002
1730000  1.0000  2  68.0000  1000.2000  1.0002
1740000  1.0000  2  68.0000  1000.1985  1.0002
1750000  1.0000  2  68.0000  1000.1957  1.0002
1760000  1.0000  2  68.0000  1000.1951  1.0002
1770000  1.0000  2  68.0000  1000.1937  1.0002
1780000  1.0000  2  68.0000  1000.1912  1.0002
1790000  1.0000  2  68.0000  1000.1905  1.0002
1800000  1.0000  2  68.0000  1000.1893  1.0002
1810000  1.0000  2  68.0000  1000.1869  1.0002
1820000  1.0000  2  68.0000  1000.1863  1.0002
1830000  1.0000  2  68.0000  1000.1848  1.0002
1840000  1.0000  2  68.0000  1000.1830  1.0002
1850000  1.0000  2  68.0000  1000.1825  1.0002
1860000  1.0000  2  68.0000  1000.1813  1.0002
1870000  1.0000  2  68.0000  1000.1794  1.0002
1880000  1.0000  2  68.0000  1000.1788  1.0002
1890000  1.0000  2  68.0000  1000.1779  1.0002
1900000  1.0000  2  68.0000  1000.1761  1.0002
1910000  1.0000  2  68.0000  1000.1760  1.0002
1920000  1.0000  2  68.0000  1000.1746  1.0002
1930000  1.0000  2  68.0000  1000.1730  1.0002
1940000  1.0000  2  68.0000  1000.1727  1.0002
1950000  1.0000  2  68.0000  1000.1718  1.0002
1960000  1.0000  2  68.0000  1000.1704  1.0002
1970000  1.0000  2  68.0000  1000.1702  1.0002
1980000  1.0000  2  68.0000  1000.1689  1.0002
1990000  1.0000  2  68.0000  1000.1679  1.0002
2000000  1.0000  2  68.0000  1000.1675  1.0002
