1500  1.1630  1.1630  125.9026
3000  1.1628  1.1629  125.9216
4500  1.1631  1.1630  125.8925
6000  1.1634  1.1631  125.8521
7500  1.1639  1.1632  125.8029
9000  1.1642  1.1634  125.7716
10500  1.1645  1.1636  125.7410
12000  1.1644  1.1637  125.7488
13500  1.1639  1.1637  125.8010
15000  1.1630  1.1636  125.9000
16500  1.1624  1.1635  125.9684
18000  1.1617  1.1634  126.0450
19500  1.1609  1.1632  126.1260
21000  1.1605  1.1630  126.1767
22500  1.1600  1.1628  126.2295
24000  1.1597  1.1626  126.2595
25500  1.1598  1.1624  126.2450
27000  1.1599  1.1623  126.2331
28500  1.1599  1.1622  126.2335
30000  1.1608  1.1621  126.1372
31500  1.1612  1.1620  126.0913
33000  1.1616  1.1620  126.0550
34500  1.1619  1.1620  126.0216
36000  1.1618  1.1620  126.0256
37500  1.1617  1.1620  126.0452
39000  1.1617  1.1620  126.0380
40500  1.1615  1.1620  126.0608
42000  1.1613  1.1619  126.0876
43500  1.1616  1.1619  126.0567
45000  1.1615  1.1619  126.0598
46500  1.1615  1.1619  126.0616
48000  1.1615  1.1619  126.0681
49500  1.1615  1.1619  126.0633
51000  1.1616  1.1619  126.0489
52500  1.1615  1.1619  126.0634
54000  1.1610  1.1618  126.1144
55500  1.1609  1.1618  126.1262
57000  1.1609  1.1618  126.1325
58500  1.1607  1.1618  126.1451
60000  1.1611  1.1617  126.1042
61500  1.1614  1.1617  126.0775
63000  1.1613  1.1617  126.0798
64500  1.1615  1.1617  126.0579
66000  1.1618  1.1617  126.0335
67500  1.1616  1.1617  126.0484
69000  1.1616  1.1617  126.0508
70500  1.1617  1.1617  126.0450
72000  1.1615  1.1617  126.0619
73500  1.1609  1.1617  126.1234
75000  1.1609  1.1617  126.1312
76500  1.1606  1.1617  126.1616
78000  1.1601  1.1616  126.2130
79500  1.1600  1.1616  126.2284
81000  1.1599  1.1616  126.2360
82500  1.1597  1.1615  126.2550
84000  1.1597  1.1615  126.2617
85500  1.1599  1.1615  126.2421
87000  1.1599  1.1614  126.2380
88500  1.1598  1.1614  126.2470
90000  1.1598  1.1614  126.2484
91500  1.1595  1.1614  126.2759
93000  1.1593  1.1613  126.3014
94500  1.1588  1.1613  126.3593
96000  1.1586  1.1612  126.3837
97500  1.1582  1.1612  126.4210
99000  1.1579  1.1611  126.4574
100500  1.1585  1.1611  126.3913
102000  1.1592  1.1611  126.3118
103500  1.1601  1.1611  126.2174
105000  1.1611  1.1611  126.1037
106500  1.1619  1.1611  126.0158
108000  1.1620  1.1611  126.0043
109500  1.1618  1.1611  126.0353
111000  1.1616  1.1611  126.0469
112500  1.1612  1.1611  126.0955
114000  1.1606  1.1611  126.1638
115500  1.1602  1.1611  126.2027
117000  1.1596  1.1611  126.2655
118500  1.1593  1.1611  126.2971
120000  1.1594  1.1610  126.2883
121500  1.1594  1.1610  126.2875
123000  1.1588  1.1610  126.3543
124500  1.1588  1.1610  126.3606
126000  1.1588  1.1609  126.3517
127500  1.1592  1.1609  126.3140
129000  1.1588  1.1609  126.3535
130500  1.1583  1.1609  126.4104
132000  1.1581  1.1608  126.4299
133500  1.1581  1.1608  126.4305
135000  1.1582  1.1608  126.4243
136500  1.1585  1.1607  126.3932
138000  1.1588  1.1607  126.3559
139500  1.1590  1.1607  126.3314
141000  1.1594  1.1607  126.2888
142500  1.1592  1.1607  126.3133
144000  1.1588  1.1607  126.3560
145500  1.1584  1.1606  126.3964
147000  1.1583  1.1606  126.4069
148500  1.1582  1.1606  126.4237
150000  1.1580  1.1606  126.4436
151500  1.1576  1.1605  126.4870
153000  1.1574  1.1605  126.5101
154500  1.1577  1.1605  126.4742
156000  1.1582  1.1604  126.4224
157500  1.1581  1.1604  126.4280
159000  1.1581  1.1604  126.4347
160500  1.1585  1.1604  126.3916
162000  1.1586  1.1604  126.3836
163500  1.1587  1.1604  126.3708
165000  1.1585  1.1603  126.3899
166500  1.1579  1.1603  126.4599
168000  1.1574  1.1603  126.5104
169500  1.1569  1.1603  126.5640
171000  1.1566  1.1602  126.5955
172500  1.1566  1.1602  126.6023
174000  1.1564  1.1602  126.6193
175500  1.1564  1.1601  126.6188
177000  1.1567  1.1601  126.5871
178500  1.1573  1.1601  126.5246
180000  1.1577  1.1601  126.4795
181500  1.1582  1.1600  126.4264
183000  1.1585  1.1600  126.3882
184500  1.1583  1.1600  126.4079
186000  1.1579  1.1600  126.4510
187500  1.1579  1.1600  126.4576
189000  1.1580  1.1600  126.4399
190500  1.1587  1.1600  126.3732
192000  1.1590  1.1599  126.3378
193500  1.1591  1.1599  126.3237
195000  1.1594  1.1599  126.2962
196500  1.1596  1.1599  126.2685
198000  1.1596  1.1599  126.2750
199500  1.1594  1.1599  126.2871
201000  1.1598  1.1599  126.2527
202500  1.1596  1.1599  126.2747
204000  1.1591  1.1599  126.3292
205500  1.1583  1.1599  126.4136
207000  1.1578  1.1599  126.4622
208500  1.1579  1.1599  126.4593
210000  1.1582  1.1599  126.4277
211500  1.1588  1.1599  126.3520
213000  1.1592  1.1599  126.3117
214500  1.1594  1.1598  126.2898
216000  1.1597  1.1598  126.2570
217500  1.1599  1.1598  126.2343
219000  1.1604  1.1599  126.1794
220500  1.1612  1.1599  126.1002
222000  1.1615  1.1599  126.0591
223500  1.1611  1.1599  126.1011
225000  1.1605  1.1599  126.1730
226500  1.1604  1.1599  126.1794
228000  1.1606  1.1599  126.1635
229500  1.1607  1.1599  126.1501
231000  1.1607  1.1599  126.1493
232500  1.1602  1.1599  126.2088
234000  1.1595  1.1599  126.2839
235500  1.1590  1.1599  126.3390
237000  1.1584  1.1599  126.3959
238500  1.1584  1.1599  126.4006
240000  1.1587  1.1599  126.3636
241500  1.1590  1.1599  126.3385
243000  1.1589  1.1599  126.3488
244500  1.1587  1.1599  126.3650
246000  1.1587  1.1598  126.3702
247500  1.1592  1.1598  126.3093
249000  1.1595  1.1598  126.2831
250500  1.1592  1.1598  126.3179
252000  1.1591  1.1598  126.3193
253500  1.1587  1.1598  126.3691
255000  1.1581  1.1598  126.4330
256500  1.1582  1.1598  126.4214
258000  1.1587  1.1598  126.3637
259500  1.1592  1.1598  126.3143
261000  1.1592  1.1598  126.3141
262500  1.1600  1.1598  126.2309
264000  1.1608  1.1598  126.1410
265500  1.1613  1.1598  126.0885
267000  1.1610  1.1598  126.1146
268500  1.1608  1.1598  126.1352
270000  1.1606  1.1598  126.1647
271500  1.1597  1.1598  126.2584
273000  1.1592  1.1598  126.3096
274500  1.1589  1.1598  126.3457
276000  1.1587  1.1598  126.3647
277500  1.1588  1.1598  126.3621
279000  1.1586  1.1598  126.3746
280500  1.1585  1.1598  126.3912
282000  1.1579  1.1598  126.4526
283500  1.1576  1.1598  126.4916
285000  1.1568  1.1598  126.5741
286500  1.1562  1.1597  126.6427
288000  1.1561  1.1597  126.6560
289500  1.1562  1.1597  126.6391
291000  1.1565  1.1597  126.6121
292500  1.1566  1.1597  126.5963
294000  1.1563  1.1596  126.6293
295500  1.1560  1.1596  126.6660
297000  1.1562  1.1596  126.6413
298500  1.1567  1.1596  126.5883
300000  1.1570  1.1596  126.5582
