0  0  1.0000  0.0000  0.0000  59.5000  31.5000  61.5000  0.0000
2400  0  1.0000  -0.0000  -0.0006  59.5000  31.5013  61.5000  0.0013
4800  0  1.0000  -0.0001  -0.0045  59.4987  31.5051  61.5000  0.0051
7200  0  1.0000  -0.0002  -0.0098  59.4966  31.5090  61.5000  0.0090
9600  0  0.9999  -0.0003  -0.0153  59.4935  31.5125  61.4999  0.0125
12000  0  0.9998  -0.0004  -0.0208  59.4899  31.5158  61.5001  0.0158
14400  0  0.9997  -0.0005  -0.0261  59.4853  31.5186  61.5002  0.0186
16800  0  0.9995  -0.0006  -0.0315  59.4803  31.5211  61.5001  0.0211
19200  0  0.9993  -0.0007  -0.0369  59.4754  31.5232  61.5000  0.0232
21600  0  0.9991  -0.0008  -0.0424  59.4709  31.5250  61.4999  0.0250
24000  0  0.9988  -0.0010  -0.0481  59.4668  31.5266  61.4996  0.0266
26400  0  0.9985  -0.0011  -0.0539  59.4628  31.5279  61.4993  0.0279
28800  0  0.9982  -0.0012  -0.0599  59.4590  31.5290  61.4990  0.0290
31200  0  0.9978  -0.0014  -0.0660  59.4551  31.5298  61.4989  0.0298
33600  0  0.9974  -0.0016  -0.0722  59.4505  31.5304  61.4986  0.0305
36000  0  0.9969  -0.0017  -0.0787  59.4459  31.5310  61.4983  0.0310
38400  0  0.9964  -0.0019  -0.0853  59.4409  31.5313  61.4980  0.0314
40800  0  0.9957  -0.0020  -0.0922  59.4367  31.5314  61.4977  0.0315
43200  0  0.9950  -0.0022  -0.0995  59.4334  31.5314  61.4971  0.0315
45600  0  0.9942  -0.0023  -0.1071  59.4303  31.5312  61.4966  0.0313
48000  0  0.9933  -0.0025  -0.1152  59.4270  31.5308  61.4961  0.0311
50400  0  0.9923  -0.0027  -0.1237  59.4229  31.5303  61.4957  0.0306
52800  0  0.9912  -0.0030  -0.1326  59.4176  31.5297  61.4950  0.0301
55200  0  0.9898  -0.0032  -0.1421  59.4122  31.5289  61.4945  0.0294
57600  0  0.9883  -0.0034  -0.1522  59.4080  31.5279  61.4936  0.0286
60000  0  0.9866  -0.0037  -0.1632  59.4043  31.5267  61.4929  0.0276
62400  0  0.9846  -0.0039  -0.1750  59.4004  31.5252  61.4922  0.0264
64800  0  0.9822  -0.0042  -0.1878  59.3954  31.5237  61.4916  0.0251
67200  0  0.9795  -0.0046  -0.2016  59.3908  31.5220  61.4910  0.0238
69600  0  0.9762  -0.0049  -0.2167  59.3883  31.5199  61.4900  0.0223
72000  0  0.9724  -0.0052  -0.2334  59.3852  31.5176  61.4893  0.0206
74400  0  0.9678  -0.0056  -0.2518  59.3813  31.5150  61.4885  0.0189
76800  0  0.9623  -0.0060  -0.2721  59.3789  31.5121  61.4875  0.0174
79200  0  0.9555  -0.0064  -0.2950  59.3755  31.5088  61.4867  0.0160
81600  0  0.9471  -0.0069  -0.3209  59.3711  31.5052  61.4859  0.0150
84000  0  0.9366  -0.0074  -0.3504  59.3683  31.5010  61.4851  0.0150
86400  0  0.9232  -0.0079  -0.3842  59.3656  31.4963  61.4842  0.0162
88800  0  0.9059  -0.0084  -0.4235  59.3624  31.4912  61.4835  0.0187
91200  0  0.8830  -0.0089  -0.4693  59.3604  31.4850  61.4821  0.0233
93600  0  0.8523  -0.0096  -0.5230  59.3565  31.4782  61.4825  0.0279
96000  0  0.8102  -0.0102  -0.5861  59.3520  31.4705  61.4833  0.0339
98400  0  0.7516  -0.0107  -0.6595  59.3486  31.4615  61.4846  0.0415
100800  0  0.6692  -0.0111  -0.7430  59.3434  31.4508  61.4876  0.0507
103200  0  0.5538  -0.0110  -0.8325  59.3389  31.4376  61.4916  0.0629
105600  0  0.3967  -0.0098  -0.9179  59.3361  31.4213  61.4947  0.0789
108000  0  0.1959  -0.0073  -0.9806  59.3347  31.4012  61.4961  0.0989
110400  0  -0.0333  -0.0035  -0.9994  59.3339  31.3780  61.4968  0.1221
112800  0  -0.2595  0.0011  -0.9657  59.3339  31.3544  61.4975  0.1456
115200  0  -0.4520  0.0053  -0.8920  59.3341  31.3328  61.4976  0.1672
117600  0  -0.5987  0.0083  -0.8009  59.3334  31.3148  61.4966  0.1852
120000  0  -0.7036  0.0100  -0.7105  59.3301  31.3018  61.4932  0.1984
122400  0  -0.7774  0.0104  -0.6290  59.3230  31.2932  61.4883  0.2072
124800  0  -0.8294  0.0103  -0.5586  59.3153  31.2879  61.4842  0.2127
127200  0  -0.8666  0.0099  -0.4989  59.3038  31.2848  61.4802  0.2161
129600  0  -0.8938  0.0092  -0.4483  59.2947  31.2835  61.4772  0.2177
132000  0  -0.9142  0.0086  -0.4053  59.2850  31.2831  61.4751  0.2183
134400  0  -0.9297  0.0079  -0.3683  59.2753  31.2834  61.4728  0.2183
136800  0  -0.9417  0.0072  -0.3364  59.2652  31.2844  61.4710  0.2175
139200  0  -0.9512  0.0067  -0.3086  59.2533  31.2854  61.4689  0.2168
141600  0  -0.9588  0.0061  -0.2842  59.2435  31.2868  61.4674  0.2157
144000  0  -0.9649  0.0056  -0.2625  59.2340  31.2881  61.4662  0.2146
146400  0  -0.9700  0.0052  -0.2432  59.2235  31.2897  61.4647  0.2132
148800  0  -0.9742  0.0048  -0.2257  59.2142  31.2913  61.4638  0.2119
151200  0  -0.9777  0.0043  -0.2099  59.2027  31.2929  61.4625  0.2105
153600  0  -0.9807  0.0040  -0.1955  59.1906  31.2945  61.4616  0.2090
156000  0  -0.9832  0.0037  -0.1823  59.1807  31.2962  61.4612  0.2074
158400  0  -0.9854  0.0034  -0.1700  59.1704  31.2978  61.4609  0.2060
160800  0  -0.9873  0.0030  -0.1587  59.1589  31.2994  61.4606  0.2044
163200  0  -0.9890  0.0028  -0.1482  59.1474  31.3010  61.4607  0.2028
165600  0  -0.9904  0.0026  -0.1384  59.1374  31.3027  61.4609  0.2012
168000  0  -0.9916  0.0024  -0.1291  59.1289  31.3042  61.4612  0.1996
170400  0  -0.9927  0.0022  -0.1204  59.1202  31.3056  61.4617  0.1981
172800  0  -0.9937  0.0019  -0.1121  59.1106  31.3070  61.4620  0.1967
175200  0  -0.9946  0.0017  -0.1042  59.1004  31.3086  61.4622  0.1951
177600  0  -0.9953  0.0015  -0.0967  59.0902  31.3099  61.4625  0.1937
180000  0  -0.9960  0.0013  -0.0895  59.0809  31.3113  61.4631  0.1923
182400  0  -0.9966  0.0012  -0.0826  59.0734  31.3126  61.4639  0.1909
184800  0  -0.9971  0.0010  -0.0760  59.0667  31.3139  61.4644  0.1895
187200  0  -0.9976  0.0009  -0.0695  59.0595  31.3150  61.4649  0.1883
189600  0  -0.9980  0.0007  -0.0632  59.0517  31.3162  61.4651  0.1871
192000  0  -0.9984  0.0005  -0.0571  59.0431  31.3173  61.4652  0.1860
194400  0  -0.9987  0.0003  -0.0511  59.0341  31.3185  61.4650  0.1848
196800  0  -0.9990  0.0002  -0.0453  59.0254  31.3196  61.4653  0.1837
199200  0  -0.9992  0.0000  -0.0396  59.0173  31.3205  61.4654  0.1828
201600  0  -0.9994  -0.0001  -0.0341  59.0104  31.3215  61.4658  0.1818
204000  0  -0.9996  -0.0002  -0.0287  59.0051  31.3223  61.4662  0.1809
206400  0  -0.9997  -0.0004  -0.0233  59.0001  31.3231  61.4668  0.1800
208800  0  -0.9998  -0.0005  -0.0180  58.9937  31.3239  61.4671  0.1792
211200  0  -0.9999  -0.0006  -0.0126  58.9855  31.3245  61.4676  0.1784
213600  0  -1.0000  -0.0008  -0.0073  58.9769  31.3252  61.4677  0.1777
216000  0  -1.0000  -0.0010  -0.0019  58.9673  31.3259  61.4676  0.1771
218400  0  -1.0000  -0.0012  0.0035  58.9570  31.3265  61.4675  0.1765
220800  0  -1.0000  -0.0014  0.0089  58.9465  31.3271  61.4672  0.1760
223200  0  -0.9999  -0.0015  0.0142  58.9363  31.3276  61.4669  0.1755
225600  0  -0.9998  -0.0017  0.0196  58.9266  31.3280  61.4667  0.1752
228000  0  -0.9997  -0.0018  0.0249  58.9177  31.3283  61.4665  0.1749
230400  0  -0.9995  -0.0020  0.0303  58.9096  31.3287  61.4662  0.1746
232800  0  -0.9994  -0.0021  0.0358  58.9016  31.3289  61.4663  0.1744
235200  0  -0.9991  -0.0022  0.0414  58.8929  31.3290  61.4664  0.1742
237600  0  -0.9989  -0.0024  0.0471  58.8837  31.3291  61.4663  0.1742
240000  0  -0.9986  -0.0026  0.0530  58.8743  31.3291  61.4664  0.1741
242400  0  -0.9983  -0.0028  0.0590  58.8646  31.3291  61.4666  0.1741
244800  0  -0.9979  -0.0029  0.0652  58.8552  31.3290  61.4667  0.1742
247200  0  -0.9974  -0.0032  0.0715  58.8464  31.3289  61.4669  0.1742
249600  0  -0.9969  -0.0034  0.0780  58.8383  31.3287  61.4673  0.1744
252000  0  -0.9964  -0.0036  0.0848  58.8307  31.3285  61.4677  0.1745
254400  0  -0.9958  -0.0037  0.0918  58.8227  31.3282  61.4682  0.1747
256800  0  -0.9951  -0.0039  0.0991  58.8138  31.3277  61.4689  0.1751
259200  0  -0.9943  -0.0042  0.1068  58.8047  31.3272  61.4694  0.1755
261600  0  -0.9934  -0.0044  0.1149  58.7957  31.3265  61.4701  0.1761
264000  0  -0.9924  -0.0047  0.1234  58.7875  31.3258  61.4706  0.1767
266400  0  -0.9912  -0.0050  0.1323  58.7808  31.3250  61.4712  0.1773
268800  0  -0.9899  -0.0052  0.1418  58.7748  31.3242  61.4718  0.1781
271200  0  -0.9884  -0.0055  0.1519  58.7681  31.3232  61.4728  0.1789
273600  0  -0.9866  -0.0058  0.1628  58.7609  31.3220  61.4737  0.1800
276000  0  -0.9846  -0.0061  0.1745  58.7540  31.3206  61.4743  0.1812
278400  0  -0.9823  -0.0064  0.1872  58.7491  31.3192  61.4749  0.1825
280800  0  -0.9796  -0.0068  0.2009  58.7440  31.3177  61.4755  0.1839
283200  0  -0.9764  -0.0071  0.2160  58.7366  31.3159  61.4764  0.1856
285600  0  -0.9726  -0.0074  0.2325  58.7295  31.3140  61.4769  0.1874
288000  0  -0.9680  -0.0079  0.2509  58.7238  31.3119  61.4771  0.1895
290400  0  -0.9625  -0.0083  0.2713  58.7175  31.3094  61.4775  0.1919
292800  0  -0.9557  -0.0088  0.2942  58.7117  31.3066  61.4777  0.1947
295200  0  -0.9473  -0.0095  0.3201  58.7075  31.3036  61.4777  0.1977
297600  0  -0.9368  -0.0101  0.3497  58.7023  31.3001  61.4772  0.2012
300000  0  -0.9234  -0.0109  0.3837  58.6975  31.2963  61.4768  0.2051
302400  0  -0.9060  -0.0118  0.4231  58.6936  31.2918  61.4760  0.2096
304800  0  -0.8831  -0.0128  0.4689  58.6890  31.2867  61.4755  0.2147
307200  0  -0.8524  -0.0140  0.5227  58.6857  31.2807  61.4732  0.2209
309600  0  -0.8103  -0.0152  0.5858  58.6823  31.2737  61.4705  0.2282
312000  0  -0.7519  -0.0164  0.6591  58.6760  31.2654  61.4679  0.2367
314400  0  -0.6698  -0.0176  0.7424  58.6690  31.2550  61.4653  0.2474
316800  0  -0.5549  -0.0183  0.8317  58.6600  31.2420  61.4633  0.2605
319200  0  -0.3983  -0.0181  0.9171  58.6497  31.2259  61.4613  0.2769
321600  0  -0.1981  -0.0164  0.9801  58.6382  31.2060  61.4573  0.2970
324000  0  0.0310  -0.0128  0.9994  58.6249  31.1836  61.4522  0.3200
326400  0  0.2575  -0.0077  0.9663  58.6087  31.1605  61.4475  0.3435
328800  0  0.4504  -0.0028  0.8928  58.5918  31.1388  61.4458  0.3653
331200  0  0.5975  0.0010  0.8018  58.5763  31.1211  61.4447  0.3830
333600  0  0.7030  0.0034  0.7112  58.5622  31.1081  61.4436  0.3959
336000  0  0.7771  0.0045  0.6293  58.5497  31.0992  61.4425  0.4049
338400  0  0.8293  0.0050  0.5587  58.5378  31.0937  61.4416  0.4105
340800  0  0.8667  0.0051  0.4987  58.5290  31.0902  61.4409  0.4141
343200  0  0.8940  0.0049  0.4480  58.5174  31.0884  61.4397  0.4160
345600  0  0.9145  0.0046  0.4047  58.5066  31.0877  61.4389  0.4167
348000  0  0.9300  0.0043  0.3676  58.4947  31.0878  61.4380  0.4169
350400  0  0.9420  0.0039  0.3357  58.4835  31.0885  61.4375  0.4162
352800  0  0.9514  0.0036  0.3078  58.4715  31.0891  61.4365  0.4157
355200  0  0.9590  0.0033  0.2833  58.4596  31.0903  61.4356  0.4147
357600  0  0.9652  0.0030  0.2617  58.4480  31.0916  61.4350  0.4136
360000  0  0.9701  0.0027  0.2426  58.4368  31.0928  61.4344  0.4125
362400  0  0.9743  0.0024  0.2253  58.4234  31.0940  61.4335  0.4114
364800  0  0.9778  0.0022  0.2096  58.4111  31.0953  61.4327  0.4103
367200  0  0.9807  0.0020  0.1955  58.3992  31.0966  61.4324  0.4091
369600  0  0.9832  0.0017  0.1825  58.3849  31.0979  61.4315  0.4079
372000  0  0.9854  0.0016  0.1704  58.3704  31.0991  61.4311  0.4068
374400  0  0.9873  0.0014  0.1591  58.3575  31.1003  61.4309  0.4056
376800  0  0.9889  0.0012  0.1488  58.3454  31.1016  61.4309  0.4043
379200  0  0.9903  0.0010  0.1392  58.3327  31.1028  61.4309  0.4032
381600  0  0.9915  0.0008  0.1300  58.3187  31.1040  61.4309  0.4020
384000  0  0.9926  0.0007  0.1213  58.3048  31.1051  61.4311  0.4008
386400  0  0.9936  0.0005  0.1131  58.2923  31.1063  61.4313  0.3997
388800  0  0.9944  0.0003  0.1052  58.2809  31.1074  61.4317  0.3985
391200  0  0.9952  0.0002  0.0979  58.2700  31.1085  61.4320  0.3974
393600  0  0.9959  0.0000  0.0909  58.2588  31.1095  61.4324  0.3963
396000  0  0.9965  -0.0001  0.0842  58.2468  31.1105  61.4326  0.3953
398400  0  0.9970  -0.0002  0.0776  58.2341  31.1115  61.4327  0.3943
400800  0  0.9975  -0.0003  0.0712  58.2214  31.1125  61.4328  0.3933
403200  0  0.9979  -0.0004  0.0650  58.2093  31.1134  61.4333  0.3923
405600  0  0.9983  -0.0006  0.0589  58.1983  31.1145  61.4338  0.3912
408000  0  0.9986  -0.0007  0.0529  58.1881  31.1153  61.4344  0.3902
410400  0  0.9989  -0.0009  0.0472  58.1782  31.1162  61.4351  0.3892
412800  0  0.9991  -0.0010  0.0417  58.1680  31.1172  61.4355  0.3882
415200  0  0.9993  -0.0011  0.0364  58.1574  31.1179  61.4357  0.3875
417600  0  0.9995  -0.0012  0.0312  58.1463  31.1186  61.4358  0.3867
420000  0  0.9997  -0.0013  0.0260  58.1344  31.1193  61.4360  0.3861
422400  0  0.9998  -0.0013  0.0208  58.1225  31.1200  61.4358  0.3854
424800  0  0.9999  -0.0014  0.0156  58.1113  31.1207  61.4355  0.3848
427200  0  0.9999  -0.0015  0.0102  58.1003  31.1214  61.4356  0.3840
429600  0  1.0000  -0.0017  0.0048  58.0904  31.1221  61.4358  0.3833
432000  0  1.0000  -0.0018  -0.0006  58.0815  31.1228  61.4361  0.3825
434400  0  1.0000  -0.0019  -0.0060  58.0731  31.1236  61.4363  0.3818
436800  0  0.9999  -0.0021  -0.0114  58.0645  31.1242  61.4365  0.3811
439200  0  0.9999  -0.0022  -0.0168  58.0553  31.1247  61.4369  0.3805
441600  0  0.9998  -0.0023  -0.0221  58.0455  31.1251  61.4371  0.3801
444000  0  0.9996  -0.0024  -0.0274  58.0349  31.1255  61.4372  0.3797
446400  0  0.9995  -0.0025  -0.0328  58.0240  31.1258  61.4377  0.3794
448800  0  0.9993  -0.0026  -0.0383  58.0133  31.1260  61.4376  0.3791
451200  0  0.9990  -0.0027  -0.0439  58.0027  31.1261  61.4376  0.3790
453600  0  0.9988  -0.0029  -0.0498  57.9922  31.1263  61.4376  0.3788
456000  0  0.9984  -0.0030  -0.0558  57.9817  31.1264  61.4376  0.3787
458400  0  0.9981  -0.0032  -0.0619  57.9709  31.1265  61.4379  0.3786
460800  0  0.9977  -0.0033  -0.0683  57.9595  31.1266  61.4380  0.3785
463200  0  0.9972  -0.0035  -0.0747  57.9473  31.1266  61.4383  0.3785
465600  0  0.9967  -0.0036  -0.0813  57.9347  31.1266  61.4384  0.3785
468000  0  0.9961  -0.0038  -0.0882  57.9222  31.1264  61.4387  0.3786
470400  0  0.9954  -0.0039  -0.0954  57.9105  31.1263  61.4388  0.3787
472800  0  0.9947  -0.0041  -0.1029  57.8991  31.1260  61.4390  0.3790
475200  0  0.9938  -0.0043  -0.1109  57.8878  31.1257  61.4394  0.3792
477600  0  0.9929  -0.0045  -0.1193  57.8763  31.1253  61.4400  0.3795
480000  0  0.9918  -0.0047  -0.1281  57.8643  31.1249  61.4407  0.3798
