10000  0.5897  0.5897  85.3049
20000  0.5877  0.5887  85.5971
30000  0.5869  0.5881  85.7063
40000  0.5866  0.5877  85.7543
50000  0.5864  0.5874  85.7751
60000  0.5864  0.5873  85.7842
70000  0.5863  0.5871  85.7905
80000  0.5863  0.5870  85.7933
90000  0.5863  0.5869  85.7963
100000  0.5863  0.5869  85.7986
110000  0.5862  0.5868  85.8016
120000  0.5862  0.5868  85.8036
130000  0.5862  0.5867  85.8050
140000  0.5862  0.5867  85.8065
150000  0.5862  0.5867  85.8075
160000  0.5862  0.5866  85.8092
170000  0.5862  0.5866  85.8105
180000  0.5862  0.5866  85.8113
190000  0.5862  0.5866  85.8127
200000  0.5862  0.5865  85.8136
210000  0.5862  0.5865  85.8149
220000  0.5862  0.5865  85.8159
230000  0.5861  0.5865  85.8173
240000  0.5861  0.5865  85.8185
250000  0.5861  0.5865  85.8192
260000  0.5861  0.5864  85.8206
270000  0.5861  0.5864  85.8217
280000  0.5861  0.5864  85.8223
290000  0.5861  0.5864  85.8238
300000  0.5861  0.5864  85.8244
310000  0.5861  0.5864  85.8259
320000  0.5861  0.5864  85.8263
330000  0.5861  0.5864  85.8274
340000  0.5861  0.5864  85.8289
350000  0.5861  0.5864  85.8291
360000  0.5861  0.5863  85.8299
370000  0.5861  0.5863  85.8307
380000  0.5860  0.5863  85.8320
390000  0.5860  0.5863  85.8333
400000  0.5860  0.5863  85.8342
410000  0.5860  0.5863  85.8357
420000  0.5860  0.5863  85.8370
430000  0.5860  0.5863  85.8382
440000  0.5860  0.5863  85.8403
450000  0.5860  0.5863  85.8400
460000  0.5860  0.5863  85.8420
470000  0.5860  0.5863  85.8441
480000  0.5860  0.5863  85.8450
490000  0.5860  0.5863  85.8448
500000  0.5860  0.5862  85.8454
510000  0.5859  0.5862  85.8460
520000  0.5859  0.5862  85.8458
530000  0.5859  0.5862  85.8467
540000  0.5859  0.5862  85.8469
550000  0.5859  0.5862  85.8473
560000  0.5859  0.5862  85.8476
570000  0.5859  0.5862  85.8477
580000  0.5859  0.5862  85.8484
590000  0.5859  0.5862  85.8490
600000  0.5859  0.5862  85.8497
610000  0.5859  0.5862  85.8504
620000  0.5859  0.5862  85.8515
630000  0.5859  0.5862  85.8529
640000  0.5859  0.5862  85.8527
650000  0.5859  0.5862  85.8541
660000  0.5859  0.5862  85.8548
670000  0.5859  0.5862  85.8547
680000  0.5859  0.5862  85.8558
690000  0.5859  0.5862  85.8579
700000  0.5859  0.5862  85.8574
710000  0.5859  0.5861  85.8595
720000  0.5859  0.5861  85.8593
730000  0.5858  0.5861  85.8605
740000  0.5858  0.5861  85.8609
750000  0.5858  0.5861  85.8616
760000  0.5858  0.5861  85.8626
770000  0.5858  0.5861  85.8638
780000  0.5858  0.5861  85.8650
790000  0.5858  0.5861  85.8660
800000  0.5858  0.5861  85.8667
810000  0.5858  0.5861  85.8670
820000  0.5858  0.5861  85.8679
830000  0.5858  0.5861  85.8687
840000  0.5858  0.5861  85.8699
850000  0.5858  0.5861  85.8707
860000  0.5858  0.5861  85.8720
870000  0.5858  0.5861  85.8714
880000  0.5858  0.5861  85.8737
890000  0.5858  0.5861  85.8742
900000  0.5858  0.5861  85.8742
910000  0.5858  0.5861  85.8741
920000  0.5858  0.5861  85.8742
930000  0.5857  0.5861  85.8749
940000  0.5857  0.5861  85.8751
950000  0.5857  0.5861  85.8749
960000  0.5857  0.5861  85.8749
970000  0.5858  0.5861  85.8742
980000  0.5858  0.5860  85.8747
990000  0.5857  0.5860  85.8756
1000000  0.5857  0.5860  85.8756
1010000  0.5857  0.5860  85.8757
1020000  0.5857  0.5860  85.8762
1030000  0.5857  0.5860  85.8754
1040000  0.5857  0.5860  85.8757
1050000  0.5857  0.5860  85.8753
1060000  0.5857  0.5860  85.8754
1070000  0.5857  0.5860  85.8749
1080000  0.5857  0.5860  85.8755
1090000  0.5857  0.5860  85.8751
1100000  0.5857  0.5860  85.8759
1110000  0.5857  0.5860  85.8765
1120000  0.5857  0.5860  85.8761
1130000  0.5857  0.5860  85.8754
1140000  0.5857  0.5860  85.8759
1150000  0.5857  0.5860  85.8766
1160000  0.5857  0.5860  85.8762
1170000  0.5857  0.5860  85.8771
1180000  0.5857  0.5860  85.8776
1190000  0.5857  0.5860  85.8768
1200000  0.5857  0.5860  85.8779
1210000  0.5857  0.5860  85.8780
1220000  0.5857  0.5860  85.8789
1230000  0.5857  0.5860  85.8797
1240000  0.5857  0.5860  85.8795
1250000  0.5857  0.5860  85.8801
1260000  0.5857  0.5860  85.8799
1270000  0.5857  0.5860  85.8803
1280000  0.5857  0.5860  85.8809
1290000  0.5857  0.5860  85.8806
1300000  0.5857  0.5860  85.8807
1310000  0.5857  0.5860  85.8809
1320000  0.5857  0.5860  85.8810
1330000  0.5857  0.5860  85.8808
1340000  0.5857  0.5860  85.8812
1350000  0.5857  0.5860  85.8813
1360000  0.5857  0.5860  85.8819
1370000  0.5857  0.5860  85.8813
1380000  0.5857  0.5860  85.8817
1390000  0.5857  0.5860  85.8818
1400000  0.5857  0.5860  85.8823
1410000  0.5857  0.5860  85.8824
1420000  0.5857  0.5859  85.8829
1430000  0.5857  0.5859  85.8823
1440000  0.5857  0.5859  85.8822
1450000  0.5857  0.5859  85.8827
1460000  0.5857  0.5859  85.8832
1470000  0.5857  0.5859  85.8832
1480000  0.5857  0.5859  85.8838
1490000  0.5857  0.5859  85.8843
1500000  0.5857  0.5859  85.8844
1510000  0.5857  0.5859  85.8847
1520000  0.5857  0.5859  85.8849
1530000  0.5857  0.5859  85.8853
1540000  0.5857  0.5859  85.8851
1550000  0.5857  0.5859  85.8854
1560000  0.5857  0.5859  85.8850
1570000  0.5857  0.5859  85.8854
1580000  0.5857  0.5859  85.8858
1590000  0.5857  0.5859  85.8865
1600000  0.5857  0.5859  85.8867
1610000  0.5857  0.5859  85.8869
1620000  0.5857  0.5859  85.8874
1630000  0.5857  0.5859  85.8882
1640000  0.5857  0.5859  85.8873
1650000  0.5857  0.5859  85.8884
1660000  0.5857  0.5859  85.8886
1670000  0.5857  0.5859  85.8886
1680000  0.5857  0.5859  85.8892
1690000  0.5857  0.5859  85.8886
1700000  0.5856  0.5859  85.8896
1710000  0.5856  0.5859  85.8900
1720000  0.5856  0.5859  85.8899
1730000  0.5856  0.5859  85.8909
1740000  0.5856  0.5859  85.8912
1750000  0.5856  0.5859  85.8913
1760000  0.5856  0.5859  85.8917
1770000  0.5856  0.5859  85.8932
1780000  0.5856  0.5859  85.8934
1790000  0.5856  0.5859  85.8947
1800000  0.5856  0.5859  85.8944
1810000  0.5856  0.5859  85.8951
1820000  0.5856  0.5859  85.8956
1830000  0.5856  0.5859  85.8962
1840000  0.5856  0.5859  85.8966
1850000  0.5856  0.5859  85.8972
1860000  0.5856  0.5859  85.8983
1870000  0.5856  0.5859  85.8984
1880000  0.5856  0.5859  85.8985
1890000  0.5856  0.5859  85.8986
1900000  0.5856  0.5859  85.8986
1910000  0.5856  0.5859  85.8995
1920000  0.5856  0.5859  85.8999
1930000  0.5856  0.5859  85.9005
1940000  0.5856  0.5859  85.9006
1950000  0.5856  0.5859  85.9009
1960000  0.5856  0.5859  85.9012
1970000  0.5856  0.5859  85.9019
1980000  0.5856  0.5859  85.9025
1990000  0.5856  0.5859  85.9031
2000000  0.5856  0.5859  85.9035
