10000  0.2182  7  3.4286  41.4108  0.0414
20000  0.2545  8  3.5000  42.5216  0.0425
30000  0.2636  9  3.2222  36.9756  0.0370
40000  0.2909  10  3.2000  36.6907  0.0367
50000  0.3182  11  3.1818  36.8098  0.0368
60000  0.2909  10  3.2000  36.6947  0.0367
70000  0.3000  10  3.3000  38.8829  0.0389
80000  0.3000  10  3.3000  38.7570  0.0388
90000  0.2455  8  3.3750  40.1846  0.0402
100000  0.2455  8  3.3750  40.3032  0.0403
110000  0.3000  10  3.3000  39.1813  0.0392
120000  0.3545  11  3.5455  43.0349  0.0430
130000  0.3727  11  3.7273  46.1336  0.0461
140000  0.4091  12  3.7500  47.1269  0.0471
150000  0.3818  11  3.8182  47.6414  0.0476
160000  0.4091  12  3.7500  47.0533  0.0471
170000  0.4091  11  4.0909  52.1624  0.0522
180000  0.4273  11  4.2727  55.2584  0.0553
190000  0.4455  11  4.4545  58.2098  0.0582
200000  0.4455  11  4.4545  58.2922  0.0583
210000  0.4455  11  4.4545  58.1574  0.0582
220000  0.4909  12  4.5000  58.4139  0.0584
230000  0.5364  13  4.5385  59.2024  0.0592
240000  0.5727  14  4.5000  59.4702  0.0595
250000  0.5727  14  4.5000  59.4911  0.0595
260000  0.5818  14  4.5714  60.3993  0.0604
270000  0.6000  15  4.4000  56.7332  0.0567
280000  0.6545  15  4.8000  63.0891  0.0631
290000  0.7000  16  4.8125  62.9257  0.0629
300000  0.6909  14  5.4286  73.1583  0.0732
310000  0.7000  14  5.5000  74.2198  0.0742
320000  0.7455  15  5.4667  74.0049  0.0740
330000  0.7455  15  5.4667  73.8894  0.0739
340000  0.7545  15  5.5333  75.2672  0.0753
350000  0.7455  15  5.4667  73.9134  0.0739
360000  0.7545  15  5.5333  75.2336  0.0752
370000  0.8000  15  5.8667  80.1800  0.0802
380000  0.8273  15  6.0667  83.1702  0.0832
390000  0.8273  15  6.0667  83.1181  0.0831
400000  0.8455  14  6.6429  92.7519  0.0928
410000  0.8455  13  7.1538  100.9391  0.1009
420000  0.8455  12  7.7500  110.4361  0.1104
430000  0.8455  12  7.7500  110.4659  0.1105
440000  0.8273  10  9.1000  131.8769  0.1319
450000  0.8273  10  9.1000  131.9720  0.1320
460000  0.8273  10  9.1000  131.8652  0.1319
470000  0.8455  10  9.3000  135.5797  0.1356
480000  0.8727  11  8.7273  126.6967  0.1267
490000  0.8727  10  9.6000  141.4761  0.1415
500000  0.8727  10  9.6000  141.5456  0.1415
510000  0.8727  10  9.6000  141.4717  0.1415
520000  0.8727  10  9.6000  141.3680  0.1414
530000  0.8727  10  9.6000  141.4138  0.1414
540000  0.8727  10  9.6000  141.5283  0.1415
550000  0.8727  10  9.6000  141.6401  0.1416
560000  0.8727  10  9.6000  141.5278  0.1415
570000  0.8727  10  9.6000  141.3022  0.1413
580000  0.8727  10  9.6000  141.2057  0.1412
590000  0.8727  10  9.6000  141.2202  0.1412
600000  0.8727  10  9.6000  141.2859  0.1413
610000  0.8727  10  9.6000  141.2283  0.1412
620000  0.8727  10  9.6000  141.1706  0.1412
630000  0.8727  10  9.6000  141.2565  0.1413
640000  0.8727  10  9.6000  141.3806  0.1414
650000  0.8818  10  9.7000  143.5757  0.1436
660000  0.8818  10  9.7000  143.4797  0.1435
670000  0.8818  10  9.7000  143.2834  0.1433
680000  0.8818  10  9.7000  143.1934  0.1432
690000  0.8818  10  9.7000  143.1889  0.1432
700000  0.8818  10  9.7000  143.2340  0.1432
710000  0.8818  10  9.7000  143.1894  0.1432
720000  0.8909  10  9.8000  144.7996  0.1448
730000  0.8909  10  9.8000  144.8070  0.1448
740000  0.8727  10  9.6000  141.4421  0.1414
750000  0.8727  10  9.6000  141.5352  0.1415
760000  0.8727  10  9.6000  141.4367  0.1414
770000  0.8909  10  9.8000  144.6775  0.1447
780000  0.8909  9  10.8889  162.3109  0.1623
790000  0.9000  9  11.0000  164.6135  0.1646
800000  0.9000  9  11.0000  165.1001  0.1651
810000  0.8909  9  10.8889  162.7024  0.1627
820000  0.9000  10  9.9000  146.1537  0.1462
830000  0.9000  10  9.9000  146.2326  0.1462
840000  0.9000  10  9.9000  146.3321  0.1463
850000  0.8909  10  9.8000  144.3285  0.1443
860000  0.9000  10  9.9000  146.3183  0.1463
870000  0.9000  10  9.9000  145.5835  0.1456
880000  0.9000  10  9.9000  145.4749  0.1455
890000  0.9091  10  10.0000  147.4911  0.1475
900000  0.9091  10  10.0000  147.5102  0.1475
910000  0.9091  10  10.0000  147.4822  0.1475
920000  0.9091  10  10.0000  147.4558  0.1475
930000  0.9000  10  9.9000  145.4211  0.1454
940000  0.9091  10  10.0000  147.5936  0.1476
950000  0.9091  10  10.0000  147.6916  0.1477
960000  0.9091  10  10.0000  147.5751  0.1476
970000  0.9182  10  10.1000  149.4276  0.1494
980000  0.9182  10  10.1000  149.2619  0.1493
990000  0.9182  10  10.1000  149.1698  0.1492
1000000  0.9182  10  10.1000  149.1795  0.1492
1010000  0.9182  10  10.1000  149.1568  0.1492
1020000  0.9182  10  10.1000  149.1375  0.1491
1030000  0.9182  11  9.1818  133.6716  0.1337
1040000  0.9364  11  9.3636  137.1575  0.1372
1050000  0.9364  11  9.3636  137.2394  0.1372
1060000  0.9364  11  9.3636  137.1336  0.1371
1070000  0.9364  11  9.3636  136.8981  0.1369
1080000  0.9364  11  9.3636  136.7363  0.1367
1090000  0.9364  11  9.3636  136.6345  0.1366
1100000  0.9364  11  9.3636  136.6480  0.1366
1110000  0.9364  11  9.3636  136.5959  0.1366
1120000  0.9364  11  9.3636  136.4940  0.1365
1130000  0.9364  11  9.3636  136.4686  0.1365
1140000  0.9364  11  9.3636  136.4907  0.1365
1150000  0.9364  11  9.3636  136.5691  0.1366
1160000  0.9364  11  9.3636  136.4760  0.1365
1170000  0.9364  11  9.3636  136.2612  0.1363
1180000  0.9000  10  9.9000  145.2245  0.1452
1190000  0.8818  10  9.7000  141.6098  0.1416
1200000  0.8818  10  9.7000  141.6045  0.1416
1210000  0.8818  10  9.7000  141.5504  0.1416
1220000  0.9182  10  10.1000  148.0257  0.1480
1230000  0.9091  10  10.0000  146.1694  0.1462
1240000  0.9091  10  10.0000  146.1368  0.1461
1250000  0.9273  11  9.2727  135.1761  0.1352
1260000  0.9273  10  10.2000  150.0958  0.1501
1270000  0.9091  10  10.0000  146.0043  0.1460
1280000  0.9273  10  10.2000  148.6036  0.1486
1290000  0.9091  10  10.0000  145.0563  0.1451
1300000  0.9091  10  10.0000  145.0632  0.1451
1310000  0.9091  10  10.0000  145.0022  0.1450
1320000  0.9455  10  10.4000  152.2988  0.1523
1330000  0.9455  10  10.4000  152.1810  0.1522
1340000  0.9455  11  9.4545  136.9952  0.1370
1350000  0.9455  11  9.4545  137.0581  0.1371
1360000  0.9455  11  9.4545  137.0014  0.1370
1370000  0.9455  10  10.4000  152.0572  0.1521
1380000  0.9455  11  9.4545  136.9315  0.1369
1390000  0.9364  11  9.3636  134.1593  0.1342
1400000  0.9364  11  9.3636  134.1741  0.1342
1410000  0.9364  11  9.3636  134.1042  0.1341
1420000  0.9364  11  9.3636  134.0613  0.1341
1430000  0.9455  12  8.6667  123.3615  0.1234
1440000  0.9455  12  8.6667  123.4077  0.1234
1450000  0.9273  12  8.5000  120.9008  0.1209
1460000  0.9455  12  8.6667  123.4285  0.1234
1470000  0.9364  12  8.5833  121.5085  0.1215
1480000  0.9364  11  9.3636  133.7838  0.1338
1490000  0.9182  11  9.1818  130.6050  0.1306
1500000  0.9182  11  9.1818  130.5941  0.1306
1510000  0.9182  11  9.1818  130.5711  0.1306
1520000  0.9182  12  8.4167  118.5196  0.1185
1530000  0.9182  12  8.4167  118.5512  0.1186
1540000  0.9182  12  8.4167  118.6234  0.1186
1550000  0.9182  12  8.4167  118.7235  0.1187
1560000  0.9182  12  8.4167  118.6346  0.1186
1570000  0.9364  12  8.5833  121.0684  0.1211
1580000  0.9364  12  8.5833  120.9401  0.1209
1590000  0.9000  12  8.2500  115.3876  0.1154
1600000  0.9000  13  7.6154  105.1663  0.1052
1610000  0.9000  12  8.2500  115.3858  0.1154
1620000  0.9182  12  8.4167  118.1207  0.1181
1630000  0.9182  12  8.4167  118.1654  0.1182
1640000  0.9182  12  8.4167  118.2378  0.1182
1650000  0.9182  12  8.4167  118.3267  0.1183
1660000  0.9182  12  8.4167  118.2497  0.1182
1670000  0.9182  12  8.4167  118.0577  0.1181
1680000  0.9273  13  7.8462  108.4294  0.1084
1690000  0.9273  13  7.8462  108.3793  0.1084
1700000  0.9091  13  7.6923  105.8405  0.1058
1710000  0.9273  13  7.8462  108.3655  0.1084
1720000  0.9273  13  7.8462  108.2692  0.1083
1730000  0.9273  13  7.8462  108.2772  0.1083
1740000  0.9273  12  8.5000  118.4168  0.1184
1750000  0.9273  12  8.5000  118.5136  0.1185
1760000  0.9273  12  8.5000  118.4453  0.1184
1770000  0.9273  12  8.5000  118.2611  0.1183
1780000  0.9091  12  8.3333  115.4499  0.1154
1790000  0.9091  13  7.6923  105.5253  0.1055
1800000  0.8909  13  7.5385  102.9494  0.1029
1810000  0.9091  13  7.6923  105.5180  0.1055
1820000  0.9091  12  8.3333  115.3187  0.1153
1830000  0.9091  12  8.3333  115.3659  0.1154
1840000  0.9000  12  8.2500  114.0919  0.1141
1850000  0.9000  12  8.2500  114.2138  0.1142
1860000  0.9000  12  8.2500  114.1225  0.1141
1870000  0.8909  12  8.1667  112.4895  0.1125
1880000  0.8727  12  8.0000  109.4802  0.1095
1890000  0.8727  12  8.0000  109.3965  0.1094
1900000  0.8727  12  8.0000  109.4118  0.1094
1910000  0.8727  12  8.0000  109.3861  0.1094
1920000  0.8909  12  8.1667  112.1654  0.1122
1930000  0.8818  14  6.9286  91.9767  0.0920
1940000  0.8818  14  6.9286  92.0263  0.0920
1950000  0.8818  14  6.9286  92.0964  0.0921
1960000  0.8818  14  6.9286  92.0155  0.0920
1970000  0.8636  14  6.7857  89.3443  0.0893
1980000  0.8727  13  7.3846  98.3756  0.0984
1990000  0.8727  13  7.3846  98.2735  0.0983
2000000  0.8727  13  7.3846  98.2806  0.0983
