15000  0.3762  20  3.9500  49.4328  0.0494
30000  0.4048  22  3.8636  47.7886  0.0478
45000  0.4286  23  3.9130  48.7201  0.0487
60000  0.4143  22  3.9545  49.2095  0.0492
75000  0.4381  23  4.0000  49.7856  0.0498
90000  0.4762  25  4.0000  49.9668  0.0500
105000  0.4714  24  4.1250  51.7453  0.0517
120000  0.5238  27  4.0741  50.8483  0.0508
135000  0.5857  29  4.2414  53.7400  0.0537
150000  0.6333  31  4.2903  54.3300  0.0543
165000  0.6238  30  4.3667  55.1632  0.0552
180000  0.6381  32  4.1875  51.8565  0.0519
195000  0.6429  32  4.2188  52.1142  0.0521
210000  0.6286  29  4.5517  56.9080  0.0569
225000  0.6238  29  4.5172  56.3180  0.0563
240000  0.6238  27  4.8519  61.2507  0.0613
255000  0.6381  28  4.7857  59.9075  0.0599
270000  0.6095  26  4.9231  61.7923  0.0618
285000  0.6286  27  4.8889  61.1535  0.0612
300000  0.6476  27  5.0370  63.2109  0.0632
315000  0.6238  25  5.2400  65.7770  0.0658
330000  0.6571  26  5.3077  66.8113  0.0668
345000  0.6333  24  5.5417  70.0631  0.0701
360000  0.6571  26  5.3077  66.8190  0.0668
375000  0.6286  24  5.5000  69.1565  0.0692
390000  0.6476  23  5.9130  75.5083  0.0755
405000  0.6143  22  5.8636  73.9263  0.0739
420000  0.6238  23  5.6957  71.3048  0.0713
435000  0.6238  23  5.6957  71.1346  0.0711
450000  0.6905  24  6.0417  76.6977  0.0767
465000  0.6571  23  6.0000  75.3572  0.0754
480000  0.6714  24  5.8750  73.5243  0.0735
495000  0.6762  23  6.1739  77.9985  0.0780
510000  0.6857  24  6.0000  75.4201  0.0754
525000  0.6810  24  5.9583  74.7029  0.0747
540000  0.6952  25  5.8400  72.9585  0.0730
555000  0.7095  25  5.9600  74.7184  0.0747
570000  0.7095  24  6.2083  78.3300  0.0783
585000  0.7190  26  5.8077  71.9074  0.0719
600000  0.7286  26  5.8846  72.9086  0.0729
615000  0.7429  26  6.0000  74.1923  0.0742
630000  0.7714  27  6.0000  74.4879  0.0745
645000  0.7524  27  5.8519  71.8646  0.0719
660000  0.7905  28  5.9286  73.1957  0.0732
675000  0.7857  28  5.8929  72.5530  0.0726
690000  0.8048  28  6.0357  74.7836  0.0748
705000  0.8000  28  6.0000  73.8128  0.0738
720000  0.8190  28  6.1429  75.8988  0.0759
735000  0.8190  28  6.1429  75.7578  0.0758
750000  0.8571  27  6.6667  83.4794  0.0835
765000  0.8619  27  6.7037  83.5501  0.0836
780000  0.8619  27  6.7037  83.5253  0.0835
795000  0.8619  26  6.9615  87.1185  0.0871
810000  0.8857  27  6.8889  86.2330  0.0862
825000  0.8857  27  6.8889  86.1761  0.0862
840000  0.8762  26  7.0769  88.5023  0.0885
855000  0.8857  24  7.7500  98.5535  0.0986
870000  0.8857  24  7.7500  98.4808  0.0985
885000  0.8857  23  8.0870  103.2800  0.1033
900000  0.8857  23  8.0870  103.2775  0.1033
915000  0.8857  23  8.0870  103.1702  0.1032
930000  0.9000  23  8.2174  105.3253  0.1053
945000  0.8857  21  8.8571  114.4198  0.1144
960000  0.8905  21  8.9048  115.0277  0.1150
975000  0.8857  21  8.8571  114.0808  0.1141
990000  0.8857  21  8.8571  114.0311  0.1140
1005000  0.8857  21  8.8571  113.9620  0.1140
1020000  0.8857  21  8.8571  113.9454  0.1139
1035000  0.9000  21  9.0000  115.9336  0.1159
1050000  0.9048  22  8.6364  110.2361  0.1102
1065000  0.9048  20  9.5000  122.6328  0.1226
1080000  0.9143  20  9.6000  124.0049  0.1240
1095000  0.9190  20  9.6500  124.8977  0.1249
1110000  0.9333  20  9.8000  126.7638  0.1268
1125000  0.9381  21  9.3810  120.4160  0.1204
1140000  0.9381  20  9.8500  127.4690  0.1275
1155000  0.9381  20  9.8500  126.9950  0.1270
1170000  0.9381  16  12.3125  163.0397  0.1630
1185000  0.9429  18  11.0000  143.3788  0.1434
1200000  0.9429  16  12.3750  163.0598  0.1631
1215000  0.9381  15  13.1333  173.7012  0.1737
1230000  0.9476  15  13.2667  175.4683  0.1755
1245000  0.9476  15  13.2667  175.3200  0.1753
1260000  0.9476  15  13.2667  175.2348  0.1752
1275000  0.9476  14  14.2143  188.6944  0.1887
1290000  0.9476  14  14.2143  188.5982  0.1886
1305000  0.9619  13  15.5385  207.0389  0.2070
1320000  0.9667  12  16.9167  226.7180  0.2267
1335000  0.9714  12  17.0000  227.6876  0.2277
1350000  0.9762  11  18.6364  251.3709  0.2514
1365000  0.9810  11  18.7273  252.3752  0.2524
1380000  0.9810  11  18.7273  252.2630  0.2523
1395000  0.9857  11  18.8182  253.2955  0.2533
1410000  0.9905  11  18.9091  254.6535  0.2547
1425000  0.9952  10  20.9000  282.7021  0.2827
1440000  0.9952  10  20.9000  282.5943  0.2826
1455000  0.9952  10  20.9000  282.4568  0.2825
1470000  0.9952  10  20.9000  282.3953  0.2824
1485000  1.0000  8  26.2500  357.7249  0.3577
1500000  1.0000  8  26.2500  359.3422  0.3593
1515000  1.0000  8  26.2500  359.2158  0.3592
1530000  1.0000  7  30.0000  412.5572  0.4126
1545000  1.0000  6  35.0000  483.7750  0.4838
1560000  1.0000  6  35.0000  483.7260  0.4837
1575000  1.0000  6  35.0000  483.5874  0.4836
1590000  1.0000  6  35.0000  483.5432  0.4835
1605000  1.0000  6  35.0000  483.4747  0.4835
1620000  1.0000  5  42.0000  582.8026  0.5828
1635000  1.0000  5  42.0000  582.6732  0.5827
1650000  1.0000  5  42.0000  582.6492  0.5826
1665000  1.0000  5  42.0000  582.5904  0.5826
1680000  1.0000  5  42.0000  582.6006  0.5826
1695000  1.0000  5  42.0000  582.4957  0.5825
1710000  1.0000  4  52.5000  731.8204  0.7318
1725000  1.0000  4  52.5000  731.7453  0.7317
1740000  1.0000  4  52.5000  731.7460  0.7317
1755000  1.0000  4  52.5000  731.6519  0.7317
1770000  1.0000  4  52.5000  731.6745  0.7317
1785000  1.0000  4  52.5000  731.6121  0.7316
1800000  1.0000  4  52.5000  731.6252  0.7316
1815000  1.0000  4  52.5000  731.5454  0.7315
1830000  1.0000  4  52.5000  731.5820  0.7316
1845000  1.0000  4  52.5000  731.5275  0.7315
1860000  1.0000  4  52.5000  731.5494  0.7315
1875000  1.0000  4  52.5000  731.4809  0.7315
1890000  1.0000  4  52.5000  731.5269  0.7315
1905000  1.0000  4  52.5000  731.4753  0.7315
1920000  1.0000  4  52.5000  731.5014  0.7315
1935000  1.0000  4  52.5000  731.4410  0.7314
1950000  1.0000  4  52.5000  731.4929  0.7315
1965000  1.0000  4  52.5000  731.4438  0.7314
1980000  0.9905  4  52.0000  724.0969  0.7241
1995000  1.0000  4  52.5000  731.4169  0.7314
2010000  1.0000  4  52.5000  731.4734  0.7315
2025000  0.9905  4  52.0000  723.9969  0.7240
2040000  0.9905  4  52.0000  724.0731  0.7241
2055000  0.9905  4  52.0000  723.9797  0.7240
2070000  1.0000  4  52.5000  731.4648  0.7315
2085000  0.9905  4  52.0000  723.9836  0.7240
2100000  0.9905  4  52.0000  724.0620  0.7241
2115000  0.9905  4  52.0000  723.9719  0.7240
2130000  0.9905  4  52.0000  723.9691  0.7240
2145000  0.9905  4  52.0000  723.9772  0.7240
2160000  0.9905  4  52.0000  724.0566  0.7241
2175000  0.9905  4  52.0000  723.9680  0.7240
2190000  0.9905  4  52.0000  723.9665  0.7240
2205000  0.9905  4  52.0000  723.9748  0.7240
2220000  0.9905  4  52.0000  724.0516  0.7241
2235000  0.9905  4  52.0000  723.9649  0.7240
2250000  0.9905  4  52.0000  723.9641  0.7240
2265000  0.9905  4  52.0000  723.9703  0.7240
2280000  0.9905  4  52.0000  724.0466  0.7240
2295000  0.9905  4  52.0000  723.9595  0.7240
2310000  0.9905  4  52.0000  723.9585  0.7240
2325000  0.9905  4  52.0000  723.9648  0.7240
2340000  0.9905  4  52.0000  724.0381  0.7240
2355000  0.9905  4  52.0000  723.9563  0.7240
2370000  0.9905  4  52.0000  723.9548  0.7240
2385000  0.9905  4  52.0000  723.9598  0.7240
2400000  0.9905  4  52.0000  724.0325  0.7240
2415000  0.9905  4  52.0000  723.9532  0.7240
2430000  0.9905  4  52.0000  723.9537  0.7240
2445000  0.9905  4  52.0000  723.9598  0.7240
2460000  0.9905  4  52.0000  724.0342  0.7240
2475000  0.9905  4  52.0000  723.9564  0.7240
2490000  0.9905  4  52.0000  723.9583  0.7240
2505000  0.9905  4  52.0000  723.9658  0.7240
2520000  0.9905  4  52.0000  724.0408  0.7240
2535000  0.9905  4  52.0000  723.9645  0.7240
2550000  0.9905  4  52.0000  723.9672  0.7240
2565000  0.9905  4  52.0000  723.9750  0.7240
2580000  0.9905  4  52.0000  724.0509  0.7241
2595000  0.9905  4  52.0000  723.9794  0.7240
2610000  0.9905  4  52.0000  723.9832  0.7240
2625000  0.9905  4  52.0000  723.9918  0.7240
2640000  0.9905  4  52.0000  724.0676  0.7241
2655000  0.9905  4  52.0000  723.9971  0.7240
2670000  0.9905  4  52.0000  724.0009  0.7240
2685000  0.9905  4  52.0000  724.0102  0.7240
2700000  0.9905  4  52.0000  724.0833  0.7241
2715000  0.9905  4  52.0000  724.0134  0.7240
2730000  0.9905  4  52.0000  724.0161  0.7240
2745000  0.9905  4  52.0000  724.0244  0.7240
2760000  0.9905  3  69.3333  972.4515  0.9725
2775000  0.9905  3  69.3333  972.3531  0.9724
2790000  0.9905  3  69.3333  972.3199  0.9723
2805000  0.9905  3  69.3333  972.3399  0.9723
2820000  0.9905  3  69.3333  972.4044  0.9724
2835000  0.9905  3  69.3333  972.3077  0.9723
2850000  0.9905  3  69.3333  972.2753  0.9723
2865000  0.9905  3  69.3333  972.2944  0.9723
2880000  0.9905  3  69.3333  972.3599  0.9724
2895000  0.9905  3  69.3333  972.2644  0.9723
2910000  0.9905  3  69.3333  972.2327  0.9722
2925000  0.9905  3  69.3333  972.2510  0.9723
2940000  0.9905  3  69.3333  972.3134  0.9723
2955000  0.9905  3  69.3333  972.2217  0.9722
2970000  0.9905  3  69.3333  972.1898  0.9722
2985000  0.9905  3  69.3333  972.2062  0.9722
3000000  0.9905  3  69.3333  972.2650  0.9723
