20000  0.1077  2  3.5000  46.5791  0.0466
40000  0.0923  2  3.0000  34.0403  0.0340
60000  0.0923  2  3.0000  33.9037  0.0339
80000  0.1538  3  3.3333  41.2997  0.0413
100000  0.1538  3  3.3333  40.9126  0.0409
120000  0.2000  4  3.2500  38.1665  0.0382
140000  0.1846  4  3.0000  31.7547  0.0318
160000  0.1846  4  3.0000  31.7554  0.0318
180000  0.2000  4  3.2500  37.5647  0.0376
200000  0.2615  5  3.4000  41.2537  0.0413
220000  0.2154  4  3.5000  41.1107  0.0411
240000  0.1846  4  3.0000  31.2471  0.0312
260000  0.1846  4  3.0000  31.2971  0.0313
280000  0.2154  4  3.5000  40.7347  0.0407
300000  0.2154  4  3.5000  41.2717  0.0413
320000  0.2154  4  3.5000  40.5318  0.0405
340000  0.2615  5  3.4000  37.2401  0.0372
360000  0.2615  5  3.4000  37.2396  0.0372
380000  0.4000  7  3.7143  44.8346  0.0448
400000  0.4000  7  3.7143  45.0034  0.0450
420000  0.4462  8  3.6250  42.6236  0.0426
440000  0.4462  7  4.1429  50.6694  0.0507
460000  0.4462  7  4.1429  50.6349  0.0506
480000  0.4923  7  4.5714  58.1780  0.0582
500000  0.4923  7  4.5714  58.1061  0.0581
520000  0.5231  7  4.8571  62.2225  0.0622
540000  0.5692  7  5.2857  69.4879  0.0695
560000  0.5692  7  5.2857  69.4683  0.0695
580000  0.5692  6  6.1667  82.9302  0.0829
600000  0.5846  6  6.3333  86.1675  0.0862
620000  0.5846  6  6.3333  85.7838  0.0858
640000  0.6462  7  6.0000  81.8434  0.0818
660000  0.6462  7  6.0000  81.7676  0.0818
680000  0.6154  6  6.6667  90.7307  0.0907
700000  0.6154  6  6.6667  90.4557  0.0905
720000  0.7538  8  6.1250  83.1668  0.0832
740000  0.7077  7  6.5714  89.4127  0.0894
760000  0.7077  7  6.5714  89.3462  0.0893
780000  0.7077  7  6.5714  89.0061  0.0890
800000  0.6923  7  6.4286  86.2198  0.0862
820000  0.6923  7  6.4286  85.5565  0.0856
840000  0.7231  7  6.7143  90.0774  0.0901
860000  0.7692  8  6.2500  83.1383  0.0831
880000  0.7538  8  6.1250  80.4581  0.0805
900000  0.8308  8  6.7500  91.2375  0.0912
920000  0.8462  7  7.8571  108.5991  0.1086
940000  0.8462  6  9.1667  128.5374  0.1285
960000  0.8462  6  9.1667  128.4814  0.1285
980000  0.8615  6  9.3333  130.1655  0.1302
1000000  0.8462  6  9.1667  127.1922  0.1272
1020000  0.8769  6  9.5000  131.2713  0.1313
1040000  0.8769  6  9.5000  131.3370  0.1313
1060000  0.8769  6  9.5000  131.3205  0.1313
1080000  0.8769  6  9.5000  130.7076  0.1307
1100000  0.8769  6  9.5000  130.9126  0.1309
1120000  0.8769  6  9.5000  130.4932  0.1305
1140000  0.8769  6  9.5000  130.5547  0.1306
1160000  0.8769  6  9.5000  130.5639  0.1306
1180000  0.8769  6  9.5000  130.2066  0.1302
1200000  0.8769  6  9.5000  130.4544  0.1305
1220000  0.8769  6  9.5000  130.0825  0.1301
1240000  0.9231  6  10.0000  138.1588  0.1382
1260000  0.9231  6  10.0000  138.1898  0.1382
1280000  0.9231  6  10.0000  138.0488  0.1380
1300000  0.9231  6  10.0000  138.3611  0.1384
1320000  0.9231  6  10.0000  138.0299  0.1380
1340000  0.9231  6  10.0000  138.1789  0.1382
1360000  0.9231  6  10.0000  138.2167  0.1382
1380000  0.9231  6  10.0000  138.1312  0.1381
1400000  0.9077  6  9.8333  134.9628  0.1350
1420000  0.8769  5  11.4000  157.9104  0.1579
1440000  0.9077  6  9.8333  134.9610  0.1350
1460000  0.9077  6  9.8333  134.9885  0.1350
1480000  0.8462  5  11.0000  149.0179  0.1490
1500000  0.8462  5  11.0000  149.0110  0.1490
1520000  0.8462  5  11.0000  148.6909  0.1487
1540000  0.8615  5  11.2000  151.4987  0.1515
1560000  0.8769  5  11.4000  154.0867  0.1541
1580000  0.9077  5  11.8000  159.8157  0.1598
1600000  0.9231  5  12.0000  162.3811  0.1624
1620000  0.9231  4  15.0000  205.8431  0.2058
1640000  0.9385  4  15.2500  209.2166  0.2092
1660000  0.9385  4  15.2500  209.1969  0.2092
1680000  0.9385  4  15.2500  206.0210  0.2060
1700000  0.9385  4  15.2500  205.9634  0.2060
1720000  0.9538  4  15.5000  209.2991  0.2093
1740000  0.9538  4  15.5000  209.5651  0.2096
1760000  0.9538  4  15.5000  209.5815  0.2096
1780000  0.9846  4  16.0000  216.0977  0.2161
1800000  1.0000  3  21.6667  297.1172  0.2971
1820000  1.0000  3  21.6667  296.3636  0.2964
1840000  1.0000  3  21.6667  296.4914  0.2965
1860000  1.0000  3  21.6667  296.6175  0.2966
1880000  1.0000  3  21.6667  296.2631  0.2963
1900000  1.0000  3  21.6667  296.9201  0.2969
1920000  1.0000  3  21.6667  296.2844  0.2963
1940000  1.0000  3  21.6667  296.5595  0.2966
1960000  1.0000  3  21.6667  296.6784  0.2967
1980000  1.0000  3  21.6667  296.4332  0.2964
2000000  1.0000  3  21.6667  297.1163  0.2971
2020000  1.0000  3  21.6667  296.4908  0.2965
2040000  1.0000  3  21.6667  296.7647  0.2968
2060000  1.0000  3  21.6667  296.8822  0.2969
2080000  1.0000  3  21.6667  296.6789  0.2967
2100000  1.0000  3  21.6667  297.3718  0.2974
2120000  1.0000  3  21.6667  296.7458  0.2967
2140000  1.0000  3  21.6667  297.0011  0.2970
2160000  1.0000  3  21.6667  297.1185  0.2971
2180000  1.0000  3  21.6667  296.9274  0.2969
2200000  1.0000  3  21.6667  297.6209  0.2976
2220000  1.0000  3  21.6667  297.0009  0.2970
2240000  1.0000  3  21.6667  297.2584  0.2973
2260000  1.0000  3  21.6667  297.3767  0.2974
2280000  1.0000  3  21.6667  297.1798  0.2972
2300000  1.0000  3  21.6667  297.8711  0.2979
2320000  1.0000  3  21.6667  297.2607  0.2973
2340000  1.0000  3  21.6667  297.5421  0.2975
2360000  1.0000  3  21.6667  297.6635  0.2977
2380000  1.0000  3  21.6667  297.4671  0.2975
2400000  1.0000  3  21.6667  298.1513  0.2982
2420000  1.0000  3  21.6667  297.5572  0.2976
2440000  1.0000  3  21.6667  297.8507  0.2979
2460000  1.0000  3  21.6667  297.9743  0.2980
2480000  1.0000  3  21.6667  297.7897  0.2978
2500000  1.0000  3  21.6667  298.4649  0.2985
2520000  1.0000  3  21.6667  297.8903  0.2979
2540000  1.0000  3  21.6667  298.1967  0.2982
2560000  1.0000  3  21.6667  298.3217  0.2983
2580000  1.0000  3  21.6667  298.1458  0.2981
2600000  1.0000  3  21.6667  298.8051  0.2988
2620000  1.0000  3  21.6667  298.2535  0.2983
2640000  1.0000  3  21.6667  298.5659  0.2986
2660000  1.0000  3  21.6667  298.6942  0.2987
2680000  1.0000  3  21.6667  298.5201  0.2985
2700000  1.0000  3  21.6667  299.1595  0.2992
2720000  1.0000  3  21.6667  298.6319  0.2986
2740000  1.0000  3  21.6667  298.9659  0.2990
2760000  1.0000  3  21.6667  299.0949  0.2991
2780000  1.0000  3  21.6667  298.9218  0.2989
2800000  1.0000  2  32.5000  459.7481  0.4597
2820000  1.0000  3  21.6667  299.0427  0.2990
2840000  1.0000  2  32.5000  459.3520  0.4594
2860000  1.0000  2  32.5000  459.4938  0.4595
2880000  1.0000  2  32.5000  459.0911  0.4591
2900000  1.0000  2  32.5000  459.7231  0.4597
2920000  1.0000  2  32.5000  459.0545  0.4591
2940000  1.0000  2  32.5000  459.3362  0.4593
2960000  1.0000  2  32.5000  459.4818  0.4595
2980000  1.0000  2  32.5000  459.0735  0.4591
3000000  1.0000  2  32.5000  459.6971  0.4597
3020000  1.0000  2  32.5000  459.0347  0.4590
3040000  1.0000  2  32.5000  459.3073  0.4593
3060000  1.0000  2  32.5000  459.4533  0.4595
3080000  1.0000  2  32.5000  459.0416  0.4590
3100000  1.0000  2  32.5000  459.6483  0.4596
3120000  1.0000  2  32.5000  458.9912  0.4590
3140000  1.0000  2  32.5000  459.2603  0.4593
3160000  1.0000  2  32.5000  459.4076  0.4594
3180000  1.0000  2  32.5000  458.9707  0.4590
3200000  1.0000  2  32.5000  459.5630  0.4596
3220000  1.0000  2  32.5000  458.9097  0.4589
3240000  1.0000  2  32.5000  459.1958  0.4592
3260000  1.0000  2  32.5000  459.3430  0.4593
3280000  1.0000  2  32.5000  458.8990  0.4589
3300000  1.0000  2  32.5000  459.4843  0.4595
3320000  1.0000  2  32.5000  458.8351  0.4588
3340000  1.0000  2  32.5000  459.1191  0.4591
3360000  1.0000  2  32.5000  459.2685  0.4593
3380000  1.0000  2  32.5000  458.8309  0.4588
3400000  1.0000  2  32.5000  459.4134  0.4594
3420000  1.0000  2  32.5000  458.7645  0.4588
3440000  1.0000  2  32.5000  459.0450  0.4590
3460000  1.0000  2  32.5000  459.1937  0.4592
3480000  1.0000  2  32.5000  458.7506  0.4588
3500000  1.0000  2  32.5000  459.3296  0.4593
3520000  1.0000  2  32.5000  458.6822  0.4587
3540000  1.0000  2  32.5000  458.9493  0.4589
3560000  1.0000  2  32.5000  459.0961  0.4591
3580000  1.0000  2  32.5000  458.6466  0.4586
3600000  1.0000  2  32.5000  459.2164  0.4592
3620000  1.0000  2  32.5000  458.5699  0.4586
3640000  1.0000  2  32.5000  458.8577  0.4589
3660000  1.0000  2  32.5000  459.0034  0.4590
3680000  1.0000  2  32.5000  458.5388  0.4585
3700000  1.0000  2  32.5000  459.1058  0.4591
3720000  1.0000  2  32.5000  458.4619  0.4585
3740000  1.0000  2  32.5000  458.7555  0.4588
3760000  1.0000  2  32.5000  458.8993  0.4589
3780000  1.0000  2  32.5000  458.4407  0.4584
3800000  1.0000  2  32.5000  459.0092  0.4590
3820000  1.0000  2  32.5000  458.3666  0.4584
3840000  1.0000  2  32.5000  458.6591  0.4587
3860000  1.0000  2  32.5000  458.8041  0.4588
3880000  1.0000  2  32.5000  458.3502  0.4584
3900000  1.0000  2  32.5000  458.9166  0.4589
3920000  1.0000  2  32.5000  458.2766  0.4583
3940000  1.0000  2  32.5000  458.5630  0.4586
3960000  1.0000  2  32.5000  458.7057  0.4587
3980000  1.0000  2  32.5000  458.2553  0.4583
4000000  1.0000  2  32.5000  458.8197  0.4588
