1500  1.3215  1.3215  41.0283
3000  1.3215  1.3215  41.0278
4500  1.3218  1.3216  41.0184
6000  1.3222  1.3218  41.0072
7500  1.3225  1.3219  40.9970
9000  1.3228  1.3220  40.9886
10500  1.3231  1.3222  40.9800
12000  1.3233  1.3223  40.9716
13500  1.3240  1.3225  40.9493
15000  1.3254  1.3228  40.9090
16500  1.3263  1.3231  40.8790
18000  1.3267  1.3234  40.8671
19500  1.3268  1.3237  40.8649
21000  1.3264  1.3239  40.8763
22500  1.3256  1.3240  40.9022
24000  1.3247  1.3240  40.9296
25500  1.3242  1.3240  40.9447
27000  1.3241  1.3240  40.9467
28500  1.3243  1.3241  40.9404
30000  1.3250  1.3241  40.9195
31500  1.3262  1.3242  40.8816
33000  1.3279  1.3244  40.8303
34500  1.3292  1.3246  40.7903
36000  1.3295  1.3248  40.7810
37500  1.3292  1.3250  40.7908
39000  1.3286  1.3251  40.8100
40500  1.3278  1.3252  40.8339
42000  1.3274  1.3253  40.8452
43500  1.3281  1.3254  40.8233
45000  1.3295  1.3255  40.7804
46500  1.3305  1.3257  40.7510
48000  1.3309  1.3258  40.7377
49500  1.3306  1.3260  40.7462
51000  1.3299  1.3261  40.7699
52500  1.3292  1.3262  40.7907
54000  1.3291  1.3263  40.7938
55500  1.3294  1.3264  40.7830
57000  1.3298  1.3265  40.7720
58500  1.3299  1.3265  40.7692
60000  1.3296  1.3266  40.7792
61500  1.3289  1.3267  40.7984
63000  1.3282  1.3267  40.8200
64500  1.3275  1.3267  40.8423
66000  1.3269  1.3267  40.8614
67500  1.3272  1.3267  40.8516
69000  1.3288  1.3268  40.8023
70500  1.3304  1.3269  40.7544
72000  1.3313  1.3270  40.7251
73500  1.3317  1.3271  40.7132
75000  1.3320  1.3272  40.7042
76500  1.3326  1.3273  40.6865
78000  1.3332  1.3274  40.6692
79500  1.3337  1.3275  40.6529
81000  1.3344  1.3276  40.6313
82500  1.3348  1.3278  40.6199
84000  1.3346  1.3279  40.6257
85500  1.3338  1.3280  40.6494
87000  1.3329  1.3281  40.6767
88500  1.3321  1.3281  40.7007
90000  1.3313  1.3282  40.7272
91500  1.3304  1.3282  40.7550
93000  1.3298  1.3282  40.7734
94500  1.3300  1.3283  40.7665
96000  1.3309  1.3283  40.7369
97500  1.3316  1.3284  40.7173
99000  1.3316  1.3284  40.7171
100500  1.3311  1.3285  40.7333
102000  1.3304  1.3285  40.7549
103500  1.3295  1.3285  40.7824
105000  1.3284  1.3285  40.8145
106500  1.3274  1.3285  40.8450
108000  1.3265  1.3285  40.8728
109500  1.3257  1.3284  40.8996
111000  1.3246  1.3284  40.9315
112500  1.3233  1.3283  40.9711
114000  1.3219  1.3282  41.0154
115500  1.3206  1.3281  41.0559
117000  1.3198  1.3280  41.0813
118500  1.3193  1.3279  41.0956
120000  1.3191  1.3278  41.1029
121500  1.3191  1.3277  41.1021
123000  1.3193  1.3276  41.0953
124500  1.3197  1.3275  41.0843
126000  1.3199  1.3274  41.0783
127500  1.3202  1.3273  41.0702
129000  1.3203  1.3272  41.0650
130500  1.3203  1.3271  41.0644
132000  1.3202  1.3271  41.0695
133500  1.3200  1.3270  41.0753
135000  1.3201  1.3269  41.0724
136500  1.3202  1.3268  41.0681
138000  1.3201  1.3268  41.0721
139500  1.3197  1.3267  41.0848
141000  1.3192  1.3266  41.1009
142500  1.3188  1.3265  41.1111
144000  1.3190  1.3264  41.1045
145500  1.3198  1.3264  41.0800
147000  1.3207  1.3263  41.0527
148500  1.3213  1.3263  41.0348
150000  1.3214  1.3262  41.0315
151500  1.3211  1.3262  41.0416
153000  1.3206  1.3261  41.0558
154500  1.3202  1.3261  41.0693
156000  1.3200  1.3260  41.0743
157500  1.3203  1.3259  41.0655
159000  1.3207  1.3259  41.0525
160500  1.3211  1.3259  41.0410
162000  1.3213  1.3258  41.0337
163500  1.3214  1.3258  41.0323
165000  1.3215  1.3257  41.0297
166500  1.3220  1.3257  41.0130
168000  1.3229  1.3257  40.9845
169500  1.3243  1.3257  40.9423
171000  1.3252  1.3257  40.9137
172500  1.3258  1.3257  40.8953
174000  1.3259  1.3257  40.8926
175500  1.3255  1.3257  40.9040
177000  1.3249  1.3257  40.9233
178500  1.3243  1.3256  40.9420
180000  1.3243  1.3256  40.9420
181500  1.3251  1.3256  40.9174
183000  1.3265  1.3256  40.8723
184500  1.3280  1.3257  40.8264
186000  1.3292  1.3257  40.7907
187500  1.3299  1.3257  40.7678
189000  1.3302  1.3258  40.7591
190500  1.3301  1.3258  40.7620
192000  1.3299  1.3258  40.7701
193500  1.3298  1.3258  40.7723
195000  1.3301  1.3259  40.7633
196500  1.3304  1.3259  40.7548
198000  1.3304  1.3259  40.7542
199500  1.3300  1.3260  40.7659
201000  1.3295  1.3260  40.7827
202500  1.3292  1.3260  40.7893
204000  1.3294  1.3261  40.7858
205500  1.3297  1.3261  40.7743
207000  1.3301  1.3261  40.7626
208500  1.3303  1.3261  40.7567
210000  1.3303  1.3262  40.7561
211500  1.3305  1.3262  40.7509
213000  1.3310  1.3262  40.7355
214500  1.3312  1.3263  40.7278
216000  1.3308  1.3263  40.7417
217500  1.3301  1.3263  40.7616
219000  1.3301  1.3264  40.7615
220500  1.3305  1.3264  40.7504
222000  1.3307  1.3264  40.7440
223500  1.3305  1.3264  40.7496
225000  1.3303  1.3265  40.7572
226500  1.3301  1.3265  40.7627
228000  1.3300  1.3265  40.7663
229500  1.3301  1.3265  40.7633
231000  1.3302  1.3266  40.7597
232500  1.3300  1.3266  40.7672
234000  1.3297  1.3266  40.7752
235500  1.3301  1.3266  40.7644
237000  1.3305  1.3266  40.7519
238500  1.3300  1.3267  40.7650
240000  1.3288  1.3267  40.8027
241500  1.3273  1.3267  40.8491
243000  1.3260  1.3267  40.8900
244500  1.3251  1.3267  40.9157
246000  1.3246  1.3267  40.9336
247500  1.3243  1.3266  40.9426
249000  1.3246  1.3266  40.9330
250500  1.3255  1.3266  40.9053
252000  1.3267  1.3266  40.8674
253500  1.3276  1.3266  40.8392
255000  1.3280  1.3266  40.8283
256500  1.3283  1.3266  40.8187
258000  1.3285  1.3267  40.8124
259500  1.3283  1.3267  40.8185
261000  1.3277  1.3267  40.8369
262500  1.3272  1.3267  40.8511
264000  1.3271  1.3267  40.8555
265500  1.3270  1.3267  40.8583
267000  1.3266  1.3267  40.8716
268500  1.3261  1.3267  40.8846
270000  1.3261  1.3267  40.8847
271500  1.3262  1.3267  40.8839
273000  1.3258  1.3267  40.8963
274500  1.3253  1.3267  40.9117
276000  1.3250  1.3267  40.9209
277500  1.3250  1.3266  40.9185
279000  1.3255  1.3266  40.9052
280500  1.3258  1.3266  40.8937
282000  1.3261  1.3266  40.8865
283500  1.3263  1.3266  40.8800
285000  1.3266  1.3266  40.8690
286500  1.3274  1.3266  40.8450
288000  1.3285  1.3266  40.8113
289500  1.3292  1.3267  40.7920
291000  1.3291  1.3267  40.7921
292500  1.3288  1.3267  40.8019
294000  1.3286  1.3267  40.8079
295500  1.3286  1.3267  40.8088
297000  1.3290  1.3267  40.7982
298500  1.3297  1.3267  40.7739
300000  1.3305  1.3267  40.7508
