1500  1.0864  1.0864  73.2592
3000  1.0856  1.0860  73.3114
4500  1.0845  1.0855  73.3868
6000  1.0838  1.0851  73.4351
7500  1.0836  1.0848  73.4475
9000  1.0837  1.0846  73.4421
10500  1.0839  1.0845  73.4300
12000  1.0836  1.0844  73.4506
13500  1.0830  1.0842  73.4874
15000  1.0828  1.0841  73.5052
16500  1.0828  1.0840  73.5057
18000  1.0829  1.0839  73.4998
19500  1.0833  1.0838  73.4725
21000  1.0836  1.0838  73.4505
22500  1.0836  1.0838  73.4466
24000  1.0837  1.0838  73.4416
25500  1.0837  1.0838  73.4446
27000  1.0836  1.0838  73.4498
28500  1.0828  1.0837  73.5013
30000  1.0825  1.0837  73.5212
31500  1.0831  1.0836  73.4857
33000  1.0834  1.0836  73.4638
34500  1.0839  1.0836  73.4274
36000  1.0848  1.0837  73.3658
37500  1.0855  1.0838  73.3206
39000  1.0864  1.0839  73.2575
40500  1.0871  1.0840  73.2134
42000  1.0869  1.0841  73.2236
43500  1.0869  1.0842  73.2292
45000  1.0880  1.0843  73.1549
46500  1.0884  1.0844  73.1227
48000  1.0876  1.0845  73.1810
49500  1.0866  1.0846  73.2460
51000  1.0855  1.0846  73.3228
52500  1.0842  1.0846  73.4075
54000  1.0834  1.0846  73.4616
55500  1.0828  1.0845  73.5020
57000  1.0825  1.0845  73.5207
58500  1.0825  1.0844  73.5208
60000  1.0825  1.0844  73.5242
61500  1.0825  1.0843  73.5208
63000  1.0831  1.0843  73.4834
64500  1.0842  1.0843  73.4089
66000  1.0852  1.0843  73.3426
67500  1.0851  1.0844  73.3492
69000  1.0848  1.0844  73.3702
70500  1.0845  1.0844  73.3866
72000  1.0849  1.0844  73.3607
73500  1.0864  1.0844  73.2593
75000  1.0873  1.0845  73.2025
76500  1.0862  1.0845  73.2742
78000  1.0856  1.0845  73.3115
79500  1.0861  1.0846  73.2804
81000  1.0866  1.0846  73.2453
82500  1.0876  1.0847  73.1805
84000  1.0886  1.0847  73.1125
85500  1.0886  1.0848  73.1108
87000  1.0884  1.0849  73.1279
88500  1.0881  1.0849  73.1437
90000  1.0874  1.0849  73.1944
91500  1.0866  1.0850  73.2434
93000  1.0857  1.0850  73.3049
94500  1.0853  1.0850  73.3311
96000  1.0861  1.0850  73.2792
97500  1.0867  1.0850  73.2373
99000  1.0865  1.0851  73.2524
100500  1.0861  1.0851  73.2790
102000  1.0863  1.0851  73.2648
103500  1.0867  1.0851  73.2415
105000  1.0869  1.0851  73.2264
106500  1.0866  1.0852  73.2493
108000  1.0857  1.0852  73.3049
109500  1.0853  1.0852  73.3336
111000  1.0851  1.0852  73.3486
112500  1.0838  1.0852  73.4345
114000  1.0825  1.0851  73.5227
115500  1.0817  1.0851  73.5776
117000  1.0814  1.0850  73.5974
118500  1.0807  1.0850  73.6493
120000  1.0802  1.0849  73.6818
121500  1.0806  1.0849  73.6516
123000  1.0821  1.0848  73.5481
124500  1.0845  1.0848  73.3892
126000  1.0857  1.0848  73.3071
127500  1.0855  1.0848  73.3185
129000  1.0862  1.0849  73.2703
130500  1.0873  1.0849  73.1992
132000  1.0874  1.0849  73.1900
133500  1.0872  1.0849  73.2058
135000  1.0874  1.0850  73.1910
136500  1.0880  1.0850  73.1501
138000  1.0886  1.0850  73.1120
139500  1.0885  1.0851  73.1155
141000  1.0888  1.0851  73.0966
142500  1.0899  1.0852  73.0271
144000  1.0907  1.0852  72.9712
145500  1.0911  1.0853  72.9473
147000  1.0914  1.0853  72.9269
148500  1.0920  1.0854  72.8843
150000  1.0927  1.0855  72.8368
151500  1.0935  1.0856  72.7830
153000  1.0945  1.0857  72.7183
154500  1.0956  1.0858  72.6437
156000  1.0959  1.0858  72.6262
157500  1.0955  1.0859  72.6537
159000  1.0954  1.0860  72.6595
160500  1.0951  1.0861  72.6769
162000  1.0939  1.0862  72.7577
163500  1.0928  1.0862  72.8310
165000  1.0917  1.0863  72.9019
166500  1.0912  1.0863  72.9354
168000  1.0911  1.0864  72.9471
169500  1.0908  1.0864  72.9642
171000  1.0903  1.0865  72.9999
172500  1.0896  1.0865  73.0482
174000  1.0885  1.0865  73.1183
175500  1.0880  1.0865  73.1534
177000  1.0878  1.0865  73.1649
178500  1.0869  1.0865  73.2255
180000  1.0864  1.0865  73.2589
181500  1.0870  1.0865  73.2173
183000  1.0888  1.0866  73.0980
184500  1.0905  1.0866  72.9872
186000  1.0896  1.0866  73.0454
187500  1.0887  1.0866  73.1037
189000  1.0891  1.0866  73.0792
190500  1.0898  1.0867  73.0339
192000  1.0902  1.0867  73.0045
193500  1.0908  1.0867  72.9627
195000  1.0915  1.0868  72.9176
196500  1.0916  1.0868  72.9115
198000  1.0913  1.0868  72.9342
199500  1.0904  1.0869  72.9917
201000  1.0897  1.0869  73.0360
202500  1.0887  1.0869  73.1030
204000  1.0884  1.0869  73.1275
205500  1.0885  1.0869  73.1217
207000  1.0883  1.0869  73.1306
208500  1.0873  1.0869  73.1971
210000  1.0867  1.0869  73.2390
211500  1.0863  1.0869  73.2654
213000  1.0864  1.0869  73.2577
214500  1.0875  1.0869  73.1870
216000  1.0877  1.0869  73.1708
217500  1.0876  1.0869  73.1807
219000  1.0881  1.0869  73.1457
220500  1.0890  1.0870  73.0846
222000  1.0895  1.0870  73.0548
223500  1.0900  1.0870  73.0171
225000  1.0914  1.0870  72.9221
226500  1.0931  1.0871  72.8103
228000  1.0930  1.0871  72.8200
229500  1.0916  1.0871  72.9144
231000  1.0904  1.0872  72.9892
232500  1.0901  1.0872  73.0092
234000  1.0905  1.0872  72.9833
235500  1.0907  1.0872  72.9708
237000  1.0904  1.0872  72.9882
238500  1.0899  1.0873  73.0269
240000  1.0890  1.0873  73.0846
241500  1.0881  1.0873  73.1432
243000  1.0873  1.0873  73.1986
244500  1.0872  1.0873  73.2045
246000  1.0880  1.0873  73.1503
247500  1.0898  1.0873  73.0284
249000  1.0899  1.0873  73.0239
250500  1.0892  1.0873  73.0743
252000  1.0887  1.0873  73.1061
253500  1.0870  1.0873  73.2180
255000  1.0867  1.0873  73.2374
256500  1.0870  1.0873  73.2221
258000  1.0863  1.0873  73.2641
259500  1.0856  1.0873  73.3138
261000  1.0849  1.0873  73.3584
262500  1.0845  1.0873  73.3892
264000  1.0838  1.0873  73.4381
265500  1.0835  1.0872  73.4562
267000  1.0835  1.0872  73.4587
268500  1.0821  1.0872  73.5483
270000  1.0806  1.0871  73.6563
271500  1.0797  1.0871  73.7176
273000  1.0793  1.0871  73.7400
274500  1.0794  1.0870  73.7339
276000  1.0795  1.0870  73.7311
277500  1.0791  1.0869  73.7576
279000  1.0786  1.0869  73.7882
280500  1.0785  1.0868  73.7993
282000  1.0787  1.0868  73.7854
283500  1.0794  1.0868  73.7374
285000  1.0798  1.0867  73.7066
286500  1.0798  1.0867  73.7073
288000  1.0794  1.0867  73.7366
289500  1.0789  1.0866  73.7718
291000  1.0787  1.0866  73.7810
292500  1.0787  1.0865  73.7812
294000  1.0783  1.0865  73.8074
295500  1.0774  1.0864  73.8743
297000  1.0768  1.0864  73.9166
298500  1.0772  1.0863  73.8835
300000  1.0782  1.0863  73.8147
