10000  0.3143  10  4.4000  56.6073  0.0566
20000  0.3143  10  4.4000  56.5464  0.0565
30000  0.3357  10  4.7000  60.9992  0.0610
40000  0.3500  11  4.4545  57.2322  0.0572
50000  0.3714  12  4.3333  55.3812  0.0554
60000  0.3571  13  3.8462  46.8766  0.0469
70000  0.4000  15  3.7333  44.6486  0.0446
80000  0.4357  17  3.5882  42.6377  0.0426
90000  0.3786  14  3.7857  44.3218  0.0443
100000  0.3714  12  4.3333  51.7831  0.0518
110000  0.3643  12  4.2500  49.8152  0.0498
120000  0.3714  13  4.0000  45.2072  0.0452
130000  0.4071  15  3.8000  41.9179  0.0419
140000  0.4357  16  3.8125  41.8528  0.0419
150000  0.4500  14  4.5000  51.6173  0.0516
160000  0.4857  17  4.0000  44.7052  0.0447
170000  0.4643  15  4.3333  48.3120  0.0483
180000  0.4857  14  4.8571  56.1609  0.0562
190000  0.5214  15  4.8667  56.0716  0.0561
200000  0.5214  15  4.8667  55.6895  0.0557
210000  0.5214  15  4.8667  55.5518  0.0556
220000  0.5571  15  5.2000  61.5983  0.0616
230000  0.5714  16  5.0000  58.7358  0.0587
240000  0.5571  16  4.8750  57.0625  0.0571
250000  0.5500  16  4.8125  56.3161  0.0563
260000  0.5357  16  4.6875  54.3000  0.0543
270000  0.5500  16  4.8125  56.0041  0.0560
280000  0.5286  15  4.9333  57.4361  0.0574
290000  0.5214  15  4.8667  56.4161  0.0564
300000  0.4929  14  4.9286  56.8203  0.0568
310000  0.5429  16  4.7500  54.6463  0.0546
320000  0.5643  17  4.6471  53.7064  0.0537
330000  0.5500  16  4.8125  55.8688  0.0559
340000  0.6429  17  5.2941  63.0467  0.0630
350000  0.6786  18  5.2778  63.6522  0.0637
360000  0.7143  16  6.2500  77.8824  0.0779
370000  0.7500  17  6.1765  77.0866  0.0771
380000  0.7357  16  6.4375  81.2786  0.0813
390000  0.7786  17  6.4118  81.0153  0.0810
400000  0.7429  15  6.9333  88.3068  0.0883
410000  0.7929  17  6.5294  80.5229  0.0805
420000  0.8429  17  6.9412  86.3421  0.0863
430000  0.8429  16  7.3750  92.7692  0.0928
440000  0.8357  16  7.3125  91.5194  0.0915
450000  0.8643  17  7.1176  89.3546  0.0894
460000  0.8571  17  7.0588  88.4971  0.0885
470000  0.8429  17  6.9412  87.0017  0.0870
480000  0.8429  17  6.9412  87.1010  0.0871
490000  0.8429  16  7.3750  93.4025  0.0934
500000  0.8429  16  7.3750  93.3814  0.0934
510000  0.8429  17  6.9412  87.0354  0.0870
520000  0.8500  17  7.0000  87.8094  0.0878
530000  0.8429  17  6.9412  86.8935  0.0869
540000  0.8714  16  7.6250  96.9294  0.0969
550000  0.8714  14  8.7143  112.7026  0.1127
560000  0.8714  14  8.7143  112.2255  0.1122
570000  0.8786  13  9.4615  122.9450  0.1229
580000  0.8857  13  9.5385  124.5667  0.1246
590000  0.8929  13  9.6154  125.4579  0.1255
600000  0.9000  13  9.6923  126.3848  0.1264
610000  0.9000  13  9.6923  126.1173  0.1261
620000  0.9071  13  9.7692  126.9171  0.1269
630000  0.9143  13  9.8462  128.2276  0.1282
640000  0.9214  13  9.9231  129.1002  0.1291
650000  0.9214  11  11.7273  155.0392  0.1550
660000  0.9357  12  10.9167  142.3663  0.1424
670000  0.9429  11  12.0000  157.6419  0.1576
680000  0.9429  10  13.2000  174.5962  0.1746
690000  0.9429  10  13.2000  174.4110  0.1744
700000  0.9429  10  13.2000  174.2831  0.1743
710000  0.9429  10  13.2000  174.1871  0.1742
720000  0.9500  10  13.3000  175.9570  0.1760
730000  0.9500  10  13.3000  175.9211  0.1759
740000  0.9500  10  13.3000  175.9206  0.1759
750000  0.9500  10  13.3000  175.9367  0.1759
760000  0.9500  10  13.3000  175.9527  0.1760
770000  0.9500  10  13.3000  175.9570  0.1760
780000  0.9500  10  13.3000  175.9436  0.1759
790000  0.9429  10  13.2000  174.1366  0.1741
800000  0.9429  10  13.2000  174.1457  0.1741
810000  0.9429  11  12.0000  157.0020  0.1570
820000  0.9643  8  16.8750  226.3372  0.2263
830000  0.9643  8  16.8750  226.4120  0.2264
840000  0.9643  7  19.2857  260.9137  0.2609
850000  0.9643  6  22.5000  308.1069  0.3081
860000  0.9714  6  22.6667  310.5826  0.3106
870000  0.9714  6  22.6667  309.5799  0.3096
880000  0.9714  6  22.6667  309.4731  0.3095
890000  0.9714  7  19.4286  262.0628  0.2621
900000  0.9714  7  19.4286  261.7420  0.2617
910000  0.9714  7  19.4286  261.5226  0.2615
920000  0.9714  6  22.6667  308.4492  0.3084
930000  0.9857  6  23.0000  313.2204  0.3132
940000  0.9857  5  27.6000  379.9072  0.3799
950000  0.9857  4  34.5000  478.0436  0.4780
960000  0.9929  4  34.7500  483.0410  0.4830
970000  0.9929  4  34.7500  482.9971  0.4830
980000  0.9929  4  34.7500  482.9737  0.4830
990000  0.9929  4  34.7500  482.9656  0.4830
1000000  0.9929  4  34.7500  482.9642  0.4830
1010000  0.9929  4  34.7500  482.9529  0.4830
1020000  0.9929  4  34.7500  482.9272  0.4829
1030000  0.9929  4  34.7500  482.8824  0.4829
1040000  0.9929  4  34.7500  482.8318  0.4828
1050000  0.9857  3  46.0000  641.6364  0.6416
1060000  0.9857  3  46.0000  641.8406  0.6418
1070000  0.9857  3  46.0000  642.1779  0.6422
1080000  0.9857  3  46.0000  642.5967  0.6426
1090000  0.9929  3  46.3333  647.8602  0.6479
1100000  0.9929  3  46.3333  647.7007  0.6477
1110000  0.9929  2  69.5000  978.9801  0.9790
1120000  0.9929  2  69.5000  978.3979  0.9784
1130000  0.9929  3  46.3333  644.9285  0.6449
1140000  0.9929  3  46.3333  644.7902  0.6448
1150000  0.9929  3  46.3333  644.7520  0.6448
1160000  0.9929  3  46.3333  644.7302  0.6447
1170000  0.9929  3  46.3333  644.7173  0.6447
1180000  0.9929  3  46.3333  644.7359  0.6447
1190000  0.9929  3  46.3333  644.7853  0.6448
1200000  0.9929  2  69.5000  977.7333  0.9777
1210000  0.9929  2  69.5000  977.7569  0.9778
1220000  0.9929  2  69.5000  977.7964  0.9778
1230000  0.9929  2  69.5000  977.8497  0.9778
1240000  0.9929  2  69.5000  977.8793  0.9779
1250000  0.9929  2  69.5000  977.8856  0.9779
1260000  0.9929  2  69.5000  977.8805  0.9779
1270000  0.9929  2  69.5000  977.8851  0.9779
1280000  0.9929  2  69.5000  977.9261  0.9779
1290000  0.9929  2  69.5000  978.0237  0.9780
1300000  0.9929  2  69.5000  978.2256  0.9782
1310000  0.9929  2  69.5000  978.5680  0.9786
1320000  0.9786  2  68.5000  962.4045  0.9624
1330000  0.9786  2  68.5000  973.3140  0.9733
1340000  0.9929  2  69.5000  993.1062  0.9931
1350000  0.9929  2  69.5000  1000.4750  1.0005
1360000  0.9929  2  69.5000  1000.5637  1.0006
1370000  0.9929  2  69.5000  1000.6714  1.0007
1380000  0.9929  2  69.5000  1000.5743  1.0006
1390000  0.9929  2  69.5000  1000.3931  1.0004
1400000  0.9929  2  69.5000  989.7477  0.9897
1410000  0.9929  2  69.5000  989.4657  0.9895
1420000  0.9929  2  69.5000  989.4073  0.9894
1430000  0.9929  2  69.5000  989.4689  0.9895
1440000  0.9929  2  69.5000  989.5228  0.9895
1450000  0.9929  2  69.5000  989.5275  0.9895
1460000  0.9929  2  69.5000  989.5374  0.9895
1470000  0.9929  2  69.5000  989.5416  0.9895
1480000  0.9929  2  69.5000  989.5460  0.9895
1490000  0.9929  2  69.5000  989.5465  0.9895
1500000  0.9929  2  69.5000  989.5438  0.9895
1510000  0.9929  2  69.5000  989.5450  0.9895
1520000  0.9929  2  69.5000  989.5615  0.9896
1530000  0.9929  2  69.5000  989.6050  0.9896
1540000  0.9929  2  69.5000  989.7060  0.9897
1550000  0.9929  2  69.5000  989.9211  0.9899
1560000  0.9929  2  69.5000  1000.4892  1.0005
1570000  0.9929  2  69.5000  1000.5837  1.0006
1580000  0.9929  2  69.5000  1000.7382  1.0007
1590000  0.9929  2  69.5000  991.2203  0.9912
1600000  0.9929  2  69.5000  991.4467  0.9914
1610000  0.9929  2  69.5000  991.6176  0.9916
1620000  0.9929  2  69.5000  1000.6373  1.0006
1630000  0.9929  2  69.5000  989.9136  0.9899
1640000  0.9929  2  69.5000  989.3619  0.9894
1650000  0.9929  2  69.5000  988.9207  0.9889
1660000  0.9857  2  69.0000  981.8479  0.9818
1670000  0.9857  2  69.0000  981.5740  0.9816
1680000  0.9857  2  69.0000  973.6835  0.9737
1690000  0.9857  2  69.0000  973.3657  0.9734
1700000  0.9857  2  69.0000  973.0847  0.9731
1710000  0.9857  2  69.0000  972.8531  0.9729
1720000  0.9857  2  69.0000  972.6851  0.9727
1730000  0.9857  2  69.0000  972.5906  0.9726
1740000  0.9857  2  69.0000  972.5568  0.9726
1750000  0.9857  2  69.0000  972.5580  0.9726
1760000  0.9857  2  69.0000  972.5856  0.9726
1770000  0.9857  2  69.0000  972.6456  0.9726
1780000  0.9857  2  69.0000  972.7324  0.9727
1790000  0.9857  2  69.0000  972.8470  0.9728
1800000  0.9857  2  69.0000  973.0101  0.9730
1810000  0.9857  2  69.0000  973.2256  0.9732
1820000  0.9857  2  69.0000  973.4836  0.9735
1830000  0.9857  2  69.0000  981.5643  0.9816
1840000  0.9857  2  69.0000  981.6461  0.9816
1850000  0.9857  2  69.0000  981.5677  0.9816
1860000  0.9929  2  69.5000  988.1784  0.9882
1870000  0.9929  2  69.5000  987.8225  0.9878
1880000  0.9929  2  69.5000  987.5048  0.9875
1890000  0.9929  2  69.5000  987.1230  0.9871
1900000  0.9929  2  69.5000  986.7513  0.9868
1910000  0.9929  2  69.5000  986.4318  0.9864
1920000  1.0000  2  70.0000  994.5305  0.9945
1930000  1.0000  2  70.0000  994.2365  0.9942
1940000  1.0000  2  70.0000  994.0018  0.9940
1950000  1.0000  2  70.0000  993.8170  0.9938
1960000  1.0000  2  70.0000  993.6841  0.9937
1970000  1.0000  2  70.0000  993.5963  0.9936
1980000  1.0000  2  70.0000  993.5388  0.9935
1990000  1.0000  2  70.0000  993.5125  0.9935
2000000  1.0000  2  70.0000  993.5059  0.9935
