5000  0.5910  0.5910  85.1142
10000  0.5910  0.5910  85.1127
15000  0.5910  0.5910  85.1122
20000  0.5910  0.5910  85.1129
25000  0.5910  0.5910  85.1143
30000  0.5910  0.5910  85.1140
35000  0.5910  0.5910  85.1156
40000  0.5910  0.5910  85.1157
45000  0.5910  0.5910  85.1172
50000  0.5910  0.5910  85.1172
55000  0.5910  0.5910  85.1182
60000  0.5910  0.5910  85.1174
65000  0.5909  0.5910  85.1194
70000  0.5909  0.5910  85.1200
75000  0.5910  0.5910  85.1188
80000  0.5909  0.5910  85.1196
85000  0.5909  0.5910  85.1206
90000  0.5909  0.5910  85.1194
95000  0.5909  0.5910  85.1208
100000  0.5909  0.5910  85.1214
105000  0.5909  0.5910  85.1211
110000  0.5909  0.5910  85.1214
115000  0.5909  0.5910  85.1223
120000  0.5909  0.5910  85.1227
125000  0.5909  0.5910  85.1245
130000  0.5909  0.5910  85.1251
135000  0.5909  0.5910  85.1241
140000  0.5909  0.5910  85.1252
145000  0.5909  0.5910  85.1230
150000  0.5909  0.5910  85.1233
155000  0.5909  0.5909  85.1243
160000  0.5909  0.5909  85.1221
165000  0.5909  0.5909  85.1216
170000  0.5909  0.5909  85.1216
175000  0.5909  0.5909  85.1209
180000  0.5909  0.5909  85.1210
185000  0.5909  0.5909  85.1207
190000  0.5909  0.5909  85.1209
195000  0.5909  0.5909  85.1226
200000  0.5909  0.5909  85.1211
205000  0.5909  0.5909  85.1202
210000  0.5909  0.5909  85.1200
215000  0.5910  0.5909  85.1177
220000  0.5910  0.5909  85.1180
225000  0.5910  0.5909  85.1174
230000  0.5910  0.5909  85.1165
235000  0.5910  0.5909  85.1142
240000  0.5910  0.5909  85.1154
245000  0.5910  0.5909  85.1141
250000  0.5910  0.5910  85.1128
255000  0.5910  0.5910  85.1134
260000  0.5910  0.5910  85.1125
265000  0.5910  0.5910  85.1120
270000  0.5910  0.5910  85.1122
275000  0.5910  0.5910  85.1117
280000  0.5910  0.5910  85.1115
285000  0.5910  0.5910  85.1108
290000  0.5910  0.5910  85.1124
295000  0.5910  0.5910  85.1120
300000  0.5910  0.5910  85.1121
305000  0.5910  0.5910  85.1121
310000  0.5910  0.5910  85.1135
315000  0.5910  0.5910  85.1116
320000  0.5910  0.5910  85.1116
325000  0.5910  0.5910  85.1127
330000  0.5910  0.5910  85.1121
335000  0.5910  0.5910  85.1114
340000  0.5910  0.5910  85.1133
345000  0.5910  0.5910  85.1131
350000  0.5910  0.5910  85.1125
355000  0.5910  0.5910  85.1121
360000  0.5910  0.5910  85.1111
365000  0.5910  0.5910  85.1114
370000  0.5910  0.5910  85.1133
375000  0.5910  0.5910  85.1127
380000  0.5910  0.5910  85.1127
385000  0.5910  0.5910  85.1124
390000  0.5910  0.5910  85.1126
395000  0.5910  0.5910  85.1151
400000  0.5910  0.5910  85.1143
405000  0.5910  0.5910  85.1144
410000  0.5910  0.5910  85.1162
415000  0.5910  0.5910  85.1165
420000  0.5910  0.5910  85.1163
425000  0.5910  0.5910  85.1155
430000  0.5910  0.5910  85.1170
435000  0.5910  0.5910  85.1181
440000  0.5910  0.5910  85.1176
445000  0.5910  0.5910  85.1177
450000  0.5910  0.5910  85.1182
455000  0.5909  0.5910  85.1192
460000  0.5909  0.5910  85.1194
465000  0.5910  0.5910  85.1191
470000  0.5909  0.5910  85.1193
475000  0.5909  0.5910  85.1202
480000  0.5909  0.5910  85.1205
485000  0.5909  0.5910  85.1217
490000  0.5909  0.5910  85.1222
495000  0.5909  0.5910  85.1224
500000  0.5909  0.5910  85.1220
505000  0.5909  0.5910  85.1228
510000  0.5909  0.5910  85.1225
515000  0.5909  0.5910  85.1243
520000  0.5909  0.5910  85.1238
525000  0.5909  0.5910  85.1253
530000  0.5909  0.5910  85.1258
535000  0.5909  0.5910  85.1246
540000  0.5909  0.5910  85.1236
545000  0.5909  0.5910  85.1227
550000  0.5909  0.5910  85.1239
555000  0.5909  0.5910  85.1230
560000  0.5909  0.5910  85.1220
565000  0.5909  0.5910  85.1220
570000  0.5909  0.5910  85.1214
575000  0.5909  0.5910  85.1208
580000  0.5909  0.5910  85.1220
585000  0.5909  0.5910  85.1232
590000  0.5909  0.5910  85.1221
595000  0.5909  0.5910  85.1206
600000  0.5909  0.5910  85.1221
605000  0.5909  0.5910  85.1232
610000  0.5909  0.5910  85.1246
615000  0.5909  0.5910  85.1245
620000  0.5909  0.5910  85.1266
625000  0.5909  0.5910  85.1268
630000  0.5909  0.5910  85.1261
635000  0.5909  0.5910  85.1255
640000  0.5909  0.5910  85.1278
645000  0.5909  0.5910  85.1279
650000  0.5909  0.5910  85.1305
655000  0.5909  0.5910  85.1310
660000  0.5909  0.5910  85.1318
665000  0.5909  0.5910  85.1321
670000  0.5909  0.5910  85.1316
675000  0.5908  0.5910  85.1340
680000  0.5908  0.5909  85.1349
685000  0.5908  0.5909  85.1358
690000  0.5908  0.5909  85.1357
695000  0.5908  0.5909  85.1370
700000  0.5908  0.5909  85.1376
705000  0.5908  0.5909  85.1379
710000  0.5908  0.5909  85.1381
715000  0.5908  0.5909  85.1401
720000  0.5908  0.5909  85.1399
725000  0.5908  0.5909  85.1408
730000  0.5908  0.5909  85.1412
735000  0.5908  0.5909  85.1409
740000  0.5908  0.5909  85.1420
745000  0.5908  0.5909  85.1427
750000  0.5908  0.5909  85.1423
755000  0.5908  0.5909  85.1440
760000  0.5908  0.5909  85.1439
765000  0.5908  0.5909  85.1445
770000  0.5908  0.5909  85.1447
775000  0.5908  0.5909  85.1457
780000  0.5908  0.5909  85.1437
785000  0.5908  0.5909  85.1437
790000  0.5908  0.5909  85.1454
795000  0.5908  0.5909  85.1461
800000  0.5908  0.5909  85.1473
805000  0.5908  0.5909  85.1465
810000  0.5908  0.5909  85.1471
815000  0.5908  0.5909  85.1480
820000  0.5908  0.5909  85.1451
825000  0.5908  0.5909  85.1437
830000  0.5908  0.5909  85.1439
835000  0.5908  0.5909  85.1442
840000  0.5908  0.5909  85.1428
845000  0.5908  0.5909  85.1421
850000  0.5908  0.5909  85.1416
855000  0.5908  0.5909  85.1422
860000  0.5908  0.5909  85.1423
865000  0.5908  0.5909  85.1412
870000  0.5908  0.5909  85.1414
875000  0.5908  0.5909  85.1419
880000  0.5908  0.5909  85.1408
885000  0.5908  0.5909  85.1381
890000  0.5908  0.5909  85.1378
895000  0.5908  0.5909  85.1373
900000  0.5908  0.5909  85.1377
905000  0.5908  0.5909  85.1354
910000  0.5908  0.5909  85.1352
915000  0.5908  0.5909  85.1348
920000  0.5909  0.5909  85.1318
925000  0.5909  0.5909  85.1330
930000  0.5909  0.5909  85.1314
935000  0.5909  0.5909  85.1305
940000  0.5909  0.5909  85.1299
945000  0.5909  0.5909  85.1285
950000  0.5909  0.5909  85.1286
955000  0.5909  0.5909  85.1286
960000  0.5909  0.5909  85.1301
965000  0.5909  0.5909  85.1299
970000  0.5909  0.5909  85.1290
975000  0.5909  0.5909  85.1288
980000  0.5909  0.5909  85.1279
985000  0.5909  0.5909  85.1277
990000  0.5909  0.5909  85.1285
995000  0.5909  0.5909  85.1282
1000000  0.5909  0.5909  85.1282
