894.5808  14.9020  35.5001  9.5001  0.0053  0.8151
894.5804  29.9020  11.5000  9.4999  0.0053  0.8183
894.5754  44.9021  35.5000  9.5000  0.0053  0.8247
894.5836  59.9020  11.5000  9.5000  0.0055  0.8119
894.5737  74.9018  35.5001  9.5000  0.0055  0.8103
894.5712  89.9018  11.5001  9.5000  0.0056  0.7979
894.5820  104.9019  35.5000  9.5000  0.0054  0.8258
894.5803  119.9019  11.5000  9.5000  0.0055  0.8126
890.6240  22.1301  35.5005  9.5003  0.0100  1.0904
890.6283  37.1307  11.5003  9.4994  0.0100  1.0822
890.5807  52.1314  35.5006  9.4998  0.0100  1.0858
890.6433  67.1300  11.5001  9.5000  0.0099  1.0809
890.5641  82.1298  35.4996  9.5004  0.0100  1.0785
890.5793  97.1314  11.5002  9.4997  0.0101  1.0842
890.5749  112.1315  35.4997  9.4999  0.0100  1.0872
890.6359  7.1306  11.4997  9.4998  0.0099  1.0734
888.0978  29.2981  35.5016  9.5006  0.0213  1.2201
888.0895  44.3002  11.5006  9.4986  0.0216  1.2154
888.0367  59.3015  35.5020  9.4994  0.0216  1.2175
888.1312  74.2983  11.5006  9.4997  0.0213  1.2065
888.0254  89.2979  35.4987  9.5009  0.0214  1.2441
888.0410  104.3026  11.5002  9.4994  0.0218  1.2433
888.0248  119.3020  35.4990  9.5000  0.0217  1.2405
888.1134  14.2995  11.4987  9.4999  0.0212  1.2235
886.7737  36.4293  35.5027  9.5007  0.0366  1.2806
886.7468  51.4331  11.5009  9.4979  0.0371  1.2786
886.7043  66.4348  35.5035  9.4994  0.0369  1.2789
886.8117  81.4299  11.5011  9.4996  0.0366  1.2705
886.7047  96.4291  35.4980  9.5014  0.0368  1.3023
886.7177  111.4372  11.5001  9.4992  0.0362  1.3028
886.6917  6.4358  35.4981  9.4999  0.0372  1.3009
886.7974  21.4316  11.4975  9.4999  0.0364  1.2879
885.9694  43.5429  35.5036  9.5006  0.0494  1.3080
885.9257  58.5480  11.5011  9.4974  0.0497  1.3067
885.8984  73.5501  35.5048  9.4996  0.0497  1.3075
886.0062  88.5439  11.5014  9.4996  0.0499  1.2994
885.8966  103.5422  35.4975  9.5017  0.0481  1.3289
885.9150  118.5547  11.5000  9.4991  0.0508  1.3289
885.8756  13.5514  35.4973  9.4997  0.0499  1.3267
886.0012  28.5461  11.4967  9.4999  0.0491  1.3157
885.4067  50.6456  35.5044  9.5006  0.0586  1.3259
885.3488  65.6517  11.5013  9.4970  0.0596  1.3248
885.3295  80.6544  35.5061  9.4998  0.0593  1.3253
885.4368  95.6469  11.5017  9.4996  0.0587  1.3192
885.3312  110.6444  35.4971  9.5022  0.0581  1.3472
885.3540  5.6606  11.4999  9.4991  0.0592  1.3477
885.3060  20.6555  35.4966  9.4994  0.0592  1.3448
885.4465  35.6494  11.4959  9.4999  0.0582  1.3336
884.9932  57.7390  35.5051  9.5005  0.0652  1.3433
884.9237  72.7457  11.5015  9.4966  0.0656  1.3393
884.9142  87.7489  35.5072  9.5000  0.0662  1.3403
885.0186  102.7402  11.5018  9.4996  0.0652  1.3359
884.9175  117.7371  35.4967  9.5027  0.0660  1.3631
884.9403  12.7570  11.5000  9.4990  0.0657  1.3636
884.8896  27.7499  35.4958  9.4990  0.0657  1.3592
885.0381  42.7433  11.4954  9.4998  0.0647  1.3476
884.6835  64.8240  35.5058  9.5005  0.0698  1.3578
884.6069  79.8310  11.5016  9.4962  0.0699  1.3514
884.6086  94.8346  35.5081  9.5002  0.0703  1.3542
884.7047  109.8250  11.5019  9.4995  0.0692  1.3499
884.6061  4.8207  35.4964  9.5032  0.0697  1.3759
884.6317  19.8446  11.5002  9.4990  0.0703  1.3770
884.5822  34.8357  35.4951  9.4985  0.0704  1.3713
884.7338  49.8287  11.4950  9.4998  0.0693  1.3594
884.4552  71.9016  35.5065  9.5006  0.0734  1.3699
884.3704  86.9091  11.5019  9.4959  0.0745  1.3615
884.3835  101.9128  35.5091  9.5004  0.0726  1.3653
884.4729  116.9022  11.5020  9.4994  0.0720  1.3615
884.3765  11.8968  35.4961  9.5036  0.0730  1.3868
884.4025  26.9244  11.5004  9.4990  0.0735  1.3881
884.3553  41.9139  35.4944  9.4981  0.0736  1.3813
884.5076  56.9067  11.4945  9.4998  0.0724  1.3691
884.2832  78.9728  35.5072  9.5006  0.0754  1.3796
884.1958  93.9805  11.5021  9.4957  0.0761  1.3698
884.2121  108.9847  35.5100  9.5007  0.0756  1.3748
884.3033  3.9733  11.5022  9.4992  0.0753  1.3706
884.2040  18.9665  35.4959  9.5041  0.0753  1.3957
884.2314  33.9978  11.5007  9.4990  0.0758  1.3970
884.1892  48.9856  35.4937  9.4977  0.0756  1.3895
884.3395  63.9784  11.4941  9.4997  0.0746  1.3771
884.1583  86.0388  35.5079  9.5005  0.0767  1.3873
884.0682  101.0468  11.5023  9.4956  0.0789  1.3764
884.0908  116.0514  35.5108  9.5009  0.0783  1.3821
884.1753  11.0391  11.5023  9.4991  0.0769  1.3779
884.0783  26.0308  35.4957  9.5045  0.0769  1.4027
884.1080  41.0658  11.5009  9.4990  0.0774  1.4044
884.0643  56.0522  35.4930  9.4973  0.0776  1.3961
884.2155  71.0450  11.4938  9.4998  0.0765  1.3839
884.0687  93.1007  35.5085  9.5005  0.0780  1.3936
883.9731  108.1086  11.5025  9.4955  0.0779  1.3818
884.0002  3.1138  35.5117  9.5012  0.0785  1.3875
884.0836  18.1008  11.5024  9.4990  0.0782  1.3836
883.9865  33.0908  35.4955  9.5049  0.0781  1.4081
884.0160  48.1296  11.5012  9.4989  0.0785  1.4106
883.9726  63.1146  35.4923  9.4970  0.0789  1.4016
884.1252  78.1074  11.4934  9.4998  0.0777  1.3903
883.9993  100.1594  35.5092  9.5005  0.0792  1.3978
883.9047  115.1676  11.5027  9.4954  0.0806  1.3857
883.9332  10.1730  35.5125  9.5014  0.0794  1.3917
884.0151  25.1593  11.5025  9.4989  0.0790  1.3879
883.9198  40.1476  35.4952  9.5052  0.0791  1.4122
883.9484  55.1902  11.5015  9.4989  0.0795  1.4154
883.9038  70.1736  35.4917  9.4967  0.0795  1.4059
884.0579  85.1665  11.4931  9.4998  0.0781  1.3955
883.9521  107.2155  35.5098  9.5004  0.0800  1.4016
883.8571  2.2237  11.5030  9.4953  0.0806  1.3887
883.8837  17.2297  35.5134  9.5017  0.0801  1.3948
883.9658  32.2152  11.5026  9.4987  0.0796  1.3912
883.8693  47.2018  35.4951  9.5056  0.0797  1.4155
883.8971  62.2483  11.5018  9.4989  0.0804  1.4190
883.8568  77.2299  35.4909  9.4964  0.0796  1.4091
884.0087  92.2232  11.4928  9.4999  0.0793  1.3990
883.9094  114.2698  35.5104  9.5004  0.0806  1.4040
883.8191  9.2780  11.5032  9.4952  0.0811  1.3907
883.8493  24.2845  35.5142  9.5019  0.0805  1.3976
883.9296  39.2693  11.5027  9.4986  0.0802  1.3936
883.8344  54.2541  35.4949  9.5059  0.0801  1.4182
883.8615  69.3043  11.5021  9.4989  0.0808  1.4214
883.8190  84.2846  35.4903  9.4961  0.0805  1.4114
883.9716  99.2780  11.4925  9.5000  0.0798  1.4020
883.8881  121.3225  35.5111  9.5003  0.0807  1.4056
883.7929  16.3309  11.5034  9.4951  0.0814  1.3921
883.8212  31.3378  35.5151  9.5021  0.0807  1.3998
883.9034  46.3219  11.5028  9.4985  0.0804  1.3954
883.8068  61.3049  35.4948  9.5062  0.0802  1.4200
883.8361  76.3587  11.5024  9.4989  0.0805  1.4236
883.7954  91.3378  35.4896  9.4958  0.0817  1.4134
883.9477  106.3311  11.4922  9.5001  0.0797  1.4041
883.8674  8.3742  35.5117  9.5003  0.0808  1.4074
883.7726  23.3826  11.5036  9.4950  0.0817  1.3932
883.8029  38.3900  35.5159  9.5022  0.0811  1.4016
883.8837  53.3735  11.5029  9.4984  0.0806  1.3967
883.7885  68.3546  35.4946  9.5064  0.0807  1.4215
883.8168  83.4121  11.5028  9.4989  0.0809  1.4247
883.7734  98.3897  35.4889  9.4956  0.0812  1.4149
883.9261  113.3834  11.4919  9.5001  0.0805  1.4058
883.8538  15.4251  35.5124  9.5003  0.0809  1.4087
883.7592  30.4335  11.5039  9.4950  0.0819  1.3942
883.7904  45.4413  35.5166  9.5024  0.0813  1.4030
883.8712  60.4242  11.5030  9.4983  0.0804  1.3978
883.7731  75.4034  35.4945  9.5067  0.0808  1.4226
883.8022  90.4648  11.5031  9.4988  0.0815  1.4257
883.7648  105.4408  35.4882  9.4953  0.0819  1.4159
883.9130  120.4345  11.4916  9.5002  0.0791  1.4069
883.8440  22.4754  35.5131  9.5002  0.0810  1.4095
883.7485  37.4837  11.5041  9.4950  0.0821  1.3952
883.7802  52.4920  35.5175  9.5026  0.0814  1.4036
883.8594  67.4744  11.5031  9.4982  0.0809  1.3984
883.7622  82.4517  35.4944  9.5069  0.0815  1.4233
883.7928  97.5166  11.5035  9.4988  0.0817  1.4263
883.7529  112.4912  35.4875  9.4951  0.0808  1.4165
883.9017  7.4853  11.4913  9.5003  0.0806  1.4080
883.8369  29.5252  35.5137  9.5002  0.0812  1.4102
883.7401  44.5335  11.5043  9.4949  0.0822  1.3959
883.7715  59.5423  35.5183  9.5027  0.0814  1.4042
883.8545  74.5240  11.5031  9.4981  0.0811  1.3989
883.7532  89.4993  35.4943  9.5071  0.0812  1.4240
883.7854  104.5678  11.5038  9.4988  0.0805  1.4269
883.7451  119.5415  35.4868  9.4949  0.0822  1.4171
883.8951  14.5355  11.4911  9.5003  0.0807  1.4086
883.8307  36.5746  35.5143  9.5002  0.0812  1.4106
883.7353  51.5829  11.5046  9.4949  0.0823  1.3965
883.7656  66.5922  35.5191  9.5029  0.0821  1.4045
883.8481  81.5735  11.5033  9.4981  0.0814  1.3994
883.7465  96.5466  35.4942  9.5073  0.0810  1.4245
883.7800  111.6191  11.5041  9.4988  0.0814  1.4274
883.7399  6.5912  35.4861  9.4947  0.0817  1.4178
883.8883  21.5854  11.4908  9.5004  0.0808  1.4091
883.8273  43.6238  35.5150  9.5001  0.0813  1.4110
883.7313  58.6320  11.5048  9.4949  0.0820  1.3971
883.7592  73.6417  35.5199  9.5030  0.0814  1.4048
883.8456  88.6226  11.5034  9.4980  0.0814  1.3997
883.7460  103.5938  35.4941  9.5075  0.0814  1.4249
883.7759  118.6700  11.5045  9.4988  0.0820  1.4277
883.7355  13.6407  35.4854  9.4945  0.0817  1.4182
883.8845  28.6350  11.4906  9.5004  0.0808  1.4095
883.8228  50.6729  35.5157  9.5001  0.0813  1.4113
883.7264  65.6809  11.5050  9.4949  0.0825  1.3974
883.7602  80.6912  35.5207  9.5031  0.0815  1.4047
883.8415  95.6714  11.5035  9.4979  0.0810  1.3998
883.7423  110.6406  35.4940  9.5077  0.0815  1.4250
883.7729  5.7205  11.5049  9.4988  0.0818  1.4280
883.7329  20.6901  35.4847  9.4943  0.0817  1.4184
883.8798  35.6844  11.4904  9.5005  0.0808  1.4097
883.8208  57.7217  35.5163  9.5001  0.0813  1.4117
883.7236  72.7298  11.5053  9.4949  0.0826  1.3978
883.7551  87.7406  35.5215  9.5032  0.0822  1.4049
883.8395  102.7203  11.5036  9.4979  0.0813  1.4002
883.7411  117.6873  35.4939  9.5079  0.0811  1.4253
883.7699  12.7711  11.5052  9.4988  0.0818  1.4281
883.7306  27.7393  35.4840  9.4942  0.0818  1.4185
883.8776  42.7336  11.4901  9.5005  0.0809  1.4098
883.8176  64.7705  35.5170  9.5001  0.0815  1.4118
883.7236  79.7783  11.5055  9.4949  0.0825  1.3983
883.7509  94.7898  35.5223  9.5033  0.0829  1.4050
883.8369  109.7690  11.5036  9.4978  0.0810  1.4005
883.7400  4.7340  35.4939  9.5080  0.0814  1.4255
883.7678  19.8215  11.5056  9.4987  0.0818  1.4282
883.7275  34.7884  35.4834  9.4940  0.0818  1.4185
883.8746  49.7827  11.4899  9.5006  0.0810  1.4099
883.8188  71.8191  35.5176  9.5001  0.0814  1.4122
883.7216  86.8268  11.5057  9.4948  0.0822  1.3985
883.7523  101.8387  35.5231  9.5034  0.0818  1.4050
883.8351  116.8176  11.5037  9.4978  0.0815  1.4007
883.7377  11.7806  35.4938  9.5081  0.0815  1.4257
883.7653  26.8718  11.5060  9.4987  0.0818  1.4281
883.7252  41.8375  35.4826  9.4939  0.0819  1.4185
883.8737  56.8316  11.4897  9.5006  0.0808  1.4099
883.8151  78.8679  35.5183  9.5000  0.0819  1.4124
883.7189  93.8754  11.5059  9.4948  0.0826  1.3986
883.7482  108.8878  35.5239  9.5035  0.0824  1.4049
883.8327  3.8662  11.5038  9.4977  0.0814  1.4008
883.7350  18.8271  35.4938  9.5083  0.0814  1.4258
883.7648  33.9220  11.5063  9.4987  0.0818  1.4280
883.7231  48.8865  35.4820  9.4937  0.0817  1.4184
883.8711  63.8805  11.4895  9.5007  0.0808  1.4100
883.8137  85.9164  35.5190  9.5000  0.0814  1.4124
883.7184  100.9239  11.5061  9.4948  0.0824  1.3987
883.7510  115.9368  35.5248  9.5036  0.0821  1.4049
883.8312  10.9148  11.5039  9.4977  0.0814  1.4010
883.7344  25.8736  35.4937  9.5084  0.0814  1.4258
883.7637  40.9723  11.5067  9.4987  0.0820  1.4281
883.7224  55.9354  35.4812  9.4936  0.0818  1.4183
883.8700  70.9294  11.4893  9.5007  0.0811  1.4099
883.8134  92.9650  35.5196  9.5000  0.0823  1.4125
883.7155  107.9725  11.5064  9.4949  0.0833  1.3987
883.7490  2.9857  35.5256  9.5037  0.0818  1.4049
883.8318  17.9633  11.5040  9.4976  0.0814  1.4012
883.7331  32.9200  35.4936  9.5085  0.0815  1.4258
883.7617  48.0224  11.5070  9.4987  0.0818  1.4287
883.7208  62.9844  35.4805  9.4935  0.0819  1.4183
883.8676  77.9783  11.4891  9.5008  0.0818  1.4100
883.8136  100.0133  35.5203  9.5000  0.0809  1.4125
883.7172  115.0208  11.5066  9.4948  0.0831  1.3987
883.7484  10.0346  35.5264  9.5038  0.0817  1.4050
883.8312  25.0118  11.5040  9.4976  0.0814  1.4013
883.7313  39.9664  35.4935  9.5086  0.0814  1.4258
883.7620  55.0725  11.5074  9.4987  0.0818  1.4292
883.7198  70.0333  35.4798  9.4934  0.0820  1.4180
883.8668  85.0271  11.4889  9.5008  0.0813  1.4099
883.8125  107.0620  35.5210  9.5000  0.0814  1.4125
883.7170  2.0692  11.5068  9.4949  0.0824  1.3986
883.7474  17.0836  35.5272  9.5038  0.0818  1.4051
883.8291  32.0604  11.5041  9.4976  0.0815  1.4013
883.7317  47.0128  35.4934  9.5087  0.0814  1.4256
883.7595  62.1227  11.5078  9.4987  0.0819  1.4296
883.7179  77.0823  35.4791  9.4933  0.0823  1.4181
883.8664  92.0757  11.4887  9.5009  0.0807  1.4100
883.8134  114.1106  35.5216  9.5000  0.0817  1.4126
883.7158  9.1176  11.5070  9.4949  0.0824  1.3984
883.7456  24.1325  35.5280  9.5039  0.0817  1.4054
883.8289  39.1088  11.5042  9.4975  0.0813  1.4013
883.7319  54.0592  35.4934  9.5088  0.0813  1.4255
883.7604  69.1727  11.5082  9.4986  0.0818  1.4296
883.7185  84.1311  35.4784  9.4932  0.0819  1.4179
883.8671  99.1244  11.4885  9.5009  0.0809  1.4099
883.8124  121.1591  35.5223  9.5000  0.0818  1.4126
883.7142  16.1660  11.5072  9.4949  0.0824  1.3982
883.7465  31.1814  35.5289  9.5040  0.0817  1.4056
883.8281  46.1573  11.5043  9.4975  0.0814  1.4013
883.7294  61.1056  35.4933  9.5088  0.0817  1.4253
883.7593  76.2228  11.5086  9.4986  0.0821  1.4300
883.7177  91.1800  35.4778  9.4931  0.0815  1.4180
883.8649  106.1732  11.4883  9.5010  0.0805  1.4099
883.8098  8.2076  35.5230  9.5000  0.0815  1.4125
883.7146  23.2144  11.5074  9.4949  0.0824  1.3979
883.7472  38.2304  35.5297  9.5040  0.0817  1.4058
883.8281  53.2059  11.5044  9.4974  0.0813  1.4013
883.7297  68.1519  35.4932  9.5089  0.0817  1.4249
883.7595  83.2728  11.5090  9.4986  0.0819  1.4300
883.7213  98.2289  35.4770  9.4930  0.0822  1.4181
883.8656  113.2217  11.4881  9.5010  0.0803  1.4099
883.8098  15.2561  35.5236  9.5000  0.0815  1.4123
883.7150  30.2627  11.5076  9.4949  0.0824  1.3975
883.7470  45.2792  35.5305  9.5041  0.0818  1.4060
883.8284  60.2543  11.5044  9.4974  0.0815  1.4013
883.7306  75.1982  35.4931  9.5090  0.0814  1.4248
883.7596  90.3229  11.5094  9.4986  0.0821  1.4299
883.7155  105.2778  35.4763  9.4929  0.0815  1.4183
883.8650  120.2706  11.4879  9.5011  0.0807  1.4097
883.8109  22.3046  35.5243  9.5000  0.0815  1.4121
883.7147  37.3111  11.5078  9.4949  0.0825  1.3971
883.7465  52.3282  35.5313  9.5041  0.0817  1.4061
883.8280  67.3029  11.5045  9.4974  0.0816  1.4014
883.7314  82.2445  35.4931  9.5091  0.0814  1.4247
883.7600  97.3729  11.5097  9.4986  0.0820  1.4298
883.7185  112.3266  35.4756  9.4929  0.0809  1.4186
883.8662  7.3193  11.4877  9.5011  0.0810  1.4097
883.8113  29.3531  35.5249  9.5000  0.0815  1.4120
883.7142  44.3594  11.5080  9.4950  0.0825  1.3969
883.7467  59.3771  35.5322  9.5042  0.0817  1.4062
883.8286  74.3513  11.5046  9.4973  0.0812  1.4013
883.7310  89.2910  35.4930  9.5091  0.0821  1.4243
883.7615  104.4228  11.5101  9.4986  0.0816  1.4296
883.7180  119.3758  35.4750  9.4928  0.0827  1.4188
883.8657  14.3681  11.4875  9.5011  0.0810  1.4098
883.8124  36.4016  35.5256  9.5000  0.0815  1.4120
883.7155  51.4077  11.5082  9.4950  0.0824  1.3969
883.7465  66.4260  35.5329  9.5042  0.0818  1.4059
883.8297  81.3997  11.5046  9.4973  0.0807  1.4013
883.7336  96.3372  35.4929  9.5092  0.0819  1.4241
883.7635  111.4729  11.5105  9.4986  0.0823  1.4293
883.7199  6.4247  35.4743  9.4927  0.0819  1.4190
883.8676  21.4168  11.4874  9.5012  0.0810  1.4097
883.8115  43.4502  35.5264  9.5000  0.0815  1.4120
883.7172  58.4561  11.5083  9.4950  0.0825  1.3970
883.7480  73.4748  35.5338  9.5042  0.0815  1.4057
883.8311  88.4482  11.5047  9.4973  0.0812  1.4014
883.7285  103.3835  35.4928  9.5092  0.0812  1.4238
883.7639  118.5228  11.5109  9.4986  0.0815  1.4294
883.7213  13.4736  35.4735  9.4927  0.0819  1.4191
883.8673  28.4656  11.4872  9.5012  0.0810  1.4096
883.8130  50.4986  35.5270  9.5000  0.0812  1.4120
883.7160  65.5043  11.5085  9.4950  0.0823  1.3975
883.7497  80.5238  35.5347  9.5043  0.0821  1.4057
883.8292  95.4969  11.5048  9.4973  0.0814  1.4014
883.7352  110.4299  35.4928  9.5093  0.0816  1.4238
883.7646  5.5728  11.5113  9.4986  0.0819  1.4294
883.7211  20.5226  35.4728  9.4926  0.0819  1.4192
883.8680  35.5142  11.4871  9.5012  0.0809  1.4095
883.8147  57.5472  35.5277  9.5000  0.0815  1.4120
883.7178  72.5526  11.5087  9.4951  0.0825  1.3975
883.7472  87.5725  35.5354  9.5043  0.0815  1.4058
883.8300  102.5453  11.5049  9.4972  0.0817  1.4014
883.7351  117.4761  35.4927  9.5093  0.0810  1.4238
883.7661  12.6228  11.5117  9.4986  0.0819  1.4295
883.7211  27.5716  35.4721  9.4926  0.0819  1.4193
883.8683  42.5629  11.4869  9.5012  0.0809  1.4093
883.8140  64.5956  35.5284  9.5001  0.0810  1.4121
883.7184  79.6007  11.5088  9.4951  0.0821  1.3978
883.7480  94.6214  35.5363  9.5043  0.0810  1.4060
883.8313  109.5938  11.5049  9.4972  0.0817  1.4013
883.7344  4.5225  35.4926  9.5093  0.0815  1.4239
883.7656  19.6728  11.5121  9.4986  0.0819  1.4294
883.7221  34.6205  35.4715  9.4925  0.0818  1.4194
883.8683  49.6117  11.4868  9.5013  0.0811  1.4094
883.8151  71.6441  35.5290  9.5001  0.0813  1.4122
883.7170  86.6490  11.5090  9.4951  0.0827  1.3981
883.7499  101.6703  35.5371  9.5043  0.0808  1.4057
883.8328  116.6423  11.5050  9.4972  0.0817  1.4013
883.7347  11.5688  35.4925  9.5094  0.0815  1.4239
883.7648  26.7228  11.5125  9.4986  0.0818  1.4294
883.7219  41.6695  35.4707  9.4925  0.0819  1.4195
883.8684  56.6604  11.4866  9.5013  0.0810  1.4094
883.8117  78.6928  35.5297  9.5001  0.0818  1.4122
883.7172  93.6972  11.5092  9.4951  0.0824  1.3983
883.7457  108.7194  35.5380  9.5044  0.0826  1.4055
883.8320  3.6908  11.5050  9.4972  0.0814  1.4014
883.7333  18.6151  35.4924  9.5094  0.0816  1.4239
883.7648  33.7727  11.5129  9.4986  0.0819  1.4294
883.7225  48.7185  35.4700  9.4924  0.0817  1.4194
883.8676  63.7090  11.4865  9.5013  0.0808  1.4094
883.8132  85.7413  35.5304  9.5001  0.0819  1.4123
883.7175  100.7453  11.5094  9.4952  0.0811  1.3985
883.7460  115.7680  35.5388  9.5044  0.0815  1.4053
883.8319  10.7393  11.5051  9.4972  0.0814  1.4013
883.7341  25.6614  35.4924  9.5094  0.0815  1.4240
883.7641  40.8227  11.5133  9.4986  0.0819  1.4293
883.7222  55.7675  35.4693  9.4924  0.0818  1.4194
883.8679  70.7578  11.4863  9.5014  0.0810  1.4093
883.8132  92.7896  35.5311  9.5001  0.0815  1.4124
883.7163  107.7937  11.5096  9.4952  0.0827  1.3986
883.7473  2.8170  35.5396  9.5044  0.0818  1.4055
883.8315  17.7879  11.5051  9.4971  0.0814  1.4014
883.7341  32.7077  35.4923  9.5094  0.0815  1.4241
883.7654  47.8726  11.5136  9.4985  0.0817  1.4292
883.7219  62.8166  35.4686  9.4924  0.0819  1.4194
883.8671  77.8064  11.4862  9.5014  0.0812  1.4092
883.8136  99.8381  35.5318  9.5001  0.0812  1.4125
883.7156  114.8421  11.5097  9.4953  0.0843  1.3986
883.7470  9.8659  35.5404  9.5044  0.0818  1.4054
883.8295  24.8364  11.5052  9.4971  0.0814  1.4016
883.7331  39.7541  35.4922  9.5094  0.0817  1.4242
883.7646  54.9225  11.5140  9.4985  0.0820  1.4290
883.7187  69.8655  35.4680  9.4923  0.0816  1.4194
883.8663  84.8551  11.4861  9.5014  0.0813  1.4089
883.8082  106.8867  35.5325  9.5001  0.0820  1.4126
883.7164  1.8901  11.5099  9.4953  0.0824  1.3985
883.7458  16.9148  35.5413  9.5044  0.0818  1.4055
883.8297  31.8849  11.5052  9.4971  0.0814  1.4017
883.7336  46.8003  35.4921  9.5095  0.0814  1.4242
883.7631  61.9724  11.5144  9.4985  0.0817  1.4289
883.7187  76.9146  35.4672  9.4923  0.0822  1.4192
883.8652  91.9038  11.4860  9.5015  0.0817  1.4089
883.8069  113.9353  35.5332  9.5001  0.0816  1.4126
883.7153  8.9383  11.5101  9.4954  0.0824  1.3985
883.7465  23.9637  35.5422  9.5044  0.0817  1.4054
883.8288  38.9335  11.5053  9.4971  0.0815  1.4017
883.7338  53.8465  35.4920  9.5095  0.0814  1.4241
883.7621  69.0222  11.5148  9.4985  0.0815  1.4288
883.7175  83.9635  35.4665  9.4923  0.0821  1.4191
883.8658  98.9524  11.4858  9.5015  0.0812  1.4089
883.8115  120.9837  35.5339  9.5001  0.0811  1.4126
883.7139  15.9866  11.5102  9.4954  0.0824  1.3984
883.7438  31.0126  35.5429  9.5044  0.0818  1.4054
883.8275  45.9820  11.5053  9.4971  0.0814  1.4018
883.7307  60.8929  35.4920  9.5095  0.0814  1.4240
883.7622  76.0721  11.5152  9.4985  0.0815  1.4288
883.7169  91.0126  35.4658  9.4923  0.0819  1.4190
883.8629  106.0011  11.4857  9.5015  0.0806  1.4088
883.8083  8.0323  35.5346  9.5002  0.0814  1.4128
883.7140  23.0348  11.5104  9.4955  0.0824  1.3983
883.7441  38.0614  35.5438  9.5044  0.0817  1.4057
883.8282  53.0305  11.5054  9.4971  0.0814  1.4019
883.7334  67.9391  35.4919  9.5095  0.0811  1.4240
883.7617  83.1220  11.5156  9.4985  0.0817  1.4292
883.7177  98.0618  35.4651  9.4922  0.0826  1.4189
883.8647  113.0497  11.4856  9.5015  0.0814  1.4087
883.8082  15.0808  35.5352  9.5002  0.0815  1.4128
883.7130  30.0829  11.5105  9.4955  0.0824  1.3982
883.7434  45.1104  35.5446  9.5045  0.0819  1.4058
883.8268  60.0790  11.5054  9.4971  0.0811  1.4019
883.7336  74.9855  35.4918  9.5095  0.0812  1.4240
883.7617  90.1719  11.5160  9.4985  0.0824  1.4295
883.7177  105.1107  35.4644  9.4922  0.0817  1.4189
883.8640  120.0982  11.4855  9.5015  0.0801  1.4087
883.8080  22.1293  35.5359  9.5002  0.0815  1.4128
883.7129  37.1312  11.5107  9.4956  0.0825  1.3978
883.7433  52.1592  35.5454  9.5045  0.0817  1.4060
883.8280  67.1275  11.5054  9.4970  0.0810  1.4021
883.7328  82.0317  35.4917  9.5095  0.0816  1.4242
883.7625  97.2217  11.5164  9.4985  0.0817  1.4298
883.7122  112.1598  35.4637  9.4922  0.0825  1.4188
883.8640  7.1470  11.4854  9.5016  0.0810  1.4085
883.8080  29.1778  35.5366  9.5002  0.0815  1.4127
883.7126  44.1794  11.5109  9.4957  0.0825  1.3976
883.7433  59.2082  35.5463  9.5045  0.0817  1.4063
883.8269  74.1761  11.5055  9.4970  0.0811  1.4020
883.7310  89.0780  35.4916  9.5095  0.0812  1.4240
883.7629  104.2714  11.5168  9.4984  0.0808  1.4301
883.7180  119.2087  35.4629  9.4922  0.0817  1.4190
883.8640  14.1957  11.4852  9.5016  0.0810  1.4085
883.8078  36.2264  35.5373  9.5002  0.0816  1.4125
883.7130  51.2275  11.5110  9.4957  0.0825  1.3972
883.7438  66.2571  35.5470  9.5045  0.0818  1.4062
883.8256  81.2247  11.5055  9.4970  0.0817  1.4021
883.7290  96.1243  35.4916  9.5096  0.0818  1.4240
883.7619  111.3214  11.5172  9.4984  0.0820  1.4302
883.7167  6.2579  35.4623  9.4922  0.0819  1.4192
883.8627  21.2444  11.4852  9.5016  0.0810  1.4086
883.8076  43.2749  35.5380  9.5002  0.0815  1.4123
883.7135  58.2756  11.5111  9.4958  0.0823  1.3969
883.7431  73.3060  35.5480  9.5045  0.0821  1.4061
883.8264  88.2733  11.5055  9.4970  0.0814  1.4020
883.7324  103.1707  35.4915  9.5095  0.0824  1.4238
883.7633  118.3712  11.5175  9.4984  0.0814  1.4303
883.7164  13.3070  35.4616  9.4922  0.0819  1.4195
883.8639  28.2931  11.4851  9.5016  0.0810  1.4085
883.8080  50.3234  35.5386  9.5002  0.0816  1.4120
883.7124  65.3238  11.5113  9.4958  0.0824  1.3968
883.7432  80.3549  35.5488  9.5044  0.0825  1.4061
883.8263  95.3218  11.5056  9.4970  0.0811  1.4018
883.7340  110.2168  35.4914  9.5096  0.0807  1.4238
883.7648  5.4210  11.5179  9.4984  0.0818  1.4300
883.7162  20.3561  35.4609  9.4921  0.0819  1.4197
883.8638  35.3417  11.4850  9.5016  0.0810  1.4085
883.8088  57.3719  35.5393  9.5003  0.0814  1.4120
883.7152  72.3717  11.5114  9.4958  0.0821  1.3969
883.7452  87.4036  35.5496  9.5044  0.0813  1.4062
883.8275  102.3704  11.5056  9.4970  0.0816  1.4018
883.7311  117.2631  35.4913  9.5096  0.0806  1.4238
883.7663  12.4709  11.5183  9.4984  0.0818  1.4300
883.7175  27.4052  35.4602  9.4921  0.0818  1.4199
883.8633  42.3904  11.4849  9.5017  0.0810  1.4085
883.8108  64.4204  35.5400  9.5003  0.0812  1.4120
883.7140  79.4199  11.5115  9.4959  0.0825  1.3970
883.7433  94.4526  35.5504  9.5044  0.0824  1.4061
883.8283  109.4189  11.5056  9.4970  0.0813  1.4019
883.7313  4.3095  35.4913  9.5096  0.0815  1.4237
883.7661  19.5207  11.5187  9.4984  0.0819  1.4299
883.7172  34.4544  35.4595  9.4921  0.0819  1.4200
883.8646  49.4390  11.4848  9.5017  0.0808  1.4084
883.8117  71.4689  35.5407  9.5003  0.0815  1.4121
883.7169  86.4680  11.5116  9.4959  0.0827  1.3971
883.7454  101.5015  35.5513  9.5044  0.0826  1.4062
883.8285  116.4675  11.5056  9.4970  0.0822  1.4019
883.7318  11.3557  35.4911  9.5096  0.0816  1.4235
883.7670  26.5705  11.5190  9.4983  0.0818  1.4300
883.7186  41.5035  35.4587  9.4921  0.0819  1.4201
883.8649  56.4877  11.4848  9.5017  0.0810  1.4083
883.8112  78.5174  35.5414  9.5003  0.0815  1.4120
883.7156  93.5161  11.5118  9.4960  0.0825  1.3973
883.7445  108.5503  35.5521  9.5044  0.0814  1.4062
883.8306  123.5160  11.5057  9.4970  0.0807  1.4019
883.7333  18.4020  35.4911  9.5095  0.0815  1.4234
883.7663  33.6203  11.5194  9.4983  0.0819  1.4302
883.7177  48.5526  35.4581  9.4921  0.0819  1.4203
883.8642  63.5364  11.4847  9.5017  0.0812  1.4082
883.8116  85.5660  35.5421  9.5003  0.0818  1.4119
883.7159  100.5643  11.5119  9.4960  0.0832  1.3975
883.7463  115.5992  35.5530  9.5044  0.0816  1.4064
883.8313  10.5646  11.5057  9.4970  0.0814  1.4017
883.7339  25.4483  35.4910  9.5095  0.0816  1.4233
883.7673  40.6701  11.5197  9.4983  0.0819  1.4302
883.7195  55.6017  35.4573  9.4921  0.0820  1.4203
883.8664  70.5850  11.4846  9.5017  0.0807  1.4081
883.8121  92.6145  35.5428  9.5004  0.0814  1.4121
883.7172  107.6123  11.5120  9.4961  0.0822  1.3979
883.7470  2.6481  35.5538  9.5044  0.0818  1.4067
883.8315  17.6132  11.5057  9.4970  0.0814  1.4017
883.7339  32.4945  35.4909  9.5095  0.0815  1.4233
883.7671  47.7199  11.5201  9.4983  0.0820  1.4302
883.7204  62.6509  35.4566  9.4921  0.0819  1.4204
883.8667  77.6336  11.4845  9.5017  0.0812  1.4082
883.8125  99.6630  35.5434  9.5004  0.0817  1.4121
883.7158  114.6604  11.5121  9.4961  0.0832  1.3981
883.7475  9.6970  35.5547  9.5044  0.0818  1.4065
883.8311  24.6619  11.5057  9.4970  0.0815  1.4017
883.7343  39.5408  35.4908  9.5095  0.0815  1.4233
883.7670  54.7696  11.5205  9.4983  0.0816  1.4302
883.7175  69.7000  35.4559  9.4921  0.0819  1.4203
883.8657  84.6822  11.4845  9.5018  0.0809  1.4083
883.8125  106.7116  35.5441  9.5004  0.0818  1.4122
883.7194  1.7084  11.5122  9.4962  0.0825  1.3979
883.7458  16.7459  35.5556  9.5044  0.0818  1.4062
883.8309  31.7104  11.5057  9.4970  0.0814  1.4017
883.7343  46.5870  35.4908  9.5095  0.0815  1.4233
883.7661  61.8193  11.5208  9.4983  0.0817  1.4301
883.7206  76.7491  35.4552  9.4921  0.0819  1.4203
883.8654  91.7308  11.4844  9.5018  0.0809  1.4081
883.8163  113.7600  35.5448  9.5004  0.0810  1.4123
883.7183  8.7565  11.5124  9.4962  0.0824  1.3980
883.7473  23.7948  35.5563  9.5044  0.0819  1.4061
883.8302  38.7590  11.5058  9.4970  0.0814  1.4017
883.7328  53.6333  35.4907  9.5095  0.0815  1.4235
883.7648  68.8691  11.5212  9.4982  0.0821  1.4299
883.7211  83.7983  35.4545  9.4921  0.0815  1.4204
883.8647  98.7795  11.4844  9.5018  0.0811  1.4080
883.8119  120.8087  35.5455  9.5004  0.0822  1.4123
883.7167  15.8046  11.5125  9.4963  0.0824  1.3981
883.7454  30.8438  35.5572  9.5044  0.0818  1.4060
883.8295  45.8077  11.5058  9.4970  0.0815  1.4019
883.7358  60.6795  35.4906  9.5095  0.0813  1.4236
883.7651  75.9187  11.5215  9.4982  0.0815  1.4299
883.7207  90.8475  35.4538  9.4921  0.0822  1.4204
883.8642  105.8280  11.4843  9.5018  0.0805  1.4079
883.8110  7.8571  35.5462  9.5005  0.0814  1.4124
883.7161  22.8527  11.5126  9.4963  0.0824  1.3982
883.7448  37.8927  35.5580  9.5044  0.0819  1.4059
883.8298  52.8562  11.5058  9.4969  0.0811  1.4020
883.7343  67.7257  35.4905  9.5095  0.0815  1.4236
883.7641  82.9684  11.5219  9.4982  0.0816  1.4299
883.7181  97.8965  35.4531  9.4921  0.0818  1.4203
883.8635  112.8767  11.4843  9.5018  0.0812  1.4078
883.8101  14.9056  35.5469  9.5005  0.0815  1.4125
883.7162  29.9007  11.5127  9.4964  0.0824  1.3981
883.7440  44.9416  35.5590  9.5044  0.0817  1.4059
883.8285  59.9049  11.5058  9.4970  0.0814  1.4021
883.7352  74.7719  35.4905  9.5095  0.0816  1.4236
883.7640  90.0181  11.5223  9.4982  0.0817  1.4298
883.7168  104.9457  35.4523  9.4920  0.0812  1.4203
883.8634  119.9254  11.4842  9.5018  0.0814  1.4076
883.8090  21.9542  35.5476  9.5005  0.0815  1.4126
883.7145  36.9488  11.5128  9.4964  0.0825  1.3981
883.7434  51.9905  35.5597  9.5044  0.0818  1.4060
883.8281  66.9535  11.5058  9.4969  0.0815  1.4025
883.7324  81.8182  35.4904  9.5095  0.0817  1.4236
883.7646  97.0678  11.5226  9.4982  0.0816  1.4296
883.7174  111.9949  35.4516  9.4920  0.0819  1.4201
883.8622  6.9740  11.4842  9.5018  0.0810  1.4076
883.8083  29.0027  35.5483  9.5005  0.0814  1.4127
883.7136  43.9969  11.5129  9.4964  0.0826  1.3981
883.7415  59.0394  35.5606  9.5043  0.0818  1.4063
883.8275  74.0020  11.5058  9.4969  0.0811  1.4026
883.7354  88.8645  35.4904  9.5095  0.0822  1.4239
883.7635  104.1174  11.5229  9.4982  0.0817  1.4293
883.7161  119.0442  35.4509  9.4921  0.0825  1.4200
883.8618  14.0226  11.4841  9.5018  0.0810  1.4075
883.8083  36.0512  35.5490  9.5005  0.0814  1.4126
883.7142  51.0449  11.5130  9.4965  0.0827  1.3978
883.7414  66.0883  35.5614  9.5043  0.0818  1.4062
883.8263  81.0508  11.5058  9.4969  0.0818  1.4026
883.7341  95.9107  35.4902  9.5095  0.0819  1.4240
883.7624  111.1671  11.5233  9.4982  0.0813  1.4293
883.7162  6.0933  35.4502  9.4921  0.0819  1.4200
883.8619  21.0713  11.4841  9.5019  0.0810  1.4075
883.8075  43.0998  35.5496  9.5006  0.0816  1.4127
883.7134  58.0929  11.5131  9.4965  0.0828  1.3976
883.7424  73.1371  35.5622  9.5043  0.0816  1.4062
883.8252  88.0994  11.5058  9.4969  0.0817  1.4026
883.7329  102.9569  35.4902  9.5095  0.0819  1.4241
883.7625  118.2168  11.5237  9.4982  0.0820  1.4294
883.7162  13.1426  35.4495  9.4920  0.0819  1.4200
883.8610  28.1199  11.4841  9.5019  0.0810  1.4075
883.8074  50.1483  35.5503  9.5006  0.0813  1.4126
883.7114  65.1409  11.5132  9.4965  0.0825  1.3977
883.7417  80.1861  35.5631  9.5043  0.0821  1.4065
883.8276  95.1478  11.5057  9.4969  0.0814  1.4026
883.7321  110.0031  35.4901  9.5095  0.0817  1.4242
883.7635  5.2664  11.5240  9.4981  0.0818  1.4296
883.7153  20.1918  35.4488  9.4921  0.0819  1.4201
883.8600  35.1686  11.4841  9.5019  0.0812  1.4075
883.8066  57.1969  35.5511  9.5006  0.0816  1.4125
883.7128  72.1888  11.5132  9.4966  0.0819  1.3974
883.7430  87.2349  35.5639  9.5043  0.0815  1.4066
883.8276  102.1965  11.5057  9.4969  0.0817  1.4025
883.7290  117.0493  35.4901  9.5095  0.0811  1.4241
883.7646  12.3161  11.5243  9.4981  0.0818  1.4299
883.7137  27.2411  35.4481  9.4921  0.0820  1.4202
883.8600  42.2172  11.4841  9.5019  0.0812  1.4074
883.8088  64.2453  35.5517  9.5006  0.0811  1.4123
883.7121  79.2369  11.5133  9.4966  0.0826  1.3970
883.7392  94.2838  35.5648  9.5043  0.0818  1.4068
883.8266  109.2451  11.5057  9.4969  0.0811  1.4025
883.7317  4.0955  35.4900  9.5095  0.0815  1.4241
883.7648  19.3657  11.5247  9.4981  0.0818  1.4300
883.7150  34.2903  35.4474  9.4920  0.0820  1.4204
883.8610  49.2658  11.4840  9.5019  0.0809  1.4074
883.8078  71.2939  35.5524  9.5007  0.0814  1.4121
883.7126  86.2848  11.5134  9.4966  0.0824  1.3966
883.7416  101.3327  35.5656  9.5042  0.0818  1.4069
883.8260  116.2936  11.5057  9.4969  0.0796  1.4023
883.7302  11.1418  35.4900  9.5095  0.0815  1.4241
883.7656  26.4154  11.5250  9.4981  0.0818  1.4301
883.7142  41.3396  35.4467  9.4921  0.0820  1.4207
883.8598  56.3145  11.4840  9.5019  0.0812  1.4074
883.8063  78.3424  35.5531  9.5007  0.0812  1.4118
883.7134  93.3328  11.5135  9.4966  0.0820  1.3966
883.7444  108.3816  35.5665  9.5042  0.0823  1.4070
883.8271  123.3422  11.5057  9.4969  0.0802  1.4022
883.7312  18.1880  35.4899  9.5095  0.0815  1.4241
883.7668  33.4650  11.5253  9.4981  0.0818  1.4303
883.7168  48.3888  35.4459  9.4921  0.0819  1.4208
883.8605  63.3631  11.4840  9.5019  0.0811  1.4074
883.8105  85.3909  35.5538  9.5007  0.0813  1.4117
883.7137  100.3807  11.5135  9.4966  0.0822  1.3968
883.7449  115.4304  35.5674  9.5042  0.0820  1.4069
883.8298  10.3911  11.5057  9.4969  0.0814  1.4021
883.7299  25.2342  35.4898  9.5095  0.0816  1.4241
883.7670  40.5146  11.5256  9.4981  0.0819  1.4306
883.7167  55.4381  35.4453  9.4921  0.0820  1.4210
883.8610  70.4116  11.4840  9.5019  0.0812  1.4072
883.8104  92.4395  35.5545  9.5007  0.0813  1.4118
883.7144  107.4287  11.5136  9.4967  0.0828  1.3970
883.7430  2.4793  35.5682  9.5042  0.0818  1.4074
883.8296  17.4398  11.5057  9.4969  0.0814  1.4021
883.7321  32.2804  35.4897  9.5095  0.0816  1.4239
883.7687  47.5641  11.5259  9.4981  0.0818  1.4307
883.7162  62.4874  35.4445  9.4921  0.0820  1.4211
883.8637  77.4601  11.4840  9.5019  0.0808  1.4071
883.8127  99.4880  35.5552  9.5007  0.0809  1.4117
883.7150  114.4767  11.5137  9.4967  0.0827  1.3970
883.7443  9.5282  35.5690  9.5042  0.0818  1.4076
883.8303  24.4885  11.5057  9.4969  0.0814  1.4021
883.7312  39.3266  35.4898  9.5095  0.0815  1.4237
883.7678  54.6138  11.5263  9.4980  0.0819  1.4308
883.7167  69.5365  35.4439  9.4921  0.0817  1.4213
883.8636  84.5088  11.4840  9.5019  0.0807  1.4071
883.8119  106.5366  35.5558  9.5008  0.0819  1.4118
883.7173  1.5246  11.5138  9.4967  0.0825  1.3970
883.7431  16.5771  35.5699  9.5042  0.0818  1.4076
883.8312  31.5371  11.5057  9.4969  0.0814  1.4021
883.7343  46.3728  35.4897  9.5094  0.0815  1.4236
883.7675  61.6633  11.5266  9.4980  0.0817  1.4308
883.7167  76.5857  35.4431  9.4921  0.0813  1.4213
883.8632  91.5574  11.4840  9.5020  0.0807  1.4070
883.8174  113.5852  35.5566  9.5008  0.0814  1.4118
883.7177  8.5726  11.5138  9.4967  0.0825  1.3972
883.7446  23.6260  35.5707  9.5042  0.0818  1.4075
883.8312  38.5858  11.5057  9.4969  0.0814  1.4021
883.7321  53.4191  35.4896  9.5094  0.0818  1.4235
883.7684  68.7127  11.5269  9.4980  0.0815  1.4310
883.7204  83.6350  35.4424  9.4921  0.0815  1.4214
883.8635  98.6060  11.4840  9.5019  0.0808  1.4070
883.8141  120.6336  35.5573  9.5008  0.0811  1.4118
883.7169  15.6206  11.5139  9.4968  0.0825  1.3974
883.7452  30.6748  35.5716  9.5042  0.0818  1.4072
883.8309  45.6345  11.5057  9.4969  0.0813  1.4022
883.7346  60.4652  35.4895  9.5094  0.0813  1.4235
883.7675  75.7623  11.5272  9.4980  0.0818  1.4307
883.7207  90.6843  35.4417  9.4921  0.0812  1.4214
883.8632  105.6546  11.4841  9.5020  0.0814  1.4071
883.8123  7.6822  35.5579  9.5009  0.0815  1.4117
883.7175  22.6686  11.5139  9.4968  0.0824  1.3976
883.7441  37.7238  35.5724  9.5042  0.0819  1.4069
883.8309  52.6832  11.5056  9.4970  0.0814  1.4022
883.7351  67.5114  35.4895  9.5094  0.0814  1.4234
883.7666  82.8120  11.5276  9.4980  0.0827  1.4307
883.7209  97.7336  35.4410  9.4921  0.0817  1.4214
883.8639  112.7032  11.4841  9.5020  0.0816  1.4071
883.8127  14.7307  35.5586  9.5009  0.0815  1.4118
883.7173  29.7165  11.5140  9.4968  0.0825  1.3977
883.7441  44.7726  35.5733  9.5042  0.0817  1.4068
883.8298  59.7320  11.5056  9.4970  0.0817  1.4022
883.7351  74.5577  35.4895  9.5094  0.0816  1.4233
883.7661  89.8614  11.5279  9.4980  0.0823  1.4307
883.7196  104.7828  35.4402  9.4921  0.0819  1.4216
883.8649  119.7518  11.4841  9.5020  0.0819  1.4070
883.8112  21.7793  35.5593  9.5009  0.0814  1.4120
883.7177  36.7645  11.5140  9.4968  0.0825  1.3979
883.7438  51.8214  35.5741  9.5042  0.0817  1.4067
883.8304  66.7806  11.5056  9.4969  0.0813  1.4023
883.7409  81.6037  35.4894  9.5094  0.0812  1.4235
883.7653  96.9108  11.5282  9.4980  0.0816  1.4306
883.7202  111.8321  35.4395  9.4921  0.0814  1.4216
883.8643  6.8004  11.4841  9.5020  0.0810  1.4068
883.8119  28.8278  35.5600  9.5009  0.0815  1.4121
883.7162  43.8124  11.5141  9.4968  0.0825  1.3981
883.7433  58.8703  35.5750  9.5042  0.0817  1.4067
883.8291  73.8294  11.5056  9.4969  0.0815  1.4026
883.7358  88.6500  35.4893  9.5094  0.0814  1.4235
883.7646  103.9604  11.5285  9.4979  0.0825  1.4306
883.7180  118.8812  35.4388  9.4921  0.0801  1.4214
883.8627  13.8490  11.4841  9.5020  0.0810  1.4067
883.8103  35.8764  35.5607  9.5010  0.0814  1.4122
883.7152  50.8604  11.5141  9.4968  0.0824  1.3981
883.7399  65.9192  35.5759  9.5042  0.0814  1.4068
883.8278  80.8780  11.5055  9.4970  0.0813  1.4028
883.7375  95.6962  35.4893  9.5094  0.0814  1.4236
883.7643  111.0098  11.5288  9.4979  0.0823  1.4306
883.7170  5.9308  35.4381  9.4921  0.0819  1.4213
883.8610  20.8977  11.4842  9.5020  0.0810  1.4066
883.8100  42.9249  35.5614  9.5010  0.0814  1.4122
883.7153  57.9083  11.5142  9.4968  0.0824  1.3981
883.7434  72.9680  35.5767  9.5041  0.0817  1.4066
883.8281  87.9267  11.5055  9.4970  0.0814  1.4029
883.7366  102.7425  35.4892  9.5094  0.0820  1.4237
883.7649  118.0590  11.5291  9.4979  0.0805  1.4304
883.7160  12.9801  35.4374  9.4921  0.0819  1.4213
883.8608  27.9463  11.4842  9.5020  0.0810  1.4065
883.8088  49.9735  35.5621  9.5010  0.0814  1.4123
883.7119  64.9562  11.5142  9.4968  0.0824  1.3981
883.7401  80.0168  35.5775  9.5041  0.0818  1.4068
883.8278  94.9753  11.5055  9.4970  0.0812  1.4029
883.7393  109.7887  35.4892  9.5094  0.0824  1.4237
883.7648  5.1086  11.5295  9.4979  0.0818  1.4303
883.7169  20.0294  35.4366  9.4921  0.0819  1.4211
883.8604  34.9949  11.4842  9.5020  0.0809  1.4064
883.8090  57.0221  35.5627  9.5011  0.0818  1.4123
883.7128  72.0040  11.5142  9.4968  0.0823  1.3979
883.7419  87.0656  35.5783  9.5041  0.0813  1.4071
883.8265  102.0240  11.5054  9.4970  0.0807  1.4030
883.7345  116.8349  35.4891  9.5094  0.0820  1.4239
883.7648  12.1581  11.5297  9.4978  0.0818  1.4302
883.7151  27.0788  35.4359  9.4921  0.0819  1.4211
883.8593  42.0436  11.4843  9.5020  0.0811  1.4064
883.8080  64.0705  35.5634  9.5011  0.0812  1.4125
883.7123  79.0518  11.5143  9.4968  0.0818  1.3978
883.7380  94.1145  35.5792  9.5041  0.0814  1.4072
883.8270  109.0727  11.5054  9.4970  0.0810  1.4029
883.7367  3.8810  35.4891  9.5094  0.0815  1.4240
883.7648  19.2075  11.5300  9.4978  0.0818  1.4300
883.7128  34.1282  35.4353  9.4921  0.0819  1.4210
883.8594  49.0921  11.4844  9.5020  0.0810  1.4064
883.8061  71.1192  35.5642  9.5011  0.0818  1.4123
883.7123  86.0997  11.5143  9.4968  0.0821  1.3976
883.7409  101.1634  35.5801  9.5041  0.0820  1.4076
883.8251  116.1218  11.5054  9.4970  0.0826  1.4029
883.7345  10.9272  35.4891  9.5094  0.0815  1.4241
883.7637  26.2570  11.5303  9.4978  0.0819  1.4301
883.7133  41.1775  35.4345  9.4921  0.0819  1.4210
883.8596  56.1408  11.4844  9.5020  0.0810  1.4064
883.8049  78.1676  35.5648  9.5011  0.0810  1.4122
883.7118  93.1478  11.5144  9.4968  0.0829  1.3974
883.7400  108.2120  35.5809  9.5041  0.0811  1.4077
883.8274  123.1702  11.5053  9.4970  0.0812  1.4029
883.7339  17.9734  35.4890  9.5094  0.0816  1.4242
883.7644  33.3064  11.5306  9.4978  0.0817  1.4303
883.7152  48.2268  35.4337  9.4921  0.0819  1.4211
883.8578  63.1894  11.4845  9.5020  0.0811  1.4064
883.8082  85.2162  35.5655  9.5012  0.0816  1.4121
883.7111  100.1957  11.5144  9.4969  0.0831  1.3971
883.7372  115.2610  35.5818  9.5041  0.0819  1.4079
883.8279  10.2191  11.5053  9.4970  0.0814  1.4026
883.7324  25.0196  35.4890  9.5094  0.0815  1.4241
883.7649  40.3559  11.5309  9.4978  0.0818  1.4304
883.7141  55.2763  35.4330  9.4921  0.0821  1.4212
883.8585  70.2380  11.4845  9.5020  0.0810  1.4064
883.8088  92.2648  35.5662  9.5012  0.0820  1.4120
883.7106  107.2436  11.5145  9.4968  0.0828  1.3967
883.7397  2.3098  35.5827  9.5041  0.0819  1.4082
883.8268  17.2679  11.5052  9.4970  0.0814  1.4026
883.7314  32.0659  35.4889  9.5094  0.0816  1.4242
883.7655  47.4053  11.5312  9.4978  0.0818  1.4306
883.7139  62.3257  35.4323  9.4921  0.0820  1.4215
883.8591  77.2865  11.4846  9.5020  0.0810  1.4062
883.8098  99.3134  35.5669  9.5012  0.0815  1.4117
883.7118  114.2914  11.5145  9.4968  0.0830  1.3965
883.7390  9.3587  35.5836  9.5041  0.0817  1.4084
883.8276  24.3167  11.5052  9.4970  0.0814  1.4025
883.7336  39.1120  35.4889  9.5094  0.0815  1.4242
883.7673  54.4547  11.5315  9.4977  0.0819  1.4309
883.7146  69.3750  35.4316  9.4921  0.0821  1.4217
883.8588  84.3352  11.4847  9.5020  0.0810  1.4061
883.8091  106.3620  35.5676  9.5013  0.0819  1.4115
883.7148  1.3392  11.5145  9.4968  0.0825  1.3963
883.7402  16.4075  35.5844  9.5041  0.0818  1.4084
883.8281  31.3654  11.5051  9.4970  0.0813  1.4025
883.7314  46.1582  35.4889  9.5093  0.0815  1.4241
883.7678  61.5041  11.5317  9.4977  0.0817  1.4311
883.7175  76.4243  35.4309  9.4921  0.0818  1.4219
883.8601  91.3837  11.4847  9.5020  0.0803  1.4062
883.8096  113.4105  35.5682  9.5013  0.0817  1.4115
883.7140  8.3871  11.5146  9.4968  0.0825  1.3964
883.7408  23.4563  35.5852  9.5041  0.0819  1.4084
883.8279  38.4142  11.5051  9.4970  0.0812  1.4025
883.7335  53.2044  35.4888  9.5093  0.0816  1.4241
883.7668  68.5536  11.5320  9.4977  0.0822  1.4314
883.7173  83.4738  35.4302  9.4921  0.0823  1.4221
883.8605  98.4325  11.4848  9.5020  0.0815  1.4061
883.8063  120.4590  35.5689  9.5013  0.0814  1.4115
883.7150  15.4350  11.5146  9.4969  0.0825  1.3966
883.7421  30.5051  35.5861  9.5041  0.0819  1.4085
883.8287  45.4631  11.5051  9.4970  0.0814  1.4026
883.7333  60.2506  35.4888  9.5093  0.0815  1.4239
883.7680  75.6029  11.5323  9.4977  0.0823  1.4315
883.7167  90.5230  35.4295  9.4921  0.0819  1.4222
883.8615  105.4809  11.4849  9.5020  0.0802  1.4061
883.8104  7.5077  35.5697  9.5013  0.0814  1.4114
883.7155  22.4829  11.5146  9.4969  0.0825  1.3968
883.7424  37.5540  35.5870  9.5041  0.0819  1.4084
883.8300  52.5119  11.5050  9.4970  0.0814  1.4026
883.7339  67.2968  35.4887  9.5093  0.0817  1.4237
883.7688  82.6521  11.5326  9.4977  0.0817  1.4316
883.7150  97.5724  35.4288  9.4921  0.0820  1.4222
883.8599  112.5297  11.4850  9.5020  0.0810  1.4059
883.8113  14.5562  35.5703  9.5014  0.0815  1.4114
883.7158  29.5308  11.5147  9.4968  0.0825  1.3969
883.7411  44.6028  35.5878  9.5041  0.0819  1.4084
883.8311  59.5607  11.5049  9.4970  0.0816  1.4026
883.7358  74.3430  35.4887  9.5093  0.0819  1.4234
883.7686  89.7015  11.5329  9.4977  0.0817  1.4315
883.7200  104.6218  35.4281  9.4921  0.0815  1.4223
883.8618  119.5784  11.4850  9.5020  0.0823  1.4059
883.8116  21.6048  35.5710  9.5014  0.0814  1.4114
883.7162  36.5787  11.5147  9.4968  0.0826  1.3972
883.7421  51.6517  35.5887  9.5041  0.0819  1.4081
883.8303  66.6094  11.5048  9.4970  0.0815  1.4025
883.7386  81.3890  35.4887  9.5093  0.0808  1.4233
883.7697  96.7508  11.5331  9.4977  0.0825  1.4314
883.7166  111.6713  35.4274  9.4921  0.0819  1.4223
883.8623  6.6269  11.4851  9.5020  0.0810  1.4060
883.8102  28.6534  35.5717  9.5014  0.0815  1.4114
883.7167  43.6266  11.5147  9.4968  0.0825  1.3974
883.7415  58.7005  35.5896  9.5041  0.0820  1.4079
883.8302  73.6583  11.5048  9.4970  0.0817  1.4024
883.7404  88.4353  35.4886  9.5093  0.0811  1.4232
883.7675  103.8000  11.5334  9.4976  0.0813  1.4313
883.7185  118.7207  35.4267  9.4921  0.0828  1.4224
883.8621  13.6756  11.4852  9.5020  0.0810  1.4060
883.8107  35.7020  35.5724  9.5014  0.0815  1.4114
883.7170  50.6744  11.5147  9.4968  0.0824  1.3975
883.7405  65.7492  35.5904  9.5040  0.0820  1.4078
883.8306  80.7070  11.5047  9.4970  0.0810  1.4025
883.7372  95.4816  35.4886  9.5093  0.0817  1.4233
883.7692  110.8493  11.5336  9.4976  0.0813  1.4313
883.7175  5.7701  35.4260  9.4921  0.0819  1.4224
883.8618  20.7242  11.4853  9.5020  0.0811  1.4060
883.8112  42.7506  35.5731  9.5015  0.0814  1.4115
883.7162  57.7222  11.5147  9.4968  0.0824  1.3976
883.7404  72.7980  35.5913  9.5040  0.0818  1.4077
883.8298  87.7558  11.5047  9.4970  0.0809  1.4026
883.7404  102.5278  35.4886  9.5093  0.0816  1.4233
883.7685  117.8988  11.5339  9.4976  0.0830  1.4312
883.7168  12.8195  35.4253  9.4921  0.0819  1.4224
883.8621  27.7729  11.4854  9.5020  0.0811  1.4059
883.8107  49.7992  35.5738  9.5015  0.0816  1.4116
883.7136  64.7702  11.5147  9.4968  0.0829  1.3980
883.7407  79.8468  35.5921  9.5040  0.0816  1.4077
883.8295  94.8046  11.5046  9.4970  0.0809  1.4029
883.7397  109.5739  35.4885  9.5093  0.0815  1.4234
883.7683  4.9479  11.5341  9.4976  0.0818  1.4311
883.7162  19.8689  35.4245  9.4921  0.0819  1.4223
883.8604  34.8215  11.4855  9.5021  0.0811  1.4057
883.8098  56.8477  35.5745  9.5015  0.0813  1.4118
883.7136  71.8179  11.5147  9.4968  0.0825  1.3979
883.7382  86.8955  35.5930  9.5040  0.0813  1.4078
883.8295  101.8534  11.5045  9.4970  0.0815  1.4032
883.7387  116.6202  35.4885  9.5093  0.0816  1.4235
883.7682  11.9973  11.5343  9.4976  0.0818  1.4310
883.7170  26.9184  35.4238  9.4921  0.0820  1.4222
883.8604  41.8701  11.4856  9.5020  0.0810  1.4056
883.8083  63.8964  35.5751  9.5016  0.0819  1.4120
883.7148  78.8656  11.5148  9.4968  0.0819  1.3979
883.7423  93.9443  35.5939  9.5040  0.0818  1.4078
883.8282  108.9024  11.5044  9.4970  0.0827  1.4033
883.7408  3.6664  35.4884  9.5093  0.0815  1.4236
883.7676  19.0466  11.5345  9.4975  0.0818  1.4310
883.7153  33.9678  35.4231  9.4921  0.0819  1.4222
883.8594  48.9188  11.4857  9.5020  0.0811  1.4055
883.8090  70.9450  35.5758  9.5016  0.0819  1.4120
883.7124  85.9136  11.5148  9.4968  0.0830  1.3978
883.7390  100.9933  35.5948  9.5040  0.0829  1.4079
883.8280  115.9510  11.5044  9.4970  0.0811  1.4033
883.7399  10.7126  35.4884  9.5093  0.0815  1.4238
883.7668  26.0959  11.5348  9.4975  0.0818  1.4309
883.7147  41.0173  35.4224  9.4921  0.0819  1.4221
883.8590  55.9675  11.4858  9.5020  0.0813  1.4054
883.8080  77.9934  35.5764  9.5016  0.0814  1.4120
883.7114  92.9612  11.5148  9.4968  0.0818  1.3976
883.7404  108.0419  35.5956  9.5040  0.0810  1.4081
883.8276  122.9998  11.5043  9.4970  0.0799  1.4033
883.7404  17.7588  35.4883  9.5093  0.0815  1.4238
883.7664  33.1452  11.5350  9.4975  0.0819  1.4308
883.7141  48.0668  35.4217  9.4921  0.0820  1.4220
883.8574  63.0162  11.4860  9.5020  0.0814  1.4053
883.8080  85.0421  35.5772  9.5017  0.0813  1.4119
883.7109  100.0093  11.5148  9.4968  0.0837  1.3976
883.7385  115.0907  35.5965  9.5040  0.0814  1.4083
883.8269  10.0488  11.5042  9.4971  0.0814  1.4033
883.7395  24.8050  35.4883  9.5093  0.0815  1.4240
883.7668  40.1945  11.5352  9.4975  0.0819  1.4306
883.7150  55.1163  35.4210  9.4921  0.0820  1.4219
883.8564  70.0648  11.4861  9.5020  0.0810  1.4056
883.8076  92.0906  35.5778  9.5017  0.0816  1.4120
883.7097  107.0570  11.5148  9.4969  0.0829  1.3974
883.7380  2.1396  35.5974  9.5040  0.0818  1.4085
883.8265  17.0976  11.5041  9.4971  0.0814  1.4033
883.7377  31.8513  35.4883  9.5092  0.0815  1.4240
883.7676  47.2437  11.5354  9.4975  0.0817  1.4306
883.7123  62.1657  35.4203  9.4921  0.0818  1.4219
883.8578  77.1134  11.4862  9.5020  0.0814  1.4057
883.8042  99.1391  35.5785  9.5017  0.0812  1.4119
883.7111  114.1046  11.5148  9.4968  0.0818  1.3973
883.7370  9.1884  35.5983  9.5040  0.0818  1.4088
883.8260  24.1466  11.5040  9.4971  0.0814  1.4032
883.7366  38.8975  35.4883  9.5092  0.0817  1.4241
883.7673  54.2931  11.5356  9.4975  0.0820  1.4308
883.7101  69.2151  35.4196  9.4921  0.0817  1.4220
883.8571  84.1620  11.4864  9.5020  0.0815  1.4061
883.8055  106.1876  35.5792  9.5017  0.0808  1.4119
883.7126  1.1525  11.5148  9.4969  0.0825  1.3967
883.7371  16.2372  35.5992  9.5040  0.0818  1.4091
883.8258  31.1954  11.5039  9.4971  0.0813  1.4032
883.7356  45.9437  35.4883  9.5092  0.0815  1.4241
883.7670  61.3423  11.5358  9.4975  0.0817  1.4309
883.7124  76.2645  35.4189  9.4921  0.0819  1.4221
883.8564  91.2107  11.4865  9.5020  0.0813  1.4062
883.8081  113.2362  35.5799  9.5018  0.0799  1.4117
883.7128  8.2004  11.5149  9.4969  0.0825  1.3964
883.7378  23.2860  35.6000  9.5040  0.0819  1.4092
883.8263  38.2443  11.5039  9.4971  0.0813  1.4031
883.7374  52.9899  35.4882  9.5092  0.0815  1.4241
883.7672  68.3915  11.5360  9.4975  0.0819  1.4311
883.7123  83.3140  35.4182  9.4921  0.0818  1.4223
883.8569  98.2592  11.4866  9.5020  0.0805  1.4063
883.8086  120.2850  35.5806  9.5018  0.0810  1.4115
883.7123  15.2482  11.5149  9.4969  0.0825  1.3961
883.7384  30.3348  35.6009  9.5040  0.0818  1.4092
883.8257  45.2933  11.5038  9.4971  0.0814  1.4030
883.7375  60.0360  35.4881  9.5092  0.0813  1.4241
883.7693  75.4406  11.5362  9.4975  0.0817  1.4315
883.7143  90.3634  35.4175  9.4921  0.0819  1.4224
883.8566  105.3079  11.4868  9.5020  0.0812  1.4062
883.8080  7.3336  35.5813  9.5018  0.0814  1.4110
883.7131  22.2961  11.5149  9.4969  0.0825  1.3960
883.7377  37.3837  35.6018  9.5040  0.0819  1.4093
883.8271  52.3420  11.5036  9.4971  0.0812  1.4029
883.7377  67.0822  35.4881  9.5092  0.0813  1.4240
883.7690  82.4898  11.5364  9.4975  0.0820  1.4318
883.7141  97.4129  35.4168  9.4921  0.0820  1.4228
883.8568  112.3564  11.4869  9.5020  0.0803  1.4061
883.8091  14.3822  35.5820  9.5019  0.0815  1.4109
883.7129  29.3439  11.5149  9.4969  0.0825  1.3961
883.7384  44.4324  35.6026  9.5040  0.0819  1.4092
883.8276  59.3910  11.5035  9.4971  0.0815  1.4030
883.7377  74.1284  35.4880  9.5092  0.0815  1.4239
883.7693  89.5389  11.5366  9.4974  0.0820  1.4319
883.7109  104.4623  35.4161  9.4921  0.0821  1.4230
883.8583  119.4052  11.4870  9.5020  0.0814  1.4061
883.8097  21.4308  35.5827  9.5019  0.0814  1.4109
883.7136  36.3917  11.5149  9.4969  0.0825  1.3961
883.7388  51.4812  35.6035  9.5040  0.0816  1.4092
883.8287  66.4398  11.5034  9.4971  0.0811  1.4030
883.7380  81.1745  35.4880  9.5092  0.0809  1.4238
883.7706  96.5881  11.5368  9.4974  0.0814  1.4320
883.7153  111.5119  35.4154  9.4921  0.0830  1.4230
883.8593  6.4538  11.4872  9.5020  0.0811  1.4059
883.8107  28.4794  35.5833  9.5019  0.0815  1.4110
883.7133  43.4396  11.5149  9.4969  0.0825  1.3963
883.7421  58.5299  35.6044  9.5040  0.0816  1.4093
883.8289  73.4888  11.5033  9.4971  0.0814  1.4030
883.7341  88.2209  35.4880  9.5092  0.0821  1.4236
883.7714  103.6372  11.5369  9.4974  0.0816  1.4321
883.7180  118.5614  35.4147  9.4921  0.0832  1.4231
883.8584  13.5026  11.4873  9.5020  0.0811  1.4059
883.8112  35.5280  35.5841  9.5019  0.0814  1.4109
883.7146  50.4873  11.5149  9.4969  0.0825  1.3965
883.7391  65.5789  35.6053  9.5040  0.0820  1.4092
883.8306  80.5375  11.5032  9.4971  0.0807  1.4030
883.7384  95.2670  35.4879  9.5091  0.0815  1.4235
883.7720  110.6861  11.5371  9.4974  0.0807  1.4321
883.7170  5.6108  35.4139  9.4921  0.0821  1.4231
883.8591  20.5512  11.4875  9.5020  0.0810  1.4058
883.8105  42.5766  35.5847  9.5020  0.0814  1.4108
883.7151  57.5351  11.5149  9.4969  0.0825  1.3967
883.7416  72.6276  35.6062  9.5040  0.0814  1.4089
883.8291  87.5866  11.5031  9.4971  0.0818  1.4028
883.7389  102.3132  35.4879  9.5091  0.0810  1.4233
883.7709  117.7353  11.5373  9.4974  0.0810  1.4320
883.7164  12.6603  35.4133  9.4921  0.0820  1.4232
883.8596  27.5999  11.4876  9.5020  0.0811  1.4058
883.8127  49.6251  35.5854  9.5020  0.0813  1.4108
883.7150  64.5829  11.5149  9.4969  0.0826  1.3973
883.7399  79.6764  35.6071  9.5040  0.0817  1.4088
883.8295  94.6353  11.5030  9.4971  0.0809  1.4027
883.7407  109.3594  35.4879  9.5091  0.0811  1.4232
883.7700  4.7844  11.5374  9.4974  0.0818  1.4320
883.7167  19.7098  35.4126  9.4921  0.0820  1.4232
883.8595  34.6486  11.4878  9.5020  0.0811  1.4056
883.8137  56.6738  35.5861  9.5020  0.0818  1.4108
883.7158  71.6306  11.5148  9.4969  0.0823  1.3974
883.7388  86.7252  35.6079  9.5040  0.0814  1.4087
883.8315  101.6841  11.5028  9.4971  0.0802  1.4028
883.7387  116.4056  35.4879  9.5091  0.0815  1.4231
883.7714  11.8336  11.5376  9.4974  0.0818  1.4319
883.7160  26.7593  35.4119  9.4921  0.0820  1.4232
883.8605  41.6972  11.4880  9.5020  0.0810  1.4054
883.8088  63.7225  35.5868  9.5021  0.0816  1.4110
883.7161  78.6784  11.5148  9.4969  0.0826  1.3975
883.7418  93.7740  35.6088  9.5039  0.0818  1.4087
883.8300  108.7331  11.5027  9.4971  0.0809  1.4029
883.7424  3.4518  35.4878  9.5091  0.0816  1.4232
883.7714  18.8827  11.5377  9.4974  0.0818  1.4318
883.7153  33.8089  35.4112  9.4921  0.0821  1.4232
883.8590  48.7460  11.4882  9.5020  0.0812  1.4053
883.8119  70.7710  35.5875  9.5021  0.0819  1.4112
883.7151  85.7262  11.5148  9.4970  0.0823  1.3975
883.7383  100.8228  35.6097  9.5039  0.0823  1.4086
883.8281  115.7822  11.5026  9.4971  0.0812  1.4032
883.7408  10.4980  35.4878  9.5091  0.0815  1.4234
883.7704  25.9318  11.5379  9.4974  0.0818  1.4318
883.7145  40.8584  35.4105  9.4921  0.0820  1.4231
883.8586  55.7947  11.4883  9.5020  0.0812  1.4052
883.8088  77.8197  35.5882  9.5021  0.0819  1.4113
883.7157  92.7739  11.5148  9.4970  0.0824  1.3975
883.7417  107.8716  35.6106  9.5039  0.0823  1.4086
883.8290  122.8311  11.5025  9.4971  0.0814  1.4035
883.7419  17.5442  35.4878  9.5090  0.0816  1.4234
883.7698  32.9809  11.5380  9.4973  0.0817  1.4318
883.7125  47.9080  35.4098  9.4921  0.0822  1.4231
883.8578  62.8433  11.4885  9.5020  0.0809  1.4052
883.8105  84.8681  35.5888  9.5021  0.0814  1.4114
883.7146  99.8217  11.5148  9.4970  0.0819  1.3975
883.7363  114.9203  35.6115  9.5039  0.0823  1.4087
883.8276  9.8800  11.5023  9.4971  0.0814  1.4034
883.7429  24.5904  35.4878  9.5090  0.0816  1.4236
883.7701  40.0300  11.5381  9.4973  0.0817  1.4317
883.7136  54.9575  35.4091  9.4921  0.0821  1.4230
883.8566  69.8920  11.4887  9.5020  0.0810  1.4053
883.8071  91.9168  35.5896  9.5022  0.0817  1.4114
883.7133  106.8695  11.5148  9.4970  0.0822  1.3976
883.7389  1.9691  35.6124  9.5039  0.0819  1.4086
883.8269  16.9290  11.5022  9.4971  0.0814  1.4036
883.7421  31.6366  35.4878  9.5090  0.0815  1.4236
883.7699  47.0790  11.5383  9.4973  0.0817  1.4316
883.7128  62.0070  35.4084  9.4921  0.0819  1.4229
883.8564  76.9406  11.4889  9.5020  0.0809  1.4054
883.8058  98.9654  35.5903  9.5022  0.0816  1.4113
883.7148  113.9171  11.5148  9.4970  0.0821  1.3974
883.7368  9.0179  35.6133  9.5039  0.0818  1.4088
883.8264  23.9779  11.5020  9.4972  0.0814  1.4037
883.7422  38.6828  35.4877  9.5090  0.0815  1.4237
883.7699  54.1281  11.5384  9.4973  0.0817  1.4316
883.7106  69.0565  35.4077  9.4921  0.0821  1.4229
883.8553  83.9894  11.4891  9.5020  0.0814  1.4055
883.8063  106.0139  35.5909  9.5022  0.0810  1.4115
883.7148  0.9650  11.5148  9.4970  0.0825  1.3972
883.7360  16.0667  35.6142  9.5039  0.0818  1.4091
883.8256  31.0269  11.5019  9.4972  0.0814  1.4037
883.7434  45.7290  35.4877  9.5089  0.0815  1.4239
883.7692  61.1771  11.5385  9.4973  0.0817  1.4314
883.7122  76.1059  35.4070  9.4921  0.0815  1.4229
883.8557  91.0379  11.4893  9.5020  0.0810  1.4056
883.8076  113.0627  35.5916  9.5022  0.0825  1.4114
883.7140  8.0128  11.5148  9.4970  0.0825  1.3971
883.7353  23.1155  35.6151  9.5039  0.0817  1.4094
883.8252  38.0759  11.5017  9.4972  0.0814  1.4038
883.7429  52.7752  35.4877  9.5089  0.0815  1.4239
883.7685  68.2262  11.5387  9.4972  0.0817  1.4315
883.7111  83.1554  35.4063  9.4921  0.0814  1.4228
883.8544  98.0866  11.4895  9.5020  0.0813  1.4058
883.8054  120.1112  35.5923  9.5023  0.0821  1.4114
883.7123  15.0606  11.5148  9.4971  0.0825  1.3969
883.7371  30.1643  35.6160  9.5039  0.0817  1.4097
883.8245  45.1249  11.5016  9.4972  0.0813  1.4037
883.7409  59.8214  35.4877  9.5089  0.0816  1.4239
883.7697  75.2751  11.5388  9.4972  0.0818  1.4317
883.7092  90.2050  35.4057  9.4921  0.0816  1.4229
883.8546  105.1353  11.4897  9.5020  0.0808  1.4060
883.8071  7.1598  35.5930  9.5023  0.0815  1.4112
883.7130  22.1083  11.5147  9.4971  0.0825  1.3966
883.7358  37.2132  35.6168  9.5039  0.0819  1.4099
883.8247  52.1739  11.5014  9.4972  0.0813  1.4036
883.7411  66.8675  35.4876  9.5089  0.0817  1.4241
883.7700  82.3243  11.5390  9.4972  0.0826  1.4319
883.7092  97.2545  35.4050  9.4921  0.0814  1.4228
883.8546  112.1839  11.4899  9.5020  0.0804  1.4063
883.8075  14.2085  35.5937  9.5023  0.0814  1.4110
883.7126  29.1561  11.5147  9.4971  0.0825  1.3963
883.7350  44.2620  35.6178  9.5039  0.0819  1.4101
883.8244  59.2228  11.5013  9.4972  0.0814  1.4036
883.7427  73.9137  35.4876  9.5089  0.0813  1.4241
883.7700  89.3732  11.5391  9.4972  0.0819  1.4319
883.7115  104.3041  35.4043  9.4921  0.0822  1.4231
883.8539  119.2327  11.4901  9.5020  0.0816  1.4063
883.8070  21.2571  35.5943  9.5024  0.0814  1.4109
883.7121  36.2038  11.5147  9.4971  0.0825  1.3959
883.7367  51.3107  35.6186  9.5039  0.0819  1.4102
883.8244  66.2719  11.5011  9.4972  0.0819  1.4033
883.7400  80.9599  35.4876  9.5089  0.0817  1.4239
883.7720  96.4220  11.5392  9.4972  0.0818  1.4320
883.7082  111.3536  35.4036  9.4921  0.0820  1.4232
883.8546  6.2814  11.4903  9.5020  0.0811  1.4061
883.8085  28.3058  35.5950  9.5024  0.0815  1.4105
883.7122  43.2516  11.5147  9.4971  0.0825  1.3957
883.7372  58.3596  35.6195  9.5039  0.0821  1.4102
883.8259  73.3207  11.5009  9.4972  0.0812  1.4031
883.7419  88.0060  35.4876  9.5088  0.0815  1.4239
883.7728  103.4709  11.5393  9.4972  0.0815  1.4324
883.7106  118.4031  35.4029  9.4921  0.0819  1.4234
883.8550  13.3301  11.4905  9.5020  0.0811  1.4062
883.8085  35.3544  35.5957  9.5024  0.0815  1.4103
883.7121  50.2993  11.5146  9.4971  0.0824  1.3957
883.7377  65.4083  35.6205  9.5039  0.0817  1.4100
883.8273  80.3697  11.5007  9.4972  0.0813  1.4031
883.7382  95.0521  35.4875  9.5088  0.0811  1.4237
883.7733  110.5197  11.5394  9.4971  0.0807  1.4326
883.7128  5.4527  35.4022  9.4921  0.0820  1.4235
883.8549  20.3788  11.4907  9.5020  0.0811  1.4062
883.8082  42.4030  35.5964  9.5024  0.0813  1.4102
883.7129  57.3471  11.5146  9.4971  0.0825  1.3958
883.7370  72.4572  35.6213  9.5039  0.0824  1.4100
883.8270  87.4186  11.5006  9.4972  0.0810  1.4032
883.7397  102.0983  35.4876  9.5088  0.0812  1.4237
883.7738  117.5688  11.5395  9.4971  0.0817  1.4327
883.7150  12.5023  35.4015  9.4921  0.0820  1.4236
883.8552  27.4275  11.4909  9.5020  0.0811  1.4062
883.8112  49.4517  35.5970  9.5025  0.0814  1.4102
883.7138  64.3947  11.5146  9.4972  0.0821  1.3962
883.7393  79.5058  35.6222  9.5039  0.0814  1.4099
883.8271  94.4677  11.5004  9.4972  0.0818  1.4031
883.7405  109.1444  35.4876  9.5088  0.0804  1.4236
883.7745  4.6177  11.5396  9.4971  0.0818  1.4327
883.7141  19.5519  35.4008  9.4921  0.0820  1.4237
883.8561  34.4763  11.4912  9.5019  0.0812  1.4061
883.8107  56.5004  35.5978  9.5025  0.0815  1.4102
883.7142  71.4426  11.5146  9.4972  0.0827  1.3965
883.7368  86.5547  35.6232  9.5039  0.0820  1.4099
883.8282  101.5166  11.5002  9.4972  0.0818  1.4032
883.7377  116.1907  35.4875  9.5087  0.0818  1.4235
883.7763  11.6666  11.5397  9.4971  0.0817  1.4327
883.7145  26.6016  35.4002  9.4921  0.0821  1.4238
883.8569  41.5250  11.4914  9.5020  0.0810  1.4061
883.8083  63.5490  35.5984  9.5025  0.0814  1.4100
883.7156  78.4901  11.5145  9.4972  0.0822  1.3967
883.7385  93.6035  35.6241  9.5039  0.0820  1.4099
883.8281  108.5656  11.5000  9.4972  0.0816  1.4032
883.7413  3.2369  35.4875  9.5087  0.0815  1.4235
883.7764  18.7156  11.5398  9.4970  0.0817  1.4327
883.7166  33.6511  35.3995  9.4921  0.0819  1.4239
883.8566  48.5737  11.4916  9.5020  0.0811  1.4059
883.8110  70.5977  35.5991  9.5025  0.0816  1.4102
883.7160  85.5380  11.5145  9.4972  0.0826  1.3970
883.7384  100.6523  35.6250  9.5039  0.0814  1.4097
883.8300  115.6145  11.4998  9.4972  0.0811  1.4031
883.7402  10.2831  35.4875  9.5087  0.0815  1.4234
883.7764  25.7645  11.5399  9.4970  0.0817  1.4327
883.7157  40.7008  35.3988  9.4921  0.0820  1.4239
883.8578  55.6224  11.4919  9.5019  0.0809  1.4058
883.8081  77.6463  35.5997  9.5026  0.0813  1.4102
883.7167  92.5857  11.5145  9.4972  0.0831  1.3970
883.7375  107.7012  35.6259  9.5039  0.0829  1.4097
883.8283  122.6635  11.4996  9.4972  0.0810  1.4029
883.7404  17.3293  35.4876  9.5087  0.0814  1.4234
883.7761  32.8135  11.5400  9.4970  0.0817  1.4326
883.7140  47.7504  35.3981  9.4921  0.0819  1.4239
883.8564  62.6711  11.4921  9.5019  0.0811  1.4056
883.8113  84.6950  35.6004  9.5026  0.0819  1.4102
883.7172  99.6333  11.5144  9.4972  0.0816  1.3971
883.7405  114.7497  35.6268  9.5038  0.0812  1.4095
883.8282  9.7125  11.4995  9.4973  0.0814  1.4034
883.7417  24.3754  35.4875  9.5086  0.0815  1.4233
883.7755  39.8624  11.5401  9.4969  0.0817  1.4324
883.7131  54.8000  35.3974  9.4921  0.0819  1.4238
883.8563  69.7199  11.4924  9.5019  0.0814  1.4053
883.8107  91.7435  35.6011  9.5026  0.0808  1.4103
883.7169  106.6811  11.5144  9.4972  0.0824  1.3971
883.7390  1.7987  35.6277  9.5038  0.0819  1.4093
883.8282  16.7616  11.4992  9.4973  0.0814  1.4035
883.7424  31.4216  35.4875  9.5086  0.0815  1.4233
883.7753  46.9113  11.5402  9.4969  0.0817  1.4324
883.7116  61.8497  35.3967  9.4921  0.0821  1.4238
883.8550  76.7686  11.4926  9.5019  0.0816  1.4052
883.8124  98.7923  35.6018  9.5027  0.0820  1.4104
883.7155  113.7287  11.5144  9.4972  0.0813  1.3972
883.7378  8.8475  35.6286  9.5038  0.0818  1.4094
883.8264  23.8106  11.4991  9.4973  0.0813  1.4037
883.7443  38.4678  35.4875  9.5086  0.0814  1.4233
883.7751  53.9601  11.5403  9.4969  0.0815  1.4325
883.7128  68.8993  35.3961  9.4921  0.0820  1.4237
883.8553  83.8173  11.4929  9.5019  0.0811  1.4052
883.8097  105.8407  35.6024  9.5027  0.0809  1.4105
883.7177  0.7765  11.5143  9.4972  0.0825  1.3972
883.7372  15.8963  35.6295  9.5039  0.0819  1.4094
883.8259  30.8597  11.4988  9.4973  0.0813  1.4039
883.7458  45.5139  35.4875  9.5085  0.0815  1.4234
883.7733  61.0091  11.5403  9.4969  0.0819  1.4324
883.7109  75.9489  35.3954  9.4921  0.0824  1.4237
883.8544  90.8659  11.4931  9.5019  0.0808  1.4054
883.8086  112.8895  35.6031  9.5027  0.0820  1.4106
883.7172  7.8243  11.5143  9.4972  0.0825  1.3972
883.7368  22.9451  35.6304  9.5038  0.0819  1.4095
883.8256  37.9087  11.4986  9.4973  0.0814  1.4041
883.7460  52.5601  35.4875  9.5085  0.0816  1.4236
883.7726  68.0579  11.5404  9.4968  0.0819  1.4326
883.7097  82.9985  35.3947  9.4921  0.0823  1.4237
883.8538  97.9146  11.4934  9.5019  0.0810  1.4054
883.8063  119.9381  35.6038  9.5028  0.0816  1.4106
883.7164  14.8720  11.5143  9.4972  0.0825  1.3972
883.7360  29.9939  35.6313  9.5038  0.0820  1.4096
883.8260  44.9578  11.4984  9.4973  0.0814  1.4042
883.7449  59.6063  35.4875  9.5085  0.0815  1.4236
883.7724  75.1066  11.5405  9.4968  0.0815  1.4324
883.7097  90.0481  35.3940  9.4921  0.0822  1.4236
883.8539  104.9633  11.4937  9.5019  0.0809  1.4056
883.8086  6.9868  35.6045  9.5028  0.0814  1.4106
883.7162  21.9198  11.5142  9.4972  0.0825  1.3971
883.7345  37.0427  35.6323  9.5038  0.0819  1.4099
883.8242  52.0068  11.4982  9.4973  0.0813  1.4042
883.7468  66.6523  35.4875  9.5085  0.0810  1.4236
883.7733  82.1554  11.5406  9.4967  0.0814  1.4322
883.7085  97.0977  35.3933  9.4921  0.0822  1.4237
883.8524  112.0120  11.4939  9.5019  0.0818  1.4057
883.8073  14.0355  35.6051  9.5028  0.0815  1.4106
883.7166  28.9675  11.5142  9.4972  0.0825  1.3970
883.7357  44.0914  35.6332  9.5038  0.0816  1.4102
883.8235  59.0559  11.4980  9.4973  0.0816  1.4041
883.7462  73.6985  35.4875  9.5085  0.0810  1.4235
883.7724  89.2042  11.5407  9.4967  0.0814  1.4322
883.7074  104.1474  35.3927  9.4921  0.0822  1.4235
883.8528  119.0607  11.4942  9.5019  0.0812  1.4059
883.8071  21.0841  35.6057  9.5028  0.0815  1.4105
883.7144  36.0153  11.5142  9.4973  0.0825  1.3967
883.7349  51.1403  35.6341  9.5038  0.0819  1.4105
883.8231  66.1048  11.4977  9.4973  0.0812  1.4039
883.7463  80.7446  35.4875  9.5084  0.0811  1.4237
883.7731  96.2529  11.5407  9.4967  0.0808  1.4324
883.7076  111.1969  35.3920  9.4921  0.0816  1.4235
883.8525  6.1094  11.4945  9.5019  0.0811  1.4059
883.8063  28.1328  35.6064  9.5029  0.0815  1.4104
883.7141  43.0630  11.5141  9.4973  0.0824  1.3964
883.7308  58.1891  35.6350  9.5039  0.0817  1.4106
883.8225  73.1540  11.4975  9.4973  0.0816  1.4038
883.7488  87.7908  35.4875  9.5084  0.0814  1.4238
883.7723  103.3017  11.5408  9.4967  0.0815  1.4326
883.7090  118.2466  35.3913  9.4921  0.0821  1.4235
883.8521  13.1582  11.4947  9.5019  0.0811  1.4061
883.8065  35.1815  35.6071  9.5029  0.0814  1.4103
883.7137  50.1107  11.5141  9.4973  0.0823  1.3961
883.7338  65.2379  35.6360  9.5038  0.0818  1.4108
883.8241  80.2028  11.4973  9.4973  0.0810  1.4037
883.7457  94.8369  35.4875  9.5084  0.0811  1.4239
883.7744  110.3504  11.5409  9.4966  0.0819  1.4326
883.7097  5.2963  35.3907  9.4921  0.0820  1.4235
883.8515  20.2069  11.4950  9.5019  0.0811  1.4063
883.8059  42.2301  35.6077  9.5029  0.0814  1.4101
883.7133  57.1585  11.5141  9.4973  0.0826  1.3958
883.7326  72.2867  35.6368  9.5038  0.0823  1.4109
883.8240  87.2519  11.4970  9.4973  0.0809  1.4035
883.7465  101.8830  35.4875  9.5084  0.0813  1.4240
883.7746  117.3991  11.5409  9.4966  0.0815  1.4327
883.7108  12.3460  35.3899  9.4921  0.0820  1.4237
883.8525  27.2556  11.4953  9.5018  0.0811  1.4064
883.8057  49.2788  35.6084  9.5030  0.0813  1.4098
883.7131  64.2061  11.5140  9.4973  0.0824  1.3959
883.7341  79.3354  35.6378  9.5038  0.0815  1.4108
883.8257  94.3009  11.4968  9.4973  0.0811  1.4034
883.7463  108.9292  35.4875  9.5084  0.0809  1.4240
883.7751  4.4478  11.5410  9.4965  0.0817  1.4329
883.7108  19.3957  35.3893  9.4921  0.0821  1.4239
883.8515  34.3045  11.4956  9.5018  0.0812  1.4065
883.8068  56.3274  35.6091  9.5030  0.0813  1.4094
883.7146  71.2538  11.5140  9.4973  0.0824  1.3958
883.7357  86.3842  35.6387  9.5038  0.0814  1.4108
883.8237  101.3500  11.4965  9.4973  0.0816  1.4034
883.7437  115.9754  35.4876  9.5083  0.0814  1.4238
883.7775  11.4965  11.5410  9.4965  0.0817  1.4330
883.7120  26.4454  35.3887  9.4921  0.0819  1.4240
883.8513  41.3532  11.4959  9.5018  0.0813  1.4065
883.8073  63.3762  35.6097  9.5030  0.0816  1.4093
883.7155  78.3015  11.5139  9.4973  0.0824  1.3959
883.7360  93.4331  35.6397  9.5038  0.0818  1.4108
883.8240  108.3991  11.4963  9.4974  0.0812  1.4036
883.7444  3.0216  35.4876  9.5083  0.0815  1.4239
883.7760  18.5453  11.5411  9.4965  0.0817  1.4332
883.7112  33.4952  35.3880  9.4921  0.0819  1.4241
883.8514  48.4019  11.4962  9.5018  0.0809  1.4064
883.8073  70.4248  35.6103  9.5031  0.0816  1.4095
883.7139  85.3493  11.5139  9.4973  0.0828  1.3959
883.7380  100.4819  35.6406  9.5038  0.0824  1.4107
883.8258  115.4482  11.4960  9.4974  0.0819  1.4036
883.7424  10.0678  35.4876  9.5083  0.0815  1.4240
883.7778  25.5939  11.5411  9.4965  0.0817  1.4333
883.7126  40.5449  35.3873  9.4921  0.0821  1.4243
883.8531  55.4507  11.4965  9.5018  0.0811  1.4064
883.8063  77.4734  35.6110  9.5031  0.0810  1.4094
883.7175  92.3969  11.5138  9.4973  0.0822  1.3960
883.7356  107.5306  35.6415  9.5038  0.0816  1.4106
883.8260  122.4972  11.4958  9.4974  0.0803  1.4036
883.7430  17.1139  35.4876  9.5083  0.0815  1.4240
883.7780  32.6426  11.5412  9.4964  0.0816  1.4334
883.7126  47.5947  35.3866  9.4921  0.0820  1.4244
883.8520  62.4995  11.4969  9.5018  0.0811  1.4063
883.8092  84.5221  35.6117  9.5031  0.0816  1.4094
883.7183  99.4446  11.5138  9.4973  0.0826  1.3963
883.7390  114.5795  35.6425  9.5038  0.0818  1.4106
883.8261  9.5463  11.4955  9.4974  0.0814  1.4037
883.7432  24.1601  35.4876  9.5082  0.0815  1.4238
883.7780  39.6913  11.5412  9.4964  0.0816  1.4333
883.7128  54.6444  35.3860  9.4921  0.0820  1.4244
883.8538  69.5481  11.4972  9.5018  0.0811  1.4062
883.8068  91.5708  35.6123  9.5032  0.0817  1.4093
883.7181  106.4924  11.5137  9.4973  0.0831  1.3965
883.7378  1.6283  35.6434  9.5038  0.0818  1.4104
883.8265  16.5954  11.4953  9.4974  0.0814  1.4037
883.7424  31.2063  35.4876  9.5082  0.0814  1.4236
883.7782  46.7399  11.5412  9.4964  0.0817  1.4333
883.7130  61.6941  35.3852  9.4921  0.0819  1.4244
883.8538  76.5968  11.4975  9.5018  0.0809  1.4061
883.8113  98.6194  35.6129  9.5032  0.0818  1.4093
883.7196  113.5401  11.5137  9.4973  0.0828  1.3966
883.7375  8.6771  35.6443  9.5038  0.0818  1.4104
883.8259  23.6445  11.4950  9.4974  0.0813  1.4037
883.7443  38.2524  35.4876  9.5082  0.0814  1.4236
883.7771  53.7887  11.5413  9.4964  0.0820  1.4332
883.7122  68.7439  35.3846  9.4921  0.0820  1.4246
883.8538  83.6455  11.4978  9.5018  0.0809  1.4059
883.8102  105.6681  35.6136  9.5032  0.0816  1.4093
883.7213  0.5878  11.5136  9.4973  0.0825  1.3965
883.7373  15.7259  35.6452  9.5038  0.0818  1.4102
883.8267  30.6936  11.4948  9.4974  0.0813  1.4038
883.7424  45.2987  35.4878  9.5082  0.0815  1.4234
883.7766  60.8372  11.5413  9.4964  0.0816  1.4333
883.7097  75.7935  35.3839  9.4921  0.0819  1.4245
883.8538  90.6943  11.4981  9.5018  0.0811  1.4057
883.8109  112.7167  35.6143  9.5032  0.0812  1.4093
883.7206  7.6355  11.5136  9.4973  0.0825  1.3966
883.7358  22.7747  35.6462  9.5038  0.0818  1.4101
883.8253  37.7427  11.4945  9.4974  0.0814  1.4039
883.7454  52.3448  35.4877  9.5081  0.0814  1.4234
883.7754  67.8857  11.5413  9.4963  0.0817  1.4334
883.7118  82.8432  35.3832  9.4921  0.0821  1.4244
883.8539  97.7429  11.4984  9.5017  0.0808  1.4055
883.8134  119.7653  35.6149  9.5033  0.0814  1.4095
883.7204  14.6832  11.5135  9.4973  0.0825  1.3967
883.7370  29.8235  35.6471  9.5038  0.0819  1.4101
883.8239  44.7919  11.4942  9.4974  0.0815  1.4040
883.7445  59.3911  35.4877  9.5081  0.0815  1.4233
883.7760  74.9343  11.5413  9.4963  0.0816  1.4334
883.7108  89.8929  35.3826  9.4921  0.0821  1.4243
883.8533  104.7918  11.4988  9.5017  0.0819  1.4056
883.8105  6.8140  35.6155  9.5033  0.0815  1.4093
883.7207  21.7309  11.5135  9.4973  0.0825  1.3968
883.7361  36.8723  35.6480  9.5038  0.0819  1.4101
883.8241  51.8409  11.4939  9.4974  0.0812  1.4043
883.7434  66.4372  35.4877  9.5081  0.0812  1.4233
883.7734  81.9829  11.5414  9.4963  0.0821  1.4334
883.7089  96.9426  35.3819  9.4921  0.0820  1.4242
883.8525  111.8404  11.4991  9.5017  0.0817  1.4057
883.8100  13.8627  35.6161  9.5033  0.0815  1.4094
883.7198  28.7787  11.5134  9.4973  0.0825  1.3968
883.7347  43.9211  35.6489  9.5038  0.0817  1.4101
883.8232  58.8900  11.4937  9.4974  0.0810  1.4045
883.7475  73.4834  35.4877  9.5081  0.0818  1.4234
883.7736  89.0314  11.5414  9.4962  0.0822  1.4335
883.7095  103.9924  35.3813  9.4921  0.0828  1.4242
883.8521  118.8891  11.4995  9.5017  0.0809  1.4058
883.8085  20.9114  35.6168  9.5034  0.0814  1.4094
883.7188  35.8264  11.5134  9.4973  0.0824  1.3968
883.7354  50.9699  35.6499  9.5038  0.0820  1.4103
883.8214  65.9391  11.4934  9.4974  0.0816  1.4043
883.7482  80.5295  35.4878  9.5081  0.0816  1.4234
883.7749  96.0799  11.5414  9.4962  0.0817  1.4333
883.7059  111.0420  35.3806  9.4921  0.0820  1.4240
883.8522  5.9378  11.4998  9.5017  0.0811  1.4058
883.8074  27.9601  35.6174  9.5034  0.0814  1.4095
883.7189  42.8741  11.5133  9.4973  0.0825  1.3968
883.7326  58.0188  35.6508  9.5038  0.0822  1.4105
883.8219  72.9881  11.4931  9.4974  0.0812  1.4042
883.7480  87.5757  35.4878  9.5081  0.0821  1.4235
883.7734  103.1284  11.5415  9.4962  0.0821  1.4332
883.7052  118.0918  35.3799  9.4921  0.0823  1.4241
883.8503  12.9866  11.5001  9.5017  0.0811  1.4060
883.8075  35.0089  35.6180  9.5034  0.0815  1.4096
883.7174  49.9218  11.5133  9.4974  0.0824  1.3967
883.7343  65.0675  35.6517  9.5038  0.0818  1.4109
883.8209  80.0372  11.4928  9.4974  0.0812  1.4042
883.7510  94.6218  35.4878  9.5081  0.0819  1.4235
883.7739  110.1768  11.5415  9.4962  0.0812  1.4331
883.7089  5.1416  35.3793  9.4921  0.0820  1.4239
883.8492  20.0354  11.5005  9.5017  0.0811  1.4062
883.8079  42.0575  35.6186  9.5034  0.0814  1.4095
883.7177  56.9694  11.5132  9.4973  0.0820  1.3965
883.7328  72.1164  35.6527  9.5037  0.0821  1.4110
883.8197  87.0864  11.4925  9.4975  0.0815  1.4042
883.7476  101.6680  35.4879  9.5081  0.0814  1.4236
883.7728  117.2254  11.5415  9.4961  0.0820  1.4332
883.7080  12.1914  35.3787  9.4921  0.0820  1.4238
883.8491  27.0842  11.5008  9.5016  0.0812  1.4063
883.8069  49.1062  35.6192  9.5035  0.0815  1.4094
883.7164  64.0172  11.5132  9.4974  0.0826  1.3966
883.7340  79.1651  35.6537  9.5037  0.0815  1.4111
883.8198  94.1354  11.4922  9.4975  0.0812  1.4041
883.7518  108.7140  35.4879  9.5081  0.0815  1.4236
883.7740  4.2738  11.5415  9.4961  0.0817  1.4333
883.7072  19.2412  35.3780  9.4921  0.0820  1.4238
883.8484  34.1329  11.5012  9.5016  0.0811  1.4065
883.8046  56.1550  35.6199  9.5035  0.0816  1.4093
883.7170  71.0648  11.5131  9.4974  0.0822  1.3962
883.7347  86.2140  35.6545  9.5037  0.0821  1.4114
883.8203  101.1845  11.4919  9.4975  0.0813  1.4040
883.7451  115.7602  35.4880  9.5081  0.0809  1.4239
883.7766  11.3223  11.5415  9.4961  0.0817  1.4334
883.7096  26.2911  35.3773  9.4921  0.0820  1.4239
883.8483  41.1817  11.5016  9.5016  0.0812  1.4066
883.8055  63.2036  35.6205  9.5035  0.0817  1.4090
883.7167  78.1126  11.5130  9.4974  0.0831  1.3959
883.7373  93.2627  35.6555  9.5037  0.0813  1.4115
883.8198  108.2336  11.4916  9.4975  0.0809  1.4039
883.7492  2.8064  35.4879  9.5080  0.0815  1.4239
883.7770  18.3708  11.5415  9.4961  0.0817  1.4335
883.7085  33.3409  35.3766  9.4921  0.0819  1.4240
883.8481  48.2304  11.5020  9.5016  0.0810  1.4067
883.8051  70.2522  35.6210  9.5036  0.0812  1.4090
883.7174  85.1601  11.5130  9.4974  0.0825  1.3957
883.7335  100.3117  35.6565  9.5037  0.0818  1.4116
883.8202  115.2827  11.4913  9.4975  0.0816  1.4038
883.7468  9.8527  35.4881  9.5080  0.0814  1.4240
883.7777  25.4193  11.5415  9.4961  0.0817  1.4336
883.7089  40.3908  35.3760  9.4921  0.0821  1.4242
883.8479  55.2791  11.5023  9.5016  0.0811  1.4069
883.8046  77.3008  35.6216  9.5036  0.0811  1.4086
883.7167  92.2079  11.5129  9.4974  0.0827  1.3954
883.7335  107.3605  35.6574  9.5037  0.0812  1.4116
883.8217  122.3318  11.4909  9.4975  0.0811  1.4038
883.7468  16.8989  35.4881  9.5080  0.0815  1.4240
883.7780  32.4677  11.5415  9.4961  0.0816  1.4337
883.7097  47.4406  35.3753  9.4921  0.0820  1.4244
883.8483  62.3278  11.5027  9.5016  0.0809  1.4070
883.8094  84.3494  35.6223  9.5036  0.0804  1.4086
883.7183  99.2555  11.5128  9.4974  0.0824  1.3954
883.7347  114.4094  35.6583  9.5037  0.0822  1.4115
883.8218  9.3809  11.4906  9.4975  0.0814  1.4041
883.7468  23.9451  35.4881  9.5080  0.0815  1.4240
883.7778  39.5163  11.5416  9.4961  0.0817  1.4338
883.7101  54.4905  35.3747  9.4921  0.0818  1.4245
883.8486  69.3765  11.5031  9.5015  0.0809  1.4068
883.8102  91.3983  35.6228  9.5036  0.0821  1.4084
883.7184  106.3033  11.5128  9.4975  0.0838  1.3955
883.7357  1.4582  35.6593  9.5037  0.0819  1.4114
883.8224  16.4301  11.4903  9.4975  0.0814  1.4041
883.7465  30.9913  35.4881  9.5080  0.0815  1.4240
883.7788  46.5646  11.5416  9.4960  0.0816  1.4339
883.7118  61.5403  35.3740  9.4921  0.0818  1.4247
883.8474  76.4254  11.5035  9.5016  0.0816  1.4066
883.8083  98.4469  35.6235  9.5037  0.0810  1.4084
883.7199  113.3508  11.5127  9.4974  0.0819  1.3955
883.7361  8.5070  35.6603  9.5037  0.0819  1.4115
883.8220  23.4792  11.4900  9.4975  0.0814  1.4041
883.7450  38.0375  35.4882  9.5080  0.0814  1.4240
883.7797  53.6131  11.5416  9.4960  0.0816  1.4340
883.7096  68.5901  35.3734  9.4921  0.0818  1.4247
883.8493  83.4739  11.5039  9.5015  0.0810  1.4066
883.8080  105.4957  35.6241  9.5037  0.0811  1.4083
883.7198  0.3985  11.5127  9.4975  0.0825  1.3955
883.7358  15.5558  35.6612  9.5037  0.0819  1.4115
883.8224  30.5284  11.4897  9.4975  0.0814  1.4041
883.7457  45.0837  35.4882  9.5079  0.0814  1.4240
883.7793  60.6615  11.5416  9.4960  0.0818  1.4340
883.7094  75.6398  35.3727  9.4921  0.0816  1.4247
883.8495  90.5227  11.5043  9.5015  0.0814  1.4066
883.8091  112.5444  35.6247  9.5037  0.0817  1.4082
883.7197  7.4463  11.5126  9.4975  0.0825  1.3957
883.7368  22.6046  35.6621  9.5036  0.0818  1.4112
883.8215  37.5775  11.4893  9.4976  0.0815  1.4041
883.7448  52.1300  35.4883  9.5079  0.0816  1.4239
883.7787  67.7099  11.5416  9.4960  0.0818  1.4343
883.7083  82.6897  35.3721  9.4921  0.0825  1.4248
883.8491  97.5714  11.5047  9.5015  0.0812  1.4065
883.8090  119.5929  35.6252  9.5038  0.0812  1.4082
883.7209  14.4940  11.5125  9.4975  0.0825  1.3959
883.7372  29.6535  35.6631  9.5036  0.0818  1.4111
883.8224  44.6267  11.4890  9.4975  0.0815  1.4041
883.7451  59.1762  35.4883  9.5079  0.0814  1.4236
883.7788  74.7583  11.5416  9.4959  0.0817  1.4342
883.7119  89.7394  35.3714  9.4921  0.0824  1.4248
883.8489  104.6201  11.5051  9.5015  0.0809  1.4064
883.8105  6.6417  35.6259  9.5038  0.0815  1.4080
883.7226  21.5417  11.5124  9.4975  0.0825  1.3961
883.7368  36.7023  35.6640  9.5036  0.0820  1.4110
883.8224  51.6758  11.4887  9.4976  0.0812  1.4041
883.7438  66.2224  35.4884  9.5079  0.0815  1.4234
883.7792  81.8065  11.5415  9.4959  0.0809  1.4342
883.7102  96.7892  35.3708  9.4921  0.0822  1.4247
883.8488  111.6687  11.5055  9.5015  0.0801  1.4062
883.8108  13.6904  35.6265  9.5038  0.0815  1.4080
883.7222  28.5894  11.5124  9.4975  0.0825  1.3962
883.7366  43.7511  35.6650  9.5036  0.0818  1.4109
883.8213  58.7249  11.4883  9.4976  0.0814  1.4043
883.7475  73.2686  35.4884  9.5079  0.0814  1.4232
883.7783  88.8549  11.5416  9.4959  0.0812  1.4342
883.7048  103.8391  35.3701  9.4921  0.0827  1.4246
883.8494  118.7173  11.5059  9.5014  0.0805  1.4059
883.8112  20.7392  35.6270  9.5038  0.0815  1.4081
883.7230  35.6370  11.5123  9.4975  0.0824  1.3962
883.7362  50.8000  35.6660  9.5036  0.0820  1.4108
883.8212  65.7740  11.4880  9.4976  0.0813  1.4045
883.7482  80.3147  35.4885  9.5079  0.0811  1.4231
883.7781  95.9032  11.5415  9.4958  0.0812  1.4342
883.7055  110.8889  35.3695  9.4921  0.0837  1.4245
883.8498  5.7662  11.5063  9.5014  0.0812  1.4060
883.8109  27.7879  35.6276  9.5039  0.0815  1.4081
883.7228  42.6847  11.5122  9.4976  0.0825  1.3964
883.7351  57.8487  35.6669  9.5036  0.0817  1.4108
883.8209  72.8231  11.4876  9.4976  0.0813  1.4045
883.7485  87.3609  35.4886  9.5079  0.0811  1.4232
883.7766  102.9515  11.5415  9.4958  0.0813  1.4342
883.7087  117.9384  35.3688  9.4921  0.0812  1.4245
883.8491  12.8149  11.5067  9.5014  0.0812  1.4060
883.8105  34.8366  35.6281  9.5039  0.0815  1.4081
883.7224  49.7323  11.5121  9.4976  0.0823  1.3965
883.7366  64.8975  35.6678  9.5036  0.0818  1.4110
883.8212  79.8721  11.4872  9.4976  0.0808  1.4045
883.7529  94.4070  35.4886  9.5079  0.0809  1.4233
883.7770  109.9999  11.5415  9.4958  0.0806  1.4342
883.7079  4.9884  35.3682  9.4921  0.0820  1.4245
883.8477  19.8637  11.5072  9.5014  0.0811  1.4062
883.8118  41.8853  35.6287  9.5039  0.0813  1.4082
883.7227  56.7800  11.5120  9.4976  0.0824  1.3965
883.7345  71.9463  35.6688  9.5036  0.0817  1.4110
883.8199  86.9214  11.4869  9.4976  0.0815  1.4046
883.7516  101.4533  35.4887  9.5079  0.0813  1.4234
883.7767  117.0482  11.5415  9.4958  0.0817  1.4342
883.7085  12.0383  35.3675  9.4921  0.0821  1.4244
883.8469  26.9124  11.5076  9.5014  0.0812  1.4063
883.8100  48.9340  35.6293  9.5039  0.0813  1.4083
883.7207  63.8277  11.5120  9.4976  0.0825  1.3965
883.7330  78.9952  35.6697  9.5036  0.0820  1.4112
883.8198  93.9705  11.4865  9.4976  0.0814  1.4045
883.7546  108.4995  35.4888  9.5079  0.0811  1.4235
883.7751  124.0964  11.5415  9.4958  0.0811  1.4340
883.7072  19.0883  35.3669  9.4921  0.0820  1.4243
883.8450  33.9612  11.5081  9.5014  0.0812  1.4064
883.8088  55.9828  35.6299  9.5040  0.0816  1.4082
883.7212  70.8753  11.5119  9.4977  0.0826  1.3964
883.7316  86.0441  35.6707  9.5036  0.0816  1.4114
883.8187  101.0196  11.4862  9.4976  0.0813  1.4045
883.7512  115.5458  35.4888  9.5079  0.0817  1.4235
883.7773  11.1448  11.5415  9.4957  0.0817  1.4338
883.7069  26.1382  35.3663  9.4921  0.0821  1.4242
883.8459  41.0099  11.5085  9.5014  0.0810  1.4065
883.8064  63.0315  35.6305  9.5040  0.0814  1.4082
883.7208  77.9230  11.5118  9.4977  0.0823  1.3962
883.7330  93.0930  35.6717  9.5035  0.0822  1.4116
883.8171  108.0688  11.4858  9.4976  0.0808  1.4045
883.7542  2.5920  35.4889  9.5079  0.0815  1.4236
883.7770  18.1931  11.5415  9.4957  0.0816  1.4337
883.7073  33.1881  35.3656  9.4921  0.0819  1.4241
883.8442  48.0587  11.5089  9.5014  0.0812  1.4067
883.8054  70.0802  35.6311  9.5040  0.0813  1.4084
883.7201  84.9706  11.5117  9.4977  0.0821  1.3962
883.7300  100.1418  35.6726  9.5035  0.0812  1.4117
883.8180  115.1180  11.4854  9.4976  0.0821  1.4045
883.7533  9.6383  35.4889  9.5079  0.0815  1.4238
883.7783  25.2414  11.5415  9.4957  0.0817  1.4338
883.7062  40.2381  35.3650  9.4921  0.0821  1.4241
883.8447  55.1074  11.5094  9.5013  0.0812  1.4069
883.8058  77.1289  35.6316  9.5040  0.0815  1.4083
883.7216  92.0184  11.5116  9.4977  0.0828  1.3960
883.7291  107.1906  35.6735  9.5035  0.0819  1.4119
883.8168  122.1671  11.4850  9.4976  0.0817  1.4044
883.7527  16.6846  35.4890  9.5078  0.0814  1.4240
883.7777  32.2897  11.5415  9.4957  0.0817  1.4339
883.7072  47.2881  35.3643  9.4921  0.0821  1.4242
883.8427  62.1562  11.5098  9.5013  0.0816  1.4071
883.8070  84.1775  35.6321  9.5040  0.0812  1.4082
883.7188  99.0659  11.5115  9.4978  0.0818  1.3957
883.7338  114.2395  35.6745  9.5035  0.0821  1.4121
883.8168  9.2163  11.4847  9.4976  0.0814  1.4046
883.7524  23.7308  35.4891  9.5078  0.0814  1.4240
883.7783  39.3380  11.5414  9.4957  0.0817  1.4341
883.7073  54.3380  35.3637  9.4921  0.0822  1.4244
883.8417  69.2049  11.5103  9.5013  0.0812  1.4074
883.8009  91.2263  35.6327  9.5041  0.0818  1.4080
883.7190  106.1137  11.5115  9.4978  0.0824  1.3954
883.7326  1.2884  35.6755  9.5035  0.0818  1.4121
883.8163  16.2655  11.4843  9.4976  0.0814  1.4045
883.7511  30.7771  35.4892  9.5078  0.0813  1.4241
883.7797  46.3862  11.5414  9.4957  0.0816  1.4342
883.7070  61.3879  35.3631  9.4921  0.0817  1.4246
883.8422  76.2535  11.5107  9.5013  0.0810  1.4073
883.8066  98.2749  35.6333  9.5041  0.0817  1.4075
883.7183  113.1613  11.5114  9.4978  0.0818  1.3951
883.7333  8.3372  35.6765  9.5035  0.0818  1.4122
883.8165  23.3147  11.4839  9.4976  0.0814  1.4045
883.7506  37.8234  35.4893  9.5078  0.0814  1.4241
883.7800  53.4345  11.5414  9.4956  0.0817  1.4343
883.7052  68.4378  35.3624  9.4921  0.0823  1.4247
883.8425  83.3021  11.5112  9.5013  0.0808  1.4072
