5500  0.05546
6000  0.05525
6500  0.05511
7000  0.05531
7500  0.05544
8000  0.05546
8500  0.05529
9000  0.05509
9500  0.05523
10000  0.05541
10500  0.05550
11000  0.05532
11500  0.05511
12000  0.05523
12500  0.05536
13000  0.05552
13500  0.05542
14000  0.05509
14500  0.05515
15000  0.05537
15500  0.05550
16000  0.05544
16500  0.05509
17000  0.05515
17500  0.05535
18000  0.05548
18500  0.05545
19000  0.05511
19500  0.05509
20000  0.05533
20500  0.05547
21000  0.05548
21500  0.05508
22000  0.05503
22500  0.05530
23000  0.05546
23500  0.05542
24000  0.05509
24500  0.05505
25000  0.05529
25500  0.05545
26000  0.05536
26500  0.05504
27000  0.05501
27500  0.05521
28000  0.05542
28500  0.05534
29000  0.05500
29500  0.05497
30000  0.05522
30500  0.05537
31000  0.05532
31500  0.05500
32000  0.05489
32500  0.05515
33000  0.05533
33500  0.05528
34000  0.05494
34500  0.05489
35000  0.05510
35500  0.05526
36000  0.05518
36500  0.05488
37000  0.05477
37500  0.05502
38000  0.05523
38500  0.05515
39000  0.05479
39500  0.05471
40000  0.05495
40500  0.05515
41000  0.05504
41500  0.05470
42000  0.05463
42500  0.05489
43000  0.05511
43500  0.05498
44000  0.05462
44500  0.05460
45000  0.05478
45500  0.05501
46000  0.05488
46500  0.05451
47000  0.05447
47500  0.05471
48000  0.05491
48500  0.05476
49000  0.05439
49500  0.05437
50000  0.05465
50500  0.05480
51000  0.05462
51500  0.05421
52000  0.05427
52500  0.05448
53000  0.05464
53500  0.05447
54000  0.05407
54500  0.05412
55000  0.05434
55500  0.05445
56000  0.05430
56500  0.05388
57000  0.05397
57500  0.05419
58000  0.05426
58500  0.05410
59000  0.05366
59500  0.05389
60000  0.05407
60500  0.05410
61000  0.05393
61500  0.05350
62000  0.05370
62500  0.05387
63000  0.05389
63500  0.05368
64000  0.05339
64500  0.05355
65000  0.05372
65500  0.05367
66000  0.05349
66500  0.05331
67000  0.05344
67500  0.05350
68000  0.05345
68500  0.05320
69000  0.05329
69500  0.05340
70000  0.05334
70500  0.05331
71000  0.05313
71500  0.05328
72000  0.05331
72500  0.05328
73000  0.05326
73500  0.05314
74000  0.05345
74500  0.05335
75000  0.05321
75500  0.05321
76000  0.05328
76500  0.05365
77000  0.05338
77500  0.05311
78000  0.05316
78500  0.05349
79000  0.05376
79500  0.05339
80000  0.05307
80500  0.05310
81000  0.05357
81500  0.05369
82000  0.05321
82500  0.05298
83000  0.05307
83500  0.05350
84000  0.05355
84500  0.05302
85000  0.05295
85500  0.05306
86000  0.05347
86500  0.05338
87000  0.05290
87500  0.05290
88000  0.05304
88500  0.05339
89000  0.05312
89500  0.05289
90000  0.05288
90500  0.05302
91000  0.05326
91500  0.05302
92000  0.05286
92500  0.05282
93000  0.05299
93500  0.05314
94000  0.05301
94500  0.05302
95000  0.05284
95500  0.05309
96000  0.05306
96500  0.05318
97000  0.05314
97500  0.05295
98000  0.05314
98500  0.05326
99000  0.05334
99500  0.05325
100000  0.05303
