1500  1.1727  1.1727  45.0819
3000  1.1729  1.1728  45.0740
4500  1.1730  1.1728  45.0693
6000  1.1730  1.1729  45.0703
7500  1.1728  1.1728  45.0781
9000  1.1723  1.1728  45.0955
10500  1.1717  1.1726  45.1185
12000  1.1711  1.1724  45.1410
13500  1.1708  1.1722  45.1545
15000  1.1708  1.1721  45.1520
16500  1.1713  1.1720  45.1334
18000  1.1718  1.1720  45.1158
19500  1.1721  1.1720  45.1047
21000  1.1725  1.1720  45.0871
22500  1.1730  1.1721  45.0677
24000  1.1734  1.1722  45.0519
25500  1.1738  1.1723  45.0398
27000  1.1740  1.1724  45.0315
28500  1.1742  1.1725  45.0220
30000  1.1745  1.1726  45.0104
31500  1.1747  1.1727  45.0049
33000  1.1749  1.1728  44.9963
34500  1.1756  1.1729  44.9696
36000  1.1763  1.1730  44.9415
37500  1.1768  1.1732  44.9226
39000  1.1768  1.1733  44.9214
40500  1.1767  1.1735  44.9278
42000  1.1765  1.1736  44.9350
43500  1.1766  1.1737  44.9313
45000  1.1769  1.1738  44.9199
46500  1.1771  1.1739  44.9119
48000  1.1771  1.1740  44.9105
49500  1.1770  1.1741  44.9160
51000  1.1768  1.1742  44.9222
52500  1.1768  1.1742  44.9236
54000  1.1766  1.1743  44.9291
55500  1.1764  1.1744  44.9370
57000  1.1763  1.1744  44.9432
58500  1.1762  1.1745  44.9466
60000  1.1763  1.1745  44.9441
61500  1.1766  1.1746  44.9307
63000  1.1770  1.1746  44.9147
64500  1.1770  1.1747  44.9139
66000  1.1767  1.1747  44.9284
67500  1.1762  1.1747  44.9478
69000  1.1757  1.1748  44.9639
70500  1.1752  1.1748  44.9840
72000  1.1746  1.1748  45.0062
73500  1.1743  1.1748  45.0179
75000  1.1745  1.1748  45.0121
76500  1.1749  1.1748  44.9945
78000  1.1756  1.1748  44.9693
79500  1.1761  1.1748  44.9505
81000  1.1763  1.1748  44.9406
82500  1.1767  1.1749  44.9271
84000  1.1769  1.1749  44.9182
85500  1.1768  1.1749  44.9228
87000  1.1766  1.1750  44.9301
88500  1.1766  1.1750  44.9325
90000  1.1766  1.1750  44.9298
91500  1.1767  1.1750  44.9287
93000  1.1764  1.1751  44.9398
94500  1.1761  1.1751  44.9499
96000  1.1757  1.1751  44.9664
97500  1.1752  1.1751  44.9827
99000  1.1751  1.1751  44.9883
100500  1.1752  1.1751  44.9849
102000  1.1753  1.1751  44.9813
103500  1.1752  1.1751  44.9859
105000  1.1751  1.1751  44.9891
106500  1.1750  1.1751  44.9903
108000  1.1750  1.1751  44.9911
109500  1.1751  1.1751  44.9875
111000  1.1753  1.1751  44.9802
112500  1.1755  1.1751  44.9712
114000  1.1759  1.1751  44.9572
115500  1.1765  1.1751  44.9354
117000  1.1768  1.1752  44.9225
118500  1.1767  1.1752  44.9253
120000  1.1765  1.1752  44.9344
121500  1.1763  1.1752  44.9405
123000  1.1761  1.1752  44.9502
124500  1.1764  1.1752  44.9396
126000  1.1773  1.1753  44.9041
127500  1.1784  1.1753  44.8638
129000  1.1793  1.1753  44.8292
130500  1.1800  1.1754  44.8004
132000  1.1806  1.1755  44.7796
133500  1.1807  1.1755  44.7737
135000  1.1808  1.1756  44.7707
136500  1.1812  1.1756  44.7549
138000  1.1820  1.1757  44.7266
139500  1.1828  1.1758  44.6969
141000  1.1833  1.1759  44.6783
142500  1.1834  1.1759  44.6724
144000  1.1832  1.1760  44.6798
145500  1.1829  1.1761  44.6915
147000  1.1827  1.1762  44.6997
148500  1.1826  1.1762  44.7044
150000  1.1825  1.1763  44.7054
151500  1.1825  1.1763  44.7079
153000  1.1824  1.1764  44.7120
154500  1.1822  1.1765  44.7167
156000  1.1820  1.1765  44.7237
157500  1.1819  1.1766  44.7285
159000  1.1817  1.1766  44.7375
160500  1.1813  1.1767  44.7533
162000  1.1809  1.1767  44.7660
163500  1.1807  1.1767  44.7745
165000  1.1804  1.1768  44.7848
166500  1.1800  1.1768  44.8011
168000  1.1794  1.1768  44.8228
169500  1.1788  1.1768  44.8454
171000  1.1783  1.1768  44.8671
172500  1.1778  1.1769  44.8863
174000  1.1773  1.1769  44.9033
175500  1.1770  1.1769  44.9155
177000  1.1770  1.1769  44.9159
178500  1.1772  1.1769  44.9087
180000  1.1776  1.1769  44.8927
181500  1.1783  1.1769  44.8671
183000  1.1790  1.1769  44.8390
184500  1.1795  1.1769  44.8201
186000  1.1799  1.1769  44.8064
187500  1.1803  1.1770  44.7899
189000  1.1807  1.1770  44.7748
190500  1.1810  1.1770  44.7616
192000  1.1815  1.1771  44.7450
193500  1.1820  1.1771  44.7260
195000  1.1824  1.1771  44.7097
196500  1.1829  1.1772  44.6899
198000  1.1835  1.1772  44.6681
199500  1.1839  1.1773  44.6532
201000  1.1842  1.1773  44.6412
202500  1.1845  1.1774  44.6314
204000  1.1845  1.1774  44.6319
205500  1.1843  1.1775  44.6373
207000  1.1843  1.1775  44.6393
208500  1.1844  1.1776  44.6361
210000  1.1846  1.1776  44.6256
211500  1.1852  1.1777  44.6066
213000  1.1856  1.1778  44.5909
214500  1.1859  1.1778  44.5801
216000  1.1861  1.1779  44.5717
217500  1.1863  1.1779  44.5631
219000  1.1867  1.1780  44.5476
220500  1.1870  1.1780  44.5370
222000  1.1870  1.1781  44.5360
223500  1.1872  1.1782  44.5291
225000  1.1878  1.1782  44.5089
226500  1.1884  1.1783  44.4853
228000  1.1889  1.1784  44.4651
229500  1.1891  1.1784  44.4588
231000  1.1890  1.1785  44.4636
232500  1.1888  1.1786  44.4695
234000  1.1890  1.1786  44.4637
235500  1.1895  1.1787  44.4439
237000  1.1900  1.1788  44.4256
238500  1.1902  1.1789  44.4170
240000  1.1902  1.1789  44.4166
241500  1.1902  1.1790  44.4157
243000  1.1904  1.1791  44.4095
244500  1.1910  1.1791  44.3895
246000  1.1918  1.1792  44.3565
247500  1.1926  1.1793  44.3295
249000  1.1929  1.1794  44.3175
250500  1.1929  1.1795  44.3171
252000  1.1928  1.1795  44.3214
253500  1.1928  1.1796  44.3210
255000  1.1929  1.1797  44.3166
256500  1.1933  1.1798  44.3022
258000  1.1938  1.1799  44.2844
259500  1.1941  1.1799  44.2719
261000  1.1945  1.1800  44.2564
262500  1.1948  1.1801  44.2471
264000  1.1945  1.1802  44.2558
265500  1.1941  1.1803  44.2739
267000  1.1937  1.1803  44.2890
268500  1.1935  1.1804  44.2946
270000  1.1936  1.1805  44.2924
271500  1.1936  1.1806  44.2918
273000  1.1938  1.1806  44.2829
274500  1.1943  1.1807  44.2639
276000  1.1947  1.1808  44.2488
277500  1.1948  1.1809  44.2471
279000  1.1947  1.1809  44.2495
280500  1.1948  1.1810  44.2479
282000  1.1947  1.1811  44.2485
283500  1.1947  1.1812  44.2485
285000  1.1948  1.1812  44.2478
286500  1.1951  1.1813  44.2344
288000  1.1956  1.1814  44.2185
289500  1.1959  1.1814  44.2055
291000  1.1960  1.1815  44.2003
292500  1.1958  1.1816  44.2092
294000  1.1955  1.1817  44.2212
295500  1.1954  1.1817  44.2249
297000  1.1955  1.1818  44.2200
298500  1.1956  1.1819  44.2177
300000  1.1954  1.1819  44.2226
