1500  1.1672  1.1672  248.7386
3000  1.1672  1.1672  248.7320
4500  1.1677  1.1673  248.6382
6000  1.1677  1.1674  248.6382
7500  1.1674  1.1674  248.6848
9000  1.1672  1.1674  248.7274
10500  1.1665  1.1673  248.8754
12000  1.1661  1.1671  248.9707
13500  1.1660  1.1670  248.9874
15000  1.1659  1.1669  249.0126
16500  1.1656  1.1668  249.0738
18000  1.1655  1.1667  249.0893
19500  1.1648  1.1665  249.2543
21000  1.1646  1.1664  249.2852
22500  1.1651  1.1663  249.1900
24000  1.1655  1.1663  249.1019
25500  1.1654  1.1662  249.1149
27000  1.1655  1.1662  249.1033
28500  1.1653  1.1661  249.1323
30000  1.1654  1.1661  249.1218
31500  1.1654  1.1660  249.1160
33000  1.1652  1.1660  249.1591
34500  1.1653  1.1660  249.1480
36000  1.1652  1.1659  249.1644
37500  1.1655  1.1659  249.0972
39000  1.1655  1.1659  249.1021
40500  1.1648  1.1659  249.2437
42000  1.1645  1.1658  249.3202
43500  1.1646  1.1658  249.2843
45000  1.1648  1.1657  249.2521
46500  1.1654  1.1657  249.1224
48000  1.1660  1.1657  248.9835
49500  1.1661  1.1658  248.9602
51000  1.1658  1.1658  249.0285
52500  1.1655  1.1657  249.0986
54000  1.1658  1.1658  249.0277
55500  1.1658  1.1658  249.0361
57000  1.1654  1.1657  249.1143
58500  1.1654  1.1657  249.1169
60000  1.1654  1.1657  249.1173
61500  1.1655  1.1657  249.0968
63000  1.1657  1.1657  249.0521
64500  1.1655  1.1657  249.1035
66000  1.1648  1.1657  249.2499
67500  1.1641  1.1657  249.4073
69000  1.1635  1.1656  249.5356
70500  1.1634  1.1656  249.5521
72000  1.1631  1.1655  249.6032
73500  1.1632  1.1655  249.5836
75000  1.1633  1.1654  249.5791
76500  1.1633  1.1654  249.5793
78000  1.1638  1.1653  249.4598
79500  1.1638  1.1653  249.4683
81000  1.1633  1.1653  249.5750
82500  1.1630  1.1652  249.6299
84000  1.1635  1.1652  249.5321
85500  1.1641  1.1652  249.3912
87000  1.1639  1.1652  249.4432
88500  1.1632  1.1651  249.5852
90000  1.1636  1.1651  249.4939
91500  1.1640  1.1651  249.4137
93000  1.1640  1.1651  249.4212
94500  1.1642  1.1651  249.3819
96000  1.1647  1.1651  249.2763
97500  1.1651  1.1651  249.1726
99000  1.1645  1.1650  249.3097
100500  1.1642  1.1650  249.3773
102000  1.1642  1.1650  249.3737
103500  1.1643  1.1650  249.3554
105000  1.1643  1.1650  249.3640
106500  1.1640  1.1650  249.4100
108000  1.1640  1.1650  249.4187
109500  1.1635  1.1650  249.5226
111000  1.1629  1.1649  249.6498
112500  1.1626  1.1649  249.7151
114000  1.1626  1.1649  249.7200
115500  1.1624  1.1648  249.7677
117000  1.1624  1.1648  249.7570
118500  1.1620  1.1648  249.8483
120000  1.1617  1.1647  249.9061
121500  1.1618  1.1647  249.8997
123000  1.1620  1.1647  249.8415
124500  1.1622  1.1646  249.8143
126000  1.1624  1.1646  249.7596
127500  1.1626  1.1646  249.7148
129000  1.1630  1.1646  249.6339
130500  1.1631  1.1645  249.6200
132000  1.1625  1.1645  249.7461
133500  1.1623  1.1645  249.7836
135000  1.1631  1.1645  249.6120
136500  1.1633  1.1645  249.5707
138000  1.1629  1.1644  249.6518
139500  1.1631  1.1644  249.6172
141000  1.1632  1.1644  249.5796
142500  1.1632  1.1644  249.5992
144000  1.1628  1.1644  249.6822
145500  1.1632  1.1644  249.5915
147000  1.1633  1.1644  249.5581
148500  1.1632  1.1644  249.6006
150000  1.1635  1.1643  249.5281
151500  1.1639  1.1643  249.4473
153000  1.1639  1.1643  249.4399
154500  1.1635  1.1643  249.5249
156000  1.1633  1.1643  249.5770
157500  1.1632  1.1643  249.5876
159000  1.1635  1.1643  249.5293
160500  1.1639  1.1643  249.4306
162000  1.1635  1.1643  249.5208
163500  1.1630  1.1643  249.6280
165000  1.1633  1.1643  249.5707
166500  1.1642  1.1643  249.3852
168000  1.1646  1.1643  249.2833
169500  1.1649  1.1643  249.2291
171000  1.1647  1.1643  249.2641
172500  1.1639  1.1643  249.4427
174000  1.1638  1.1643  249.4524
175500  1.1633  1.1643  249.5664
177000  1.1632  1.1643  249.5846
178500  1.1637  1.1643  249.4878
180000  1.1637  1.1642  249.4871
181500  1.1630  1.1642  249.6240
183000  1.1624  1.1642  249.7597
184500  1.1625  1.1642  249.7305
186000  1.1630  1.1642  249.6226
187500  1.1636  1.1642  249.5104
189000  1.1637  1.1642  249.4909
190500  1.1639  1.1642  249.4483
192000  1.1641  1.1642  249.3984
193500  1.1632  1.1642  249.5849
195000  1.1626  1.1642  249.7178
196500  1.1623  1.1642  249.7930
198000  1.1619  1.1641  249.8800
199500  1.1620  1.1641  249.8505
201000  1.1622  1.1641  249.8148
202500  1.1617  1.1641  249.9065
204000  1.1615  1.1641  249.9498
205500  1.1615  1.1640  249.9462
207000  1.1612  1.1640  250.0108
208500  1.1618  1.1640  249.8877
210000  1.1625  1.1640  249.7450
211500  1.1632  1.1640  249.5893
213000  1.1630  1.1640  249.6227
214500  1.1629  1.1640  249.6520
216000  1.1626  1.1640  249.7222
217500  1.1621  1.1640  249.8216
219000  1.1622  1.1639  249.7978
220500  1.1623  1.1639  249.7931
222000  1.1621  1.1639  249.8209
223500  1.1622  1.1639  249.8136
225000  1.1623  1.1639  249.7826
226500  1.1626  1.1639  249.7089
228000  1.1624  1.1639  249.7542
229500  1.1623  1.1639  249.7840
231000  1.1620  1.1639  249.8566
232500  1.1617  1.1638  249.9092
234000  1.1620  1.1638  249.8562
235500  1.1622  1.1638  249.8102
237000  1.1616  1.1638  249.9401
238500  1.1613  1.1638  249.9941
240000  1.1616  1.1638  249.9252
241500  1.1621  1.1638  249.8284
243000  1.1626  1.1638  249.7216
244500  1.1630  1.1638  249.6405
246000  1.1628  1.1638  249.6654
247500  1.1625  1.1637  249.7304
249000  1.1622  1.1637  249.8018
250500  1.1620  1.1637  249.8408
252000  1.1616  1.1637  249.9261
253500  1.1611  1.1637  250.0417
255000  1.1608  1.1637  250.1004
256500  1.1609  1.1637  250.0779
258000  1.1610  1.1637  250.0688
259500  1.1613  1.1636  249.9993
261000  1.1618  1.1636  249.9012
262500  1.1617  1.1636  249.9192
264000  1.1620  1.1636  249.8567
265500  1.1620  1.1636  249.8445
267000  1.1618  1.1636  249.8811
268500  1.1617  1.1636  249.9206
270000  1.1618  1.1636  249.8824
271500  1.1617  1.1636  249.9044
273000  1.1618  1.1635  249.8915
274500  1.1618  1.1635  249.8939
276000  1.1619  1.1635  249.8795
277500  1.1619  1.1635  249.8785
279000  1.1614  1.1635  249.9772
280500  1.1617  1.1635  249.9169
282000  1.1612  1.1635  250.0162
283500  1.1614  1.1635  249.9844
285000  1.1617  1.1635  249.9128
286500  1.1615  1.1635  249.9448
288000  1.1617  1.1634  249.9110
289500  1.1621  1.1634  249.8222
291000  1.1617  1.1634  249.9163
292500  1.1610  1.1634  250.0654
294000  1.1609  1.1634  250.0806
295500  1.1606  1.1634  250.1535
297000  1.1608  1.1634  250.1131
298500  1.1605  1.1634  250.1684
300000  1.1608  1.1633  250.1014
