10000  0.4857  18  3.7778  46.6736  0.0467
20000  0.5214  18  4.0556  51.0287  0.0510
30000  0.4357  12  5.0833  65.7075  0.0657
40000  0.5143  16  4.5000  54.7569  0.0548
50000  0.6500  22  4.1364  46.5027  0.0465
60000  0.8286  22  5.2727  61.9436  0.0619
70000  0.8571  14  8.5714  108.5423  0.1085
80000  0.9000  12  10.5000  135.5569  0.1356
90000  0.9143  11  11.6364  150.7676  0.1508
100000  0.9071  11  11.5455  149.5894  0.1496
110000  0.9286  11  11.8182  153.3144  0.1533
120000  0.9571  6  22.3333  304.2223  0.3042
130000  0.9643  5  27.0000  371.3248  0.3713
140000  0.9857  4  34.5000  480.8686  0.4809
150000  0.9857  2  69.0000  974.7448  0.9747
160000  0.9857  2  69.0000  974.3024  0.9743
170000  0.9857  2  69.0000  974.2224  0.9742
180000  0.9857  2  69.0000  973.8934  0.9739
190000  0.9857  2  69.0000  973.8831  0.9739
200000  0.9857  2  69.0000  973.9670  0.9740
210000  0.9857  2  69.0000  974.0892  0.9741
220000  0.9857  3  46.0000  644.8950  0.6449
230000  0.9857  2  69.0000  974.4301  0.9744
240000  0.9857  3  46.0000  645.0014  0.6450
250000  0.9786  3  45.6667  645.1896  0.6452
260000  0.9929  2  69.5000  993.6833  0.9937
270000  0.9857  2  69.0000  982.7076  0.9827
280000  0.9857  2  69.0000  981.6520  0.9817
290000  0.9857  2  69.0000  973.5857  0.9736
300000  0.9857  2  69.0000  973.5214  0.9735
310000  0.9857  2  69.0000  973.6360  0.9736
320000  0.9857  2  69.0000  981.2520  0.9813
330000  0.9929  2  69.5000  987.5429  0.9875
340000  1.0000  2  70.0000  993.7482  0.9937
350000  1.0000  2  70.0000  1000.2173  1.0002
360000  1.0000  2  70.0000  1000.1177  1.0001
370000  1.0000  2  70.0000  1000.0949  1.0001
380000  1.0000  2  70.0000  1000.0865  1.0001
390000  1.0000  2  70.0000  1000.0823  1.0001
400000  1.0000  2  70.0000  1000.0806  1.0001
410000  1.0000  2  70.0000  1000.0772  1.0001
420000  1.0000  2  70.0000  1000.0717  1.0001
430000  1.0000  2  70.0000  1000.0706  1.0001
440000  1.0000  2  70.0000  1000.0701  1.0001
450000  1.0000  2  70.0000  1000.0684  1.0001
460000  1.0000  2  70.0000  1000.0687  1.0001
470000  1.0000  2  70.0000  1000.0688  1.0001
480000  1.0000  2  70.0000  1000.0679  1.0001
490000  1.0000  2  70.0000  1000.0667  1.0001
500000  1.0000  2  70.0000  1000.0665  1.0001
510000  1.0000  2  70.0000  1000.0637  1.0001
520000  1.0000  2  70.0000  1000.0602  1.0001
530000  1.0000  2  70.0000  1000.0598  1.0001
540000  1.0000  2  70.0000  1000.0621  1.0001
550000  1.0000  2  70.0000  1000.0648  1.0001
560000  1.0000  2  70.0000  1000.0657  1.0001
570000  1.0000  2  70.0000  1000.0711  1.0001
580000  1.0000  2  70.0000  1000.0898  1.0001
590000  1.0000  2  70.0000  1000.1435  1.0001
600000  1.0000  2  70.0000  1000.1711  1.0002
610000  1.0000  2  70.0000  1000.0788  1.0001
620000  1.0000  2  70.0000  1000.0800  1.0001
630000  1.0000  2  70.0000  1000.0807  1.0001
640000  1.0000  2  70.0000  1000.0836  1.0001
650000  1.0000  2  70.0000  1000.1057  1.0001
660000  1.0000  2  70.0000  1000.1750  1.0002
670000  1.0000  2  70.0000  1000.2957  1.0003
680000  1.0000  2  70.0000  1000.3190  1.0003
690000  1.0000  2  70.0000  1000.2365  1.0002
700000  1.0000  2  70.0000  1000.2250  1.0002
710000  1.0000  2  70.0000  1000.1239  1.0001
720000  1.0000  2  70.0000  1000.1038  1.0001
730000  1.0000  2  70.0000  1000.0891  1.0001
740000  1.0000  2  70.0000  1000.0826  1.0001
750000  1.0000  2  70.0000  1000.0852  1.0001
760000  1.0000  2  70.0000  1000.0948  1.0001
770000  1.0000  2  70.0000  1000.1527  1.0002
780000  1.0000  2  70.0000  1000.2844  1.0003
790000  1.0000  2  70.0000  1000.3033  1.0003
800000  1.0000  2  70.0000  1000.3217  1.0003
810000  1.0000  2  70.0000  1000.1378  1.0001
820000  1.0000  2  70.0000  1000.1277  1.0001
830000  1.0000  2  70.0000  1000.1255  1.0001
840000  1.0000  2  70.0000  1000.1283  1.0001
850000  1.0000  2  70.0000  1000.1496  1.0001
860000  1.0000  2  70.0000  1000.2183  1.0002
870000  1.0000  2  70.0000  1000.3126  1.0003
880000  1.0000  2  70.0000  1000.2827  1.0003
890000  1.0000  2  70.0000  1000.2740  1.0003
900000  1.0000  2  70.0000  1000.2851  1.0003
910000  1.0000  2  70.0000  1000.1696  1.0002
920000  1.0000  2  70.0000  1000.1559  1.0002
930000  1.0000  2  70.0000  1000.1466  1.0001
940000  1.0000  2  70.0000  1000.1424  1.0001
950000  1.0000  2  70.0000  1000.1580  1.0002
960000  1.0000  2  70.0000  1000.2257  1.0002
970000  1.0000  2  70.0000  1000.3853  1.0004
980000  1.0000  2  70.0000  1000.4116  1.0004
990000  1.0000  2  70.0000  1000.4850  1.0005
1000000  1.0000  2  70.0000  1000.5195  1.0005
1010000  1.0000  2  70.0000  1000.2499  1.0002
1020000  1.0000  2  70.0000  1000.2216  1.0002
1030000  1.0000  2  70.0000  1000.2189  1.0002
1040000  1.0000  2  70.0000  1000.2216  1.0002
1050000  1.0000  2  70.0000  1000.2387  1.0002
1060000  1.0000  2  70.0000  1000.2671  1.0003
1070000  1.0000  2  70.0000  1000.3483  1.0003
1080000  1.0000  2  70.0000  1000.4844  1.0005
1090000  1.0000  2  70.0000  1000.4930  1.0005
1100000  1.0000  2  70.0000  1000.4909  1.0005
1110000  1.0000  2  70.0000  1000.3404  1.0003
1120000  1.0000  2  70.0000  1000.3203  1.0003
1130000  1.0000  2  70.0000  1000.3165  1.0003
1140000  1.0000  2  70.0000  1000.3193  1.0003
1150000  1.0000  2  70.0000  1000.3454  1.0003
1160000  1.0000  2  70.0000  1000.4182  1.0004
1170000  1.0000  2  70.0000  990.1085  0.9901
1180000  1.0000  2  70.0000  979.3268  0.9793
1190000  1.0000  2  70.0000  978.8154  0.9788
1200000  1.0000  2  70.0000  978.6715  0.9787
1210000  1.0000  2  70.0000  978.4456  0.9784
1220000  1.0000  2  70.0000  978.9006  0.9789
1230000  1.0000  2  70.0000  979.2469  0.9792
1240000  0.9929  2  69.5000  970.9196  0.9709
1250000  0.9857  3  46.0000  633.0686  0.6331
1260000  1.0000  4  35.0000  474.5743  0.4746
1270000  1.0000  4  35.0000  471.3899  0.4714
1280000  1.0000  5  28.0000  372.1048  0.3721
1290000  1.0000  5  28.0000  371.5310  0.3715
1300000  1.0000  4  35.0000  467.5718  0.4676
1310000  1.0000  4  35.0000  467.5811  0.4676
1320000  1.0000  5  28.0000  370.2064  0.3702
1330000  1.0000  4  35.0000  465.9650  0.4660
1340000  1.0000  6  23.3333  304.4937  0.3045
1350000  1.0000  6  23.3333  303.9966  0.3040
1360000  1.0000  6  23.3333  303.2338  0.3032
1370000  1.0000  6  23.3333  302.4020  0.3024
1380000  1.0000  6  23.3333  301.6974  0.3017
1390000  1.0000  6  23.3333  301.1613  0.3012
1400000  1.0000  5  28.0000  363.9657  0.3640
1410000  1.0000  4  35.0000  458.2066  0.4582
1420000  1.0000  5  28.0000  364.1355  0.3641
1430000  1.0000  5  28.0000  364.7504  0.3648
1440000  1.0000  4  35.0000  459.2921  0.4593
1450000  1.0000  5  28.0000  364.4047  0.3644
1460000  1.0000  5  28.0000  363.0862  0.3631
1470000  1.0000  4  35.0000  456.2613  0.4563
1480000  1.0000  4  35.0000  455.6475  0.4556
1490000  0.9929  5  27.8000  359.5987  0.3596
1500000  0.9929  5  27.8000  359.6846  0.3597
1510000  1.0000  4  35.0000  455.3240  0.4553
1520000  1.0000  4  35.0000  454.1483  0.4541
1530000  1.0000  5  28.0000  361.2126  0.3612
1540000  1.0000  5  28.0000  361.3334  0.3613
1550000  1.0000  6  23.3333  297.9481  0.2979
1560000  1.0000  6  23.3333  297.2329  0.2972
1570000  1.0000  6  23.3333  296.5140  0.2965
1580000  1.0000  6  23.3333  295.8055  0.2958
1590000  1.0000  6  23.3333  295.3426  0.2953
1600000  1.0000  6  23.3333  295.2972  0.2953
1610000  1.0000  6  23.3333  295.3440  0.2953
1620000  1.0000  6  23.3333  296.0376  0.2960
1630000  1.0000  6  23.3333  296.9174  0.2969
1640000  1.0000  6  23.3333  297.5383  0.2975
1650000  1.0000  6  23.3333  297.6685  0.2977
1660000  1.0000  6  23.3333  297.3787  0.2974
1670000  1.0000  6  23.3333  296.7210  0.2967
1680000  1.0000  6  23.3333  295.9444  0.2959
1690000  1.0000  6  23.3333  295.5704  0.2956
1700000  1.0000  6  23.3333  295.5575  0.2956
1710000  1.0000  6  23.3333  295.5674  0.2956
1720000  1.0000  6  23.3333  295.3886  0.2954
1730000  1.0000  6  23.3333  295.7838  0.2958
1740000  1.0000  6  23.3333  295.8852  0.2959
1750000  1.0000  6  23.3333  295.5504  0.2956
1760000  0.9929  6  23.1667  293.0903  0.2931
1770000  1.0000  6  23.3333  294.6727  0.2947
1780000  1.0000  6  23.3333  293.8031  0.2938
1790000  1.0000  6  23.3333  293.2039  0.2932
1800000  1.0000  6  23.3333  293.1094  0.2931
1810000  1.0000  6  23.3333  293.1812  0.2932
1820000  1.0000  6  23.3333  293.9528  0.2940
1830000  1.0000  5  28.0000  356.2941  0.3563
1840000  1.0000  5  28.0000  357.1662  0.3572
1850000  1.0000  5  28.0000  357.5321  0.3575
1860000  1.0000  6  23.3333  294.7953  0.2948
1870000  1.0000  6  23.3333  294.5115  0.2945
1880000  1.0000  6  23.3333  294.1913  0.2942
1890000  1.0000  6  23.3333  293.8952  0.2939
1900000  1.0000  6  23.3333  293.9333  0.2939
1910000  1.0000  6  23.3333  293.7463  0.2937
1920000  1.0000  6  23.3333  294.0119  0.2940
1930000  1.0000  6  23.3333  294.4070  0.2944
1940000  1.0000  6  23.3333  294.4745  0.2945
1950000  1.0000  6  23.3333  294.0991  0.2941
1960000  1.0000  6  23.3333  293.5262  0.2935
1970000  1.0000  6  23.3333  292.5770  0.2926
1980000  1.0000  6  23.3333  291.5039  0.2915
1990000  1.0000  6  23.3333  290.9154  0.2909
2000000  1.0000  6  23.3333  290.8227  0.2908
