1500  1.3492  1.3492  21.1295
3000  1.3495  1.3493  21.1251
4500  1.3471  1.3486  21.1627
6000  1.3458  1.3479  21.1830
7500  1.3460  1.3475  21.1792
9000  1.3454  1.3471  21.1888
10500  1.3481  1.3473  21.1463
12000  1.3498  1.3476  21.1204
13500  1.3450  1.3473  21.1945
15000  1.3379  1.3464  21.3074
16500  1.3320  1.3451  21.4019
18000  1.3299  1.3438  21.4357
19500  1.3296  1.3427  21.4402
21000  1.3336  1.3421  21.3757
22500  1.3388  1.3418  21.2930
24000  1.3474  1.3422  21.1574
25500  1.3555  1.3430  21.0311
27000  1.3564  1.3437  21.0171
28500  1.3545  1.3443  21.0468
30000  1.3544  1.3448  21.0473
31500  1.3562  1.3453  21.0203
33000  1.3552  1.3458  21.0362
34500  1.3522  1.3461  21.0827
36000  1.3464  1.3461  21.1728
37500  1.3398  1.3458  21.2773
39000  1.3325  1.3453  21.3937
40500  1.3238  1.3445  21.5346
42000  1.3156  1.3435  21.6692
43500  1.3096  1.3423  21.7675
45000  1.3065  1.3411  21.8200
46500  1.3081  1.3401  21.7926
48000  1.3116  1.3392  21.7356
49500  1.3128  1.3384  21.7143
51000  1.3151  1.3377  21.6776
52500  1.3161  1.3371  21.6612
54000  1.3121  1.3364  21.7272
55500  1.3089  1.3356  21.7797
57000  1.3074  1.3349  21.8042
58500  1.3085  1.3342  21.7870
60000  1.3084  1.3336  21.7887
61500  1.3065  1.3329  21.8193
63000  1.3047  1.3322  21.8501
64500  1.3034  1.3316  21.8711
66000  1.3023  1.3309  21.8907
67500  1.2989  1.3302  21.9479
69000  1.2959  1.3294  21.9980
70500  1.2963  1.3287  21.9917
72000  1.3002  1.3281  21.9256
73500  1.3028  1.3276  21.8824
75000  1.3024  1.3271  21.8889
76500  1.3026  1.3266  21.8858
78000  1.3059  1.3262  21.8295
79500  1.3072  1.3259  21.8081
81000  1.3080  1.3255  21.7946
82500  1.3096  1.3253  21.7679
84000  1.3110  1.3250  21.7441
85500  1.3117  1.3248  21.7325
87000  1.3101  1.3245  21.7602
88500  1.3075  1.3242  21.8036
90000  1.3045  1.3239  21.8534
91500  1.3023  1.3235  21.8899
93000  1.3028  1.3232  21.8822
94500  1.3112  1.3230  21.7414
96000  1.3212  1.3230  21.5771
97500  1.3212  1.3230  21.5777
99000  1.3202  1.3229  21.5940
100500  1.3232  1.3229  21.5445
102000  1.3260  1.3230  21.4990
103500  1.3257  1.3230  21.5039
105000  1.3222  1.3230  21.5604
106500  1.3176  1.3229  21.6358
108000  1.3131  1.3228  21.7104
109500  1.3091  1.3226  21.7767
111000  1.3053  1.3224  21.8401
112500  1.3043  1.3221  21.8573
114000  1.3068  1.3219  21.8142
115500  1.3142  1.3218  21.6924
117000  1.3221  1.3218  21.5623
118500  1.3315  1.3219  21.4094
120000  1.3404  1.3222  21.2685
121500  1.3416  1.3224  21.2494
123000  1.3394  1.3226  21.2833
124500  1.3393  1.3228  21.2846
126000  1.3412  1.3230  21.2556
127500  1.3410  1.3233  21.2591
129000  1.3396  1.3234  21.2803
130500  1.3374  1.3236  21.3158
132000  1.3347  1.3237  21.3591
133500  1.3316  1.3238  21.4088
135000  1.3307  1.3239  21.4236
136500  1.3340  1.3240  21.3706
138000  1.3373  1.3241  21.3167
139500  1.3377  1.3243  21.3115
141000  1.3404  1.3245  21.2678
142500  1.3454  1.3247  21.1893
144000  1.3467  1.3249  21.1685
145500  1.3429  1.3251  21.2284
147000  1.3368  1.3252  21.3257
148500  1.3317  1.3253  21.4064
150000  1.3300  1.3253  21.4342
151500  1.3309  1.3254  21.4194
153000  1.3340  1.3255  21.3694
154500  1.3401  1.3256  21.2719
156000  1.3448  1.3258  21.1977
157500  1.3453  1.3260  21.1899
159000  1.3472  1.3262  21.1610
160500  1.3517  1.3264  21.0906
162000  1.3564  1.3267  21.0170
163500  1.3577  1.3270  20.9974
165000  1.3537  1.3272  21.0591
166500  1.3485  1.3274  21.1395
168000  1.3447  1.3276  21.2002
169500  1.3416  1.3277  21.2482
171000  1.3400  1.3278  21.2744
172500  1.3374  1.3279  21.3151
174000  1.3333  1.3279  21.3806
175500  1.3303  1.3280  21.4290
177000  1.3306  1.3280  21.4242
178500  1.3319  1.3280  21.4030
180000  1.3303  1.3280  21.4289
181500  1.3263  1.3280  21.4937
183000  1.3236  1.3280  21.5375
184500  1.3216  1.3279  21.5701
186000  1.3215  1.3279  21.5714
187500  1.3223  1.3278  21.5592
189000  1.3214  1.3278  21.5736
190500  1.3177  1.3277  21.6347
192000  1.3139  1.3276  21.6964
193500  1.3111  1.3275  21.7433
195000  1.3085  1.3273  21.7871
196500  1.3062  1.3272  21.8244
198000  1.3059  1.3270  21.8290
199500  1.3071  1.3268  21.8102
201000  1.3088  1.3267  21.7808
202500  1.3079  1.3266  21.7964
204000  1.3066  1.3264  21.8179
205500  1.3081  1.3263  21.7925
207000  1.3086  1.3262  21.7849
208500  1.3081  1.3260  21.7938
210000  1.3081  1.3259  21.7922
211500  1.3113  1.3258  21.7394
213000  1.3157  1.3257  21.6673
214500  1.3181  1.3257  21.6282
216000  1.3183  1.3256  21.6251
217500  1.3149  1.3256  21.6808
219000  1.3102  1.3254  21.7585
220500  1.3069  1.3253  21.8123
222000  1.3070  1.3252  21.8119
223500  1.3086  1.3251  21.7853
225000  1.3115  1.3250  21.7359
226500  1.3158  1.3249  21.6661
228000  1.3194  1.3249  21.6055
229500  1.3215  1.3249  21.5718
231000  1.3213  1.3249  21.5750
232500  1.3198  1.3248  21.5994
234000  1.3187  1.3248  21.6176
235500  1.3185  1.3247  21.6210
237000  1.3196  1.3247  21.6030
238500  1.3189  1.3247  21.6151
240000  1.3195  1.3246  21.6053
241500  1.3202  1.3246  21.5933
243000  1.3179  1.3246  21.6317
244500  1.3147  1.3245  21.6831
246000  1.3134  1.3244  21.7047
247500  1.3134  1.3244  21.7050
249000  1.3172  1.3243  21.6428
250500  1.3223  1.3243  21.5589
252000  1.3256  1.3243  21.5045
253500  1.3292  1.3244  21.4466
255000  1.3276  1.3244  21.4734
256500  1.3258  1.3244  21.5021
258000  1.3280  1.3244  21.4672
259500  1.3311  1.3244  21.4162
261000  1.3296  1.3245  21.4398
262500  1.3272  1.3245  21.4800
264000  1.3252  1.3245  21.5114
265500  1.3225  1.3245  21.5559
267000  1.3209  1.3245  21.5812
268500  1.3218  1.3244  21.5667
270000  1.3266  1.3245  21.4894
271500  1.3335  1.3245  21.3772
273000  1.3397  1.3246  21.2796
274500  1.3393  1.3247  21.2854
276000  1.3320  1.3247  21.4016
277500  1.3251  1.3247  21.5134
279000  1.3213  1.3247  21.5759
280500  1.3232  1.3247  21.5436
282000  1.3251  1.3247  21.5128
283500  1.3272  1.3247  21.4788
285000  1.3288  1.3247  21.4528
286500  1.3271  1.3247  21.4808
288000  1.3229  1.3247  21.5496
289500  1.3179  1.3247  21.6310
291000  1.3138  1.3246  21.6990
292500  1.3120  1.3246  21.7282
294000  1.3112  1.3245  21.7418
295500  1.3118  1.3244  21.7316
297000  1.3155  1.3244  21.6709
298500  1.3199  1.3244  21.5984
300000  1.3246  1.3244  21.5212
