10000  0.03001
20000  0.03347
30000  0.03410
40000  0.03869
50000  0.03891
60000  0.04091
70000  0.04101
80000  0.04057
90000  0.04282
100000  0.04273
110000  0.04414
120000  0.04168
130000  0.04215
140000  0.04148
150000  0.04218
160000  0.04109
170000  0.04244
180000  0.04190
190000  0.04118
200000  0.04346
210000  0.04169
220000  0.04160
230000  0.04098
240000  0.04115
250000  0.04050
260000  0.04306
270000  0.04171
280000  0.04202
290000  0.04465
300000  0.04071
310000  0.04206
320000  0.04233
330000  0.04145
340000  0.04284
350000  0.04102
360000  0.04274
370000  0.04156
380000  0.04066
390000  0.04122
400000  0.04069
410000  0.03950
420000  0.03925
430000  0.03986
440000  0.04088
450000  0.04130
460000  0.04162
470000  0.03895
480000  0.03986
490000  0.04118
500000  0.04196
510000  0.04209
520000  0.04233
530000  0.04020
540000  0.04123
550000  0.04253
560000  0.04269
570000  0.04079
580000  0.04119
590000  0.04170
600000  0.04141
610000  0.04003
620000  0.04052
630000  0.04170
640000  0.04252
650000  0.04112
660000  0.04149
670000  0.04223
680000  0.04144
690000  0.04281
700000  0.04180
710000  0.04031
720000  0.04160
730000  0.04143
740000  0.04087
750000  0.03997
760000  0.04057
770000  0.03972
780000  0.03953
790000  0.04107
800000  0.03982
810000  0.04099
820000  0.04198
830000  0.04131
840000  0.04264
850000  0.04371
860000  0.04267
870000  0.04302
880000  0.04282
890000  0.04353
900000  0.04323
910000  0.04243
920000  0.04397
930000  0.04295
940000  0.04359
950000  0.04342
960000  0.04383
970000  0.04361
980000  0.04290
990000  0.04323
1000000  0.04382
1010000  0.04509
1020000  0.04493
1030000  0.04343
1040000  0.04196
1050000  0.04257
1060000  0.04271
1070000  0.04202
1080000  0.04162
1090000  0.04164
1100000  0.04183
1110000  0.04292
1120000  0.04207
1130000  0.04313
1140000  0.04310
1150000  0.04168
1160000  0.04248
1170000  0.04430
1180000  0.04250
1190000  0.04259
1200000  0.04123
1210000  0.04134
1220000  0.04318
1230000  0.04255
1240000  0.04263
1250000  0.04155
1260000  0.04505
1270000  0.04342
1280000  0.04343
1290000  0.04081
1300000  0.04144
1310000  0.04278
1320000  0.04010
1330000  0.04149
1340000  0.04261
1350000  0.04165
1360000  0.04109
1370000  0.04084
1380000  0.04138
1390000  0.04112
1400000  0.04024
1410000  0.04005
1420000  0.03959
1430000  0.04150
1440000  0.04327
1450000  0.04261
1460000  0.04273
1470000  0.04228
1480000  0.04204
1490000  0.04299
1500000  0.04053
1510000  0.04208
1520000  0.04239
1530000  0.04201
1540000  0.04147
1550000  0.04272
1560000  0.04186
1570000  0.04244
1580000  0.04232
1590000  0.04212
1600000  0.04298
1610000  0.04314
1620000  0.04103
1630000  0.04250
1640000  0.04207
1650000  0.04276
1660000  0.04179
1670000  0.04129
1680000  0.04168
1690000  0.04207
1700000  0.04159
1710000  0.04106
1720000  0.04316
1730000  0.04201
1740000  0.04363
1750000  0.04226
1760000  0.04194
1770000  0.04215
1780000  0.04176
1790000  0.04254
1800000  0.04306
1810000  0.04268
1820000  0.04410
1830000  0.04185
1840000  0.04083
1850000  0.04327
1860000  0.04112
1870000  0.04181
1880000  0.04184
1890000  0.04075
1900000  0.04278
1910000  0.04031
1920000  0.04062
1930000  0.04073
1940000  0.04009
1950000  0.03988
1960000  0.04041
1970000  0.04161
1980000  0.04179
1990000  0.04214
2000000  0.04139
