10000  1.42026
20000  1.42354
30000  1.42509
40000  1.42381
50000  1.42389
60000  1.42110
70000  1.42244
80000  1.42390
90000  1.42302
100000  1.42195
110000  1.42117
120000  1.42112
130000  1.42111
140000  1.42088
150000  1.42266
160000  1.42029
170000  1.41874
180000  1.41869
190000  1.41830
200000  1.41957
210000  1.41928
220000  1.41677
230000  1.41723
240000  1.41496
250000  1.41591
260000  1.41686
270000  1.41487
280000  1.41454
290000  1.41264
300000  1.41139
310000  1.41168
320000  1.41082
330000  1.41256
340000  1.40978
350000  1.40902
360000  1.40880
370000  1.40407
380000  1.40626
390000  1.40692
400000  1.40541
410000  1.40552
420000  1.40393
430000  1.40296
440000  1.40328
450000  1.40303
460000  1.40414
470000  1.40554
480000  1.40513
490000  1.40515
500000  1.40376
510000  1.40362
520000  1.40319
530000  1.40303
540000  1.40427
550000  1.40398
560000  1.40444
570000  1.40528
580000  1.40318
590000  1.40331
600000  1.40332
610000  1.40200
620000  1.40248
630000  1.40491
640000  1.40316
650000  1.40387
660000  1.40646
670000  1.40446
680000  1.40495
690000  1.40426
700000  1.40167
710000  1.40372
720000  1.40317
730000  1.40084
740000  1.40406
750000  1.40373
760000  1.40001
770000  1.40254
780000  1.40293
790000  1.39996
800000  1.40127
810000  1.40063
820000  1.39762
830000  1.39682
840000  1.39534
850000  1.39268
860000  1.39069
870000  1.38836
880000  1.38606
890000  1.38138
900000  1.37838
910000  1.37640
920000  1.37158
930000  1.36836
940000  1.36620
950000  1.36232
960000  1.35917
970000  1.35659
980000  1.35635
990000  1.35514
1000000  1.35605
1010000  1.35545
1020000  1.35509
1030000  1.35536
1040000  1.35445
1050000  1.35503
1060000  1.35468
1070000  1.35414
1080000  1.35454
1090000  1.35449
1100000  1.35358
1110000  1.35343
1120000  1.35406
1130000  1.35404
1140000  1.35362
1150000  1.35314
1160000  1.35296
1170000  1.35301
1180000  1.35319
1190000  1.35306
1200000  1.35305
1210000  1.35300
1220000  1.35274
1230000  1.35280
1240000  1.35256
1250000  1.35254
1260000  1.35234
1270000  1.35225
1280000  1.35221
1290000  1.35195
1300000  1.35154
1310000  1.35160
1320000  1.35171
1330000  1.35169
1340000  1.35106
1350000  1.35054
1360000  1.35078
1370000  1.35100
1380000  1.35019
1390000  1.34992
1400000  1.35011
1410000  1.34939
1420000  1.34913
1430000  1.34924
1440000  1.34838
1450000  1.34901
1460000  1.34785
1470000  1.34845
1480000  1.34739
1490000  1.34794
1500000  1.34703
1510000  1.34771
1520000  1.34690
1530000  1.34740
1540000  1.34760
1550000  1.34672
1560000  1.34731
1570000  1.34702
1580000  1.34665
1590000  1.34736
1600000  1.34698
1610000  1.34625
1620000  1.34676
1630000  1.34710
1640000  1.34680
1650000  1.34621
1660000  1.34632
1670000  1.34659
1680000  1.34672
1690000  1.34666
1700000  1.34617
1710000  1.34566
1720000  1.34560
1730000  1.34554
1740000  1.34601
1750000  1.34582
1760000  1.34582
1770000  1.34572
1780000  1.34558
1790000  1.34562
1800000  1.34539
1810000  1.34498
1820000  1.34495
1830000  1.34466
1840000  1.34448
1850000  1.34416
1860000  1.34350
1870000  1.34308
1880000  1.34317
1890000  1.34337
1900000  1.34350
1910000  1.34312
1920000  1.34248
1930000  1.34175
1940000  1.34185
1950000  1.34224
1960000  1.34185
1970000  1.34141
1980000  1.34086
1990000  1.34147
2000000  1.34157
