6.000000  0.300000  0.014363  -0.000019  0.000000  0
6.000000  0.300000  0.014374  -0.000038  -0.000000  0
6.000000  0.300000  0.014361  -0.000019  0.000000  0
6.000000  0.300000  0.014369  -0.000038  -0.000000  0
6.000000  0.300000  0.014358  -0.000019  0.000000  0
6.000000  0.300000  0.014365  -0.000038  0.000000  0
6.000000  0.300000  0.014355  -0.000019  0.000000  0
6.000000  0.300000  0.014365  -0.000038  0.000000  0
6.000000  0.300000  0.014351  -0.000019  0.000000  0
6.000000  0.300000  0.014359  -0.000038  -0.000000  0
6.000000  0.300000  0.014349  -0.000019  -0.000000  0
6.000000  0.300000  0.014359  -0.000038  0.000000  0
6.000000  0.300000  0.014348  -0.000019  -0.000000  0
6.000000  0.300000  0.014357  -0.000038  -0.000000  0
6.000000  0.300000  0.014347  -0.000018  0.000000  0
6.000000  0.300000  0.014352  -0.000039  0.000000  0
6.000000  0.300000  0.014343  -0.000018  0.000000  0
6.000000  0.300000  0.014352  -0.000039  -0.000000  0
6.000000  0.300000  0.014340  -0.000018  0.000000  0
6.000000  0.300000  0.014347  -0.000038  0.000000  0
6.000000  0.300000  0.014337  -0.000018  -0.000000  0
6.000000  0.300000  0.014345  -0.000039  -0.000000  0
6.000000  0.300000  0.014335  -0.000018  -0.000000  0
6.000000  0.300000  0.014344  -0.000039  0.000000  0
6.000000  0.300000  0.014334  -0.000018  0.000000  0
6.000000  0.300000  0.014338  -0.000039  -0.000000  0
6.000000  0.300000  0.014332  -0.000017  0.000000  0
6.000000  0.300000  0.014338  -0.000039  -0.000000  0
6.000000  0.300000  0.014328  -0.000017  0.000000  0
6.000000  0.300000  0.014334  -0.000039  0.000000  0
6.000000  0.300000  0.014324  -0.000017  -0.000000  0
6.000000  0.300000  0.014330  -0.000039  -0.000000  0
6.000000  0.300000  0.014322  -0.000017  -0.000000  0
6.000000  0.300000  0.014330  -0.000039  0.000000  0
6.000000  0.300000  0.014321  -0.000017  -0.000000  0
6.000000  0.300000  0.014325  -0.000039  0.000000  0
6.000000  0.300000  0.014319  -0.000017  0.000000  0
6.000000  0.300000  0.014324  -0.000039  0.000000  0
6.000000  0.300000  0.014317  -0.000016  0.000000  0
6.000000  0.300000  0.014321  -0.000039  -0.000000  0
6.000000  0.300000  0.014313  -0.000016  0.000000  0
6.000000  0.300000  0.014316  -0.000039  -0.000000  0
6.000000  0.300000  0.014309  -0.000016  -0.000000  0
6.000000  0.300000  0.014316  -0.000039  0.000000  0
6.000000  0.300000  0.014307  -0.000016  -0.000000  0
6.000000  0.300000  0.014312  -0.000039  0.000000  0
6.000000  0.300000  0.014306  -0.000016  -0.000000  0
6.000000  0.300000  0.014309  -0.000039  -0.000000  0
6.000000  0.300000  0.014305  -0.000016  0.000000  0
6.000000  0.300000  0.014307  -0.000039  0.000000  0
6.000000  0.300000  0.014302  -0.000016  0.000000  0
6.000000  0.300000  0.014302  -0.000039  0.000000  0
6.000000  0.300000  0.014299  -0.000015  0.000000  0
6.000000  0.300000  0.014302  -0.000039  0.000000  0
6.000000  0.300000  0.014295  -0.000016  -0.000000  0
6.000000  0.300000  0.014298  -0.000039  0.000000  0
6.000000  0.300000  0.014292  -0.000015  -0.000000  0
6.000000  0.300000  0.014294  -0.000039  0.000000  0
6.000000  0.300000  0.014291  -0.000015  -0.000000  0
6.000000  0.300000  0.014294  -0.000039  0.000000  0
6.000000  0.300000  0.014289  -0.000015  0.000000  0
6.000000  0.300000  0.014288  -0.000039  0.000000  0
6.000000  0.300000  0.014288  -0.000015  0.000000  0
6.000000  0.300000  0.014287  -0.000039  -0.000000  0
6.000000  0.300000  0.014284  -0.000015  0.000000  0
6.000000  0.300000  0.014284  -0.000039  0.000000  0
6.000000  0.300000  0.014280  -0.000015  -0.000000  0
6.000000  0.300000  0.014280  -0.000039  -0.000000  0
6.000000  0.300000  0.014277  -0.000014  -0.000000  0
6.000000  0.300000  0.014280  -0.000039  -0.000000  0
6.000000  0.300000  0.014275  -0.000014  -0.000000  0
6.000000  0.300000  0.014274  -0.000039  -0.000000  0
6.000000  0.300000  0.014274  -0.000014  -0.000000  0
6.000000  0.300000  0.014272  -0.000038  0.000000  0
6.000000  0.300000  0.014272  -0.000014  0.000000  0
6.000000  0.300000  0.014270  -0.000038  -0.000000  0
6.000000  0.300000  0.014271  -0.000014  0.000000  0
6.000000  0.300000  0.014265  -0.000038  0.000000  0
6.000000  0.300000  0.014267  -0.000013  0.000000  0
6.000000  0.300000  0.014264  -0.000039  0.000000  0
6.000000  0.300000  0.014263  -0.000014  0.000000  0
6.000000  0.300000  0.014260  -0.000038  -0.000000  0
6.000000  0.300000  0.014260  -0.000013  -0.000000  0
6.000000  0.300000  0.014257  -0.000038  -0.000000  0
6.000000  0.300000  0.014257  -0.000013  -0.000000  0
6.000000  0.300000  0.014255  -0.000038  0.000000  0
6.000000  0.300000  0.014255  -0.000013  -0.000000  0
6.000000  0.300000  0.014250  -0.000038  0.000000  0
6.000000  0.300000  0.014255  -0.000013  -0.000000  0
6.000000  0.300000  0.014248  -0.000038  0.000000  0
6.000000  0.300000  0.014252  -0.000012  0.000000  0
6.000000  0.300000  0.014246  -0.000038  -0.000000  0
6.000000  0.300000  0.014251  -0.000012  0.000000  0
6.000000  0.300000  0.014240  -0.000038  0.000000  0
6.000000  0.300000  0.014247  -0.000012  -0.000000  0
6.000000  0.300000  0.014239  -0.000038  -0.000000  0
6.000000  0.300000  0.014243  -0.000012  -0.000000  0
6.000000  0.300000  0.014235  -0.000038  -0.000000  0
6.000000  0.300000  0.014239  -0.000012  -0.000000  0
6.000000  0.300000  0.014231  -0.000038  0.000000  0
6.000000  0.300000  0.014236  -0.000012  -0.000000  0
6.000000  0.300000  0.014229  -0.000038  0.000000  0
6.000000  0.300000  0.014235  -0.000011  -0.000000  0
6.000000  0.300000  0.014223  -0.000038  -0.000000  0
6.000000  0.300000  0.014233  -0.000011  -0.000000  0
6.000000  0.300000  0.014222  -0.000038  -0.000000  0
6.000000  0.300000  0.014231  -0.000011  0.000000  0
6.000000  0.300000  0.014218  -0.000038  0.000000  0
6.000000  0.300000  0.014230  -0.000011  0.000000  0
6.000000  0.300000  0.014212  -0.000038  0.000000  0
6.000000  0.300000  0.014226  -0.000011  0.000000  0
6.000000  0.300000  0.014211  -0.000038  0.000000  0
6.000000  0.300000  0.014222  -0.000011  -0.000000  0
6.000000  0.300000  0.014206  -0.000038  -0.000000  0
6.000000  0.300000  0.014219  -0.000011  0.000000  0
6.000000  0.300000  0.014203  -0.000038  0.000000  0
6.000000  0.300000  0.014216  -0.000010  -0.000000  0
6.000000  0.300000  0.014200  -0.000038  0.000000  0
6.000000  0.300000  0.014213  -0.000010  -0.000000  0
6.000000  0.300000  0.014194  -0.000037  -0.000000  0
6.000000  0.300000  0.014210  -0.000010  -0.000000  0
6.000000  0.300000  0.014192  -0.000037  0.000000  0
6.000000  0.300000  0.014208  -0.000009  -0.000000  0
6.000000  0.300000  0.014188  -0.000037  0.000000  0
6.000000  0.300000  0.014206  -0.000009  -0.000000  0
6.000000  0.300000  0.014182  -0.000037  0.000000  0
6.000000  0.300000  0.014204  -0.000009  -0.000000  0
6.000000  0.300000  0.014181  -0.000037  0.000000  0
6.000000  0.300000  0.014201  -0.000009  0.000000  0
6.000000  0.300000  0.014175  -0.000037  -0.000000  0
6.000000  0.300000  0.014198  -0.000009  -0.000000  0
6.000000  0.300000  0.014171  -0.000037  -0.000000  0
6.000000  0.300000  0.014195  -0.000008  -0.000000  0
6.000000  0.300000  0.014168  -0.000037  0.000000  0
6.000000  0.300000  0.014191  -0.000008  -0.000000  0
6.000000  0.300000  0.014161  -0.000037  -0.000000  0
6.000000  0.300000  0.014188  -0.000008  -0.000000  0
6.000000  0.300000  0.014158  -0.000037  -0.000000  0
6.000000  0.300000  0.014184  -0.000007  -0.000000  0
6.000000  0.300000  0.014154  -0.000036  0.000000  0
6.000000  0.300000  0.014181  -0.000007  -0.000000  0
6.000000  0.300000  0.014146  -0.000036  0.000000  0
6.000000  0.300000  0.014178  -0.000007  0.000000  0
6.000000  0.300000  0.014146  -0.000036  0.000000  0
6.000000  0.300000  0.014175  -0.000006  -0.000000  0
6.000000  0.300000  0.014139  -0.000035  0.000000  0
6.000000  0.300000  0.014173  -0.000006  0.000000  0
6.000000  0.300000  0.014133  -0.000035  -0.000000  0
6.000000  0.300000  0.014171  -0.000006  -0.000000  0
6.000000  0.300000  0.014131  -0.000035  0.000000  0
6.000000  0.300000  0.014168  -0.000005  0.000000  0
6.000000  0.300000  0.014123  -0.000034  0.000000  0
6.000000  0.300000  0.014166  -0.000005  0.000000  0
6.000000  0.300000  0.014117  -0.000034  0.000000  0
6.000000  0.300000  0.014163  -0.000004  0.000000  0
6.000000  0.300000  0.014114  -0.000034  -0.000000  0
6.000000  0.300000  0.014160  -0.000004  0.000000  0
6.000000  0.300000  0.014107  -0.000033  0.000000  0
6.000000  0.300000  0.014157  -0.000004  0.000000  0
6.000000  0.300000  0.014100  -0.000033  0.000000  0
6.000000  0.300000  0.014153  -0.000003  0.000000  0
6.000000  0.300000  0.014095  -0.000032  -0.000000  0
6.000000  0.300000  0.014149  -0.000002  -0.000000  0
6.000000  0.300000  0.014089  -0.000031  0.000000  0
6.000000  0.300000  0.014143  -0.000002  0.000000  0
6.000000  0.300000  0.014082  -0.000030  0.000000  0
6.000000  0.300000  0.014139  -0.000001  0.000000  0
6.000000  0.300000  0.014078  -0.000029  -0.000000  0
6.000000  0.300000  0.014132  -0.000000  -0.000000  0
6.000000  0.300000  0.014072  -0.000028  -0.000000  0
6.000000  0.300000  0.014126  0.000000  -0.000000  0
6.000000  0.300000  0.014067  -0.000026  0.000000  0
6.000000  0.300000  0.014119  0.000001  0.000000  0
6.000000  0.300000  0.014063  -0.000024  0.000000  0
6.000000  0.300000  0.014112  0.000001  0.000000  0
6.000000  0.300000  0.014062  -0.000022  0.000000  0
6.000000  0.300000  0.014104  0.000002  0.000000  0
6.000000  0.300000  0.014059  -0.000020  -0.000000  0
6.000000  0.300000  0.014096  0.000002  -0.000000  0
6.000000  0.300000  0.014057  -0.000018  -0.000000  0
6.000000  0.300000  0.014089  0.000002  -0.000000  0
6.000000  0.300000  0.014056  -0.000017  0.000000  0
6.000000  0.300000  0.014082  0.000002  0.000000  0
6.000000  0.300000  0.014055  -0.000015  0.000000  0
6.000000  0.300000  0.014076  0.000002  -0.000000  0
6.000000  0.300000  0.014056  -0.000013  0.000000  0
6.000000  0.300000  0.014070  0.000002  0.000000  0
6.000000  0.300000  0.014055  -0.000011  -0.000000  0
6.000000  0.300000  0.014067  0.000002  -0.000000  0
6.000000  0.300000  0.014055  -0.000010  -0.000000  0
6.000000  0.300000  0.014062  0.000002  -0.000000  0
6.000000  0.300000  0.014052  -0.000008  -0.000000  0
6.000000  0.300000  0.014058  0.000002  0.000000  0
6.000000  0.300000  0.014052  -0.000007  -0.000000  0
6.000000  0.300000  0.014056  0.000002  0.000000  0
6.000000  0.300000  0.014049  -0.000006  -0.000000  0
6.000000  0.300000  0.014051  0.000001  0.000000  0
6.000000  0.300000  0.014048  -0.000006  -0.000000  0
6.000000  0.300000  0.014049  0.000001  0.000000  0
6.000000  0.300000  0.014045  -0.000005  -0.000000  0
6.000000  0.300000  0.014045  0.000001  0.000000  0
6.000000  0.300000  0.014044  -0.000004  -0.000000  0
6.000000  0.300000  0.014044  0.000001  -0.000000  0
6.000000  0.300000  0.014041  -0.000003  -0.000000  0
6.000000  0.300000  0.014041  0.000001  0.000000  0
6.000000  0.300000  0.014040  -0.000003  0.000000  0
6.000000  0.300000  0.014039  0.000001  -0.000000  0
6.000000  0.300000  0.014038  -0.000003  -0.000000  0
6.000000  0.300000  0.014037  0.000001  -0.000000  0
6.000000  0.300000  0.014035  -0.000002  -0.000000  0
6.000000  0.300000  0.014033  0.000001  0.000000  0
6.000000  0.300000  0.014034  -0.000002  0.000000  0
6.000000  0.300000  0.014032  0.000001  -0.000000  0
6.000000  0.300000  0.014032  -0.000002  0.000000  0
6.000000  0.300000  0.014030  0.000000  -0.000000  0
6.000000  0.300000  0.014029  -0.000001  -0.000000  0
6.000000  0.300000  0.014027  0.000000  0.000000  0
6.000000  0.300000  0.014027  -0.000001  0.000000  0
6.000000  0.300000  0.014025  0.000001  0.000000  0
6.000000  0.300000  0.014025  -0.000001  -0.000000  0
6.000000  0.300000  0.014023  0.000000  -0.000000  0
6.000000  0.300000  0.014022  -0.000001  0.000000  0
6.000000  0.300000  0.014021  0.000000  -0.000000  0
6.000000  0.300000  0.014020  -0.000001  -0.000000  0
6.000000  0.300000  0.014018  0.000000  0.000000  0
6.000000  0.300000  0.014018  -0.000001  0.000000  0
6.000000  0.300000  0.014015  0.000000  0.000000  0
6.000000  0.300000  0.014016  -0.000001  0.000000  0
6.000000  0.300000  0.014014  0.000000  0.000000  0
6.000000  0.300000  0.014015  -0.000000  -0.000000  0
6.000000  0.300000  0.014012  0.000000  -0.000000  0
6.000000  0.300000  0.014012  -0.000000  -0.000000  0
6.000000  0.300000  0.014010  0.000000  -0.000000  0
6.000000  0.300000  0.014010  -0.000000  0.000000  0
6.000000  0.300000  0.014008  0.000000  -0.000000  0
6.000000  0.300000  0.014007  -0.000000  0.000000  0
6.000000  0.300000  0.014006  0.000000  0.000000  0
6.000000  0.300000  0.014005  -0.000000  0.000000  0
6.000000  0.300000  0.014004  -0.000000  0.000000  0
6.000000  0.300000  0.014003  -0.000000  0.000000  0
6.000000  0.300000  0.014001  -0.000000  0.000000  0
6.000000  0.300000  0.014001  -0.000000  -0.000000  0
6.000000  0.300000  0.013999  -0.000000  0.000000  0
6.000000  0.300000  0.013999  -0.000000  -0.000000  0
6.000000  0.300000  0.013997  -0.000000  0.000000  0
6.000000  0.300000  0.013997  0.000000  -0.000000  0
6.000000  0.300000  0.013995  -0.000000  -0.000000  0
6.000000  0.300000  0.013995  0.000000  0.000000  0
6.000000  0.300000  0.013993  0.000000  -0.000000  0
6.000000  0.300000  0.013993  0.000000  0.000000  0
6.000000  0.300000  0.013992  0.000000  -0.000000  0
6.000000  0.300000  0.013991  0.000000  0.000000  0
6.000000  0.300000  0.013990  0.000000  0.000000  0
6.000000  0.300000  0.013990  0.000000  0.000000  0
6.000000  0.300000  0.013987  0.000000  0.000000  0
6.000000  0.300000  0.013988  0.000000  0.000000  0
6.000000  0.300000  0.013985  0.000000  0.000000  0
6.000000  0.300000  0.013986  -0.000000  -0.000000  0
6.000000  0.300000  0.013983  0.000000  0.000000  0
6.000000  0.300000  0.013983  -0.000000  -0.000000  0
6.000000  0.300000  0.013981  -0.000000  -0.000000  0
6.000000  0.300000  0.013981  -0.000000  -0.000000  0
6.000000  0.300000  0.013979  -0.000000  -0.000000  0
6.000000  0.300000  0.013979  0.000000  0.000000  0
6.000000  0.300000  0.013978  0.000000  0.000000  0
6.000000  0.300000  0.013978  0.000000  0.000000  0
6.000000  0.300000  0.013975  0.000000  0.000000  0
6.000000  0.300000  0.013976  0.000000  0.000000  0
6.000000  0.300000  0.013973  -0.000000  -0.000000  0
6.000000  0.300000  0.013973  -0.000000  -0.000000  0
6.000000  0.300000  0.013972  -0.000000  -0.000000  0
6.000000  0.300000  0.013971  0.000000  0.000000  0
6.000000  0.300000  0.013970  0.000000  0.000000  0
6.000000  0.300000  0.013970  0.000000  0.000000  0
6.000000  0.300000  0.013967  -0.000000  0.000000  0
6.000000  0.300000  0.013968  0.000000  -0.000000  0
6.000000  0.300000  0.013966  -0.000000  -0.000000  0
6.000000  0.300000  0.013965  -0.000000  -0.000000  0
6.000000  0.300000  0.013964  0.000000  0.000000  0
6.000000  0.300000  0.013964  0.000000  0.000000  0
6.000000  0.300000  0.013962  -0.000000  -0.000000  0
6.000000  0.300000  0.013962  -0.000000  -0.000000  0
6.000000  0.300000  0.013960  -0.000000  -0.000000  0
6.000000  0.300000  0.013960  -0.000000  0.000000  0
6.000000  0.300000  0.013958  0.000000  0.000000  0
6.000000  0.300000  0.013959  0.000000  0.000000  0
6.000000  0.300000  0.013956  -0.000000  -0.000000  0
6.000000  0.300000  0.013956  -0.000000  -0.000000  0
6.000000  0.300000  0.013954  0.000000  0.000000  0
6.000000  0.300000  0.013955  0.000000  0.000000  0
6.000000  0.300000  0.013953  -0.000000  -0.000000  0
6.000000  0.300000  0.013952  -0.000000  -0.000000  0
6.000000  0.300000  0.013951  0.000000  0.000000  0
6.000000  0.300000  0.013952  0.000000  0.000000  0
6.000000  0.300000  0.013949  -0.000000  -0.000000  0
6.000000  0.300000  0.013949  -0.000000  -0.000000  0
6.000000  0.300000  0.013947  0.000000  0.000000  0
6.000000  0.300000  0.013948  0.000000  0.000000  0
6.000000  0.300000  0.013946  -0.000000  -0.000000  0
6.000000  0.300000  0.013945  -0.000000  -0.000000  0
6.000000  0.300000  0.013944  0.000000  0.000000  0
6.000000  0.300000  0.013944  0.000000  0.000000  0
6.000000  0.300000  0.013942  -0.000000  -0.000000  0
6.000000  0.300000  0.013942  -0.000000  -0.000000  0
6.000000  0.300000  0.013940  -0.000000  0.000000  0
6.000000  0.300000  0.013941  -0.000000  0.000000  0
6.000000  0.300000  0.013939  0.000000  0.000000  0
6.000000  0.300000  0.013939  -0.000000  0.000000  0
6.000000  0.300000  0.013937  -0.000000  -0.000000  0
6.000000  0.300000  0.013937  -0.000000  -0.000000  0
6.000000  0.300000  0.013935  0.000000  0.000000  0
6.000000  0.300000  0.013936  -0.000000  0.000000  0
6.000000  0.300000  0.013934  -0.000000  -0.000000  0
6.000000  0.300000  0.013934  -0.000000  -0.000000  0
6.000000  0.300000  0.013932  -0.000000  -0.000000  0
6.000000  0.300000  0.013932  -0.000000  -0.000000  0
6.000000  0.300000  0.013930  0.000000  0.000000  0
6.000000  0.300000  0.013931  -0.000000  0.000000  0
6.000000  0.300000  0.013929  -0.000000  0.000000  0
6.000000  0.300000  0.013929  -0.000000  -0.000000  0
6.000000  0.300000  0.013928  -0.000000  -0.000000  0
6.000000  0.300000  0.013927  -0.000000  -0.000000  0
6.000000  0.300000  0.013925  -0.000000  0.000000  0
6.000000  0.300000  0.013926  0.000000  0.000000  0
6.000000  0.300000  0.013924  0.000000  0.000000  0
6.000000  0.300000  0.013925  0.000000  0.000000  0
6.000000  0.300000  0.013923  -0.000000  -0.000000  0
6.000000  0.300000  0.013923  -0.000000  -0.000000  0
6.000000  0.300000  0.013922  -0.000000  -0.000000  0
6.000000  0.300000  0.013921  -0.000000  -0.000000  0
6.000000  0.300000  0.013920  -0.000000  -0.000000  0
6.000000  0.300000  0.013920  0.000000  -0.000000  0
6.000000  0.300000  0.013918  -0.000000  -0.000000  0
6.000000  0.300000  0.013919  0.000000  0.000000  0
6.000000  0.300000  0.013917  -0.000000  0.000000  0
6.000000  0.300000  0.013918  0.000000  0.000000  0
6.000000  0.300000  0.013916  -0.000000  0.000000  0
6.000000  0.300000  0.013915  0.000000  0.000000  0
6.000000  0.300000  0.013914  -0.000000  -0.000000  0
6.000000  0.300000  0.013914  -0.000000  -0.000000  0
6.000000  0.300000  0.013913  -0.000000  -0.000000  0
6.000000  0.300000  0.013912  -0.000000  -0.000000  0
6.000000  0.300000  0.013911  -0.000000  -0.000000  0
6.000000  0.300000  0.013911  0.000000  -0.000000  0
6.000000  0.300000  0.013909  -0.000000  -0.000000  0
6.000000  0.300000  0.013910  0.000000  0.000000  0
6.000000  0.300000  0.013908  -0.000000  0.000000  0
6.000000  0.300000  0.013909  0.000000  0.000000  0
6.000000  0.300000  0.013906  -0.000000  -0.000000  0
6.000000  0.300000  0.013907  -0.000000  0.000000  0
6.000000  0.300000  0.013905  -0.000000  0.000000  0
6.000000  0.300000  0.013906  -0.000000  0.000000  0
6.000000  0.300000  0.013903  -0.000000  0.000000  0
6.000000  0.300000  0.013904  0.000000  0.000000  0
6.000000  0.300000  0.013902  -0.000000  0.000000  0
6.000000  0.300000  0.013903  0.000000  0.000000  0
6.000000  0.300000  0.013901  -0.000000  0.000000  0
6.000000  0.300000  0.013901  0.000000  0.000000  0
6.000000  0.300000  0.013899  -0.000000  0.000000  0
6.000000  0.300000  0.013900  0.000000  0.000000  0
6.000000  0.300000  0.013898  -0.000000  0.000000  0
6.000000  0.300000  0.013899  0.000000  0.000000  0
6.000000  0.300000  0.013896  -0.000000  0.000000  0
6.000000  0.300000  0.013897  -0.000000  0.000000  0
6.000000  0.300000  0.013895  -0.000000  0.000000  0
6.000000  0.300000  0.013896  -0.000000  0.000000  0
6.000000  0.300000  0.013893  -0.000000  0.000000  0
6.000000  0.300000  0.013894  -0.000000  0.000000  0
6.000000  0.300000  0.013892  -0.000000  -0.000000  0
6.000000  0.300000  0.013893  -0.000000  0.000000  0
6.000000  0.300000  0.013891  -0.000000  0.000000  0
6.000000  0.300000  0.013891  -0.000000  0.000000  0
6.000000  0.300000  0.013890  -0.000000  0.000000  0
6.000000  0.300000  0.013889  -0.000000  -0.000000  0
6.000000  0.300000  0.013888  -0.000000  -0.000000  0
6.000000  0.300000  0.013888  -0.000000  -0.000000  0
6.000000  0.300000  0.013887  -0.000000  -0.000000  0
6.000000  0.300000  0.013886  -0.000000  -0.000000  0
6.000000  0.300000  0.013885  -0.000000  0.000000  0
6.000000  0.300000  0.013885  -0.000000  -0.000000  0
6.000000  0.300000  0.013884  -0.000000  0.000000  0
6.000000  0.300000  0.013884  0.000000  0.000000  0
6.000000  0.300000  0.013882  -0.000000  0.000000  0
6.000000  0.300000  0.013883  0.000000  0.000000  0
6.000000  0.300000  0.013881  -0.000000  -0.000000  0
6.000000  0.300000  0.013881  -0.000000  0.000000  0
6.000000  0.300000  0.013880  -0.000000  0.000000  0
6.000000  0.300000  0.013879  -0.000000  -0.000000  0
6.000000  0.300000  0.013879  -0.000000  -0.000000  0
6.000000  0.300000  0.013878  -0.000000  -0.000000  0
6.000000  0.300000  0.013877  -0.000000  0.000000  0
6.000000  0.300000  0.013878  -0.000000  0.000000  0
6.000000  0.300000  0.013875  -0.000000  -0.000000  0
6.000000  0.300000  0.013876  -0.000000  0.000000  0
6.000000  0.300000  0.013875  -0.000000  0.000000  0
6.000000  0.300000  0.013874  -0.000000  -0.000000  0
6.000000  0.300000  0.013874  -0.000000  -0.000000  0
6.000000  0.300000  0.013873  -0.000000  -0.000000  0
6.000000  0.300000  0.013872  -0.000000  0.000000  0
6.000000  0.300000  0.013872  -0.000000  0.000000  0
