10000  1.8865  1.8865  26.6636
20000  1.8868  1.8867  26.6591
30000  1.8871  1.8868  26.6550
40000  1.8874  1.8870  26.6506
50000  1.8877  1.8871  26.6468
60000  1.8880  1.8873  26.6424
70000  1.8883  1.8874  26.6385
80000  1.8886  1.8876  26.6343
90000  1.8889  1.8877  26.6301
100000  1.8892  1.8879  26.6261
110000  1.8895  1.8880  26.6220
120000  1.8898  1.8881  26.6178
130000  1.8901  1.8883  26.6135
140000  1.8904  1.8884  26.6094
150000  1.8907  1.8886  26.6051
160000  1.8910  1.8887  26.6006
170000  1.8913  1.8889  26.5965
180000  1.8916  1.8890  26.5923
190000  1.8919  1.8892  26.5881
200000  1.8922  1.8893  26.5838
210000  1.8925  1.8895  26.5797
220000  1.8928  1.8896  26.5753
230000  1.8931  1.8898  26.5709
240000  1.8934  1.8899  26.5667
250000  1.8937  1.8901  26.5627
260000  1.8940  1.8902  26.5588
270000  1.8942  1.8904  26.5548
280000  1.8945  1.8905  26.5511
290000  1.8948  1.8907  26.5471
300000  1.8951  1.8908  26.5433
310000  1.8953  1.8910  26.5394
320000  1.8956  1.8911  26.5355
330000  1.8959  1.8913  26.5316
340000  1.8962  1.8914  26.5276
350000  1.8965  1.8915  26.5234
360000  1.8968  1.8917  26.5195
370000  1.8971  1.8918  26.5154
380000  1.8974  1.8920  26.5112
390000  1.8977  1.8921  26.5071
400000  1.8979  1.8923  26.5029
410000  1.8982  1.8924  26.4988
420000  1.8986  1.8926  26.4944
430000  1.8989  1.8927  26.4903
440000  1.8991  1.8929  26.4863
450000  1.8994  1.8930  26.4822
460000  1.8997  1.8932  26.4780
470000  1.9000  1.8933  26.4737
480000  1.9004  1.8934  26.4694
490000  1.9007  1.8936  26.4649
500000  1.9010  1.8937  26.4604
510000  1.9013  1.8939  26.4560
520000  1.9016  1.8940  26.4517
530000  1.9019  1.8942  26.4475
540000  1.9022  1.8943  26.4431
550000  1.9026  1.8945  26.4386
560000  1.9029  1.8946  26.4341
570000  1.9032  1.8948  26.4298
580000  1.9035  1.8949  26.4255
590000  1.9038  1.8951  26.4210
600000  1.9042  1.8952  26.4166
610000  1.9045  1.8954  26.4121
620000  1.9048  1.8955  26.4077
630000  1.9051  1.8957  26.4031
640000  1.9054  1.8958  26.3986
650000  1.9058  1.8960  26.3942
660000  1.9061  1.8962  26.3896
670000  1.9064  1.8963  26.3849
680000  1.9068  1.8965  26.3805
690000  1.9071  1.8966  26.3762
700000  1.9074  1.8968  26.3722
710000  1.9076  1.8969  26.3684
720000  1.9079  1.8971  26.3644
730000  1.9082  1.8972  26.3604
740000  1.9085  1.8974  26.3564
750000  1.9088  1.8975  26.3528
760000  1.9090  1.8977  26.3494
770000  1.9093  1.8978  26.3459
780000  1.9095  1.8980  26.3422
790000  1.9098  1.8981  26.3387
800000  1.9100  1.8983  26.3351
810000  1.9103  1.8984  26.3312
820000  1.9106  1.8986  26.3274
830000  1.9109  1.8987  26.3237
840000  1.9111  1.8989  26.3200
850000  1.9114  1.8990  26.3162
860000  1.9117  1.8992  26.3122
870000  1.9120  1.8993  26.3082
880000  1.9123  1.8995  26.3042
890000  1.9126  1.8996  26.3001
900000  1.9129  1.8998  26.2960
910000  1.9132  1.8999  26.2919
920000  1.9135  1.9001  26.2879
930000  1.9138  1.9002  26.2838
940000  1.9141  1.9003  26.2798
950000  1.9144  1.9005  26.2758
960000  1.9146  1.9006  26.2718
970000  1.9149  1.9008  26.2678
980000  1.9152  1.9009  26.2639
990000  1.9155  1.9011  26.2598
1000000  1.9158  1.9012  26.2558
1010000  1.9161  1.9014  26.2515
1020000  1.9164  1.9015  26.2476
1030000  1.9167  1.9017  26.2436
1040000  1.9170  1.9018  26.2396
1050000  1.9173  1.9020  26.2357
1060000  1.9176  1.9021  26.2318
1070000  1.9178  1.9023  26.2279
1080000  1.9181  1.9024  26.2239
1090000  1.9184  1.9026  26.2198
1100000  1.9187  1.9027  26.2160
1110000  1.9190  1.9028  26.2121
1120000  1.9193  1.9030  26.2083
1130000  1.9196  1.9031  26.2045
1140000  1.9199  1.9033  26.2005
1150000  1.9201  1.9034  26.1966
1160000  1.9204  1.9036  26.1926
1170000  1.9207  1.9037  26.1888
1180000  1.9210  1.9039  26.1850
1190000  1.9213  1.9040  26.1811
1200000  1.9216  1.9042  26.1772
1210000  1.9218  1.9043  26.1733
1220000  1.9221  1.9045  26.1693
1230000  1.9224  1.9046  26.1654
1240000  1.9227  1.9048  26.1616
1250000  1.9230  1.9049  26.1580
1260000  1.9233  1.9050  26.1542
1270000  1.9235  1.9052  26.1505
1280000  1.9238  1.9053  26.1467
1290000  1.9241  1.9055  26.1433
1300000  1.9243  1.9056  26.1398
1310000  1.9246  1.9058  26.1364
1320000  1.9248  1.9059  26.1330
1330000  1.9251  1.9061  26.1296
1340000  1.9253  1.9062  26.1263
1350000  1.9256  1.9063  26.1229
1360000  1.9258  1.9065  26.1196
1370000  1.9261  1.9066  26.1162
1380000  1.9263  1.9068  26.1126
1390000  1.9266  1.9069  26.1093
1400000  1.9268  1.9071  26.1059
1410000  1.9271  1.9072  26.1024
1420000  1.9273  1.9073  26.0990
1430000  1.9276  1.9075  26.0955
1440000  1.9279  1.9076  26.0919
1450000  1.9281  1.9078  26.0884
1460000  1.9284  1.9079  26.0848
1470000  1.9286  1.9080  26.0813
1480000  1.9289  1.9082  26.0780
1490000  1.9291  1.9083  26.0748
1500000  1.9294  1.9085  26.0715
1510000  1.9296  1.9086  26.0684
1520000  1.9298  1.9087  26.0652
1530000  1.9301  1.9089  26.0620
1540000  1.9303  1.9090  26.0586
1550000  1.9305  1.9092  26.0554
1560000  1.9308  1.9093  26.0523
1570000  1.9310  1.9094  26.0492
1580000  1.9312  1.9096  26.0462
1590000  1.9315  1.9097  26.0431
1600000  1.9317  1.9099  26.0402
1610000  1.9319  1.9100  26.0371
1620000  1.9321  1.9101  26.0342
1630000  1.9323  1.9103  26.0312
1640000  1.9326  1.9104  26.0281
1650000  1.9328  1.9105  26.0251
1660000  1.9330  1.9107  26.0220
1670000  1.9332  1.9108  26.0190
1680000  1.9335  1.9109  26.0160
1690000  1.9337  1.9111  26.0128
1700000  1.9339  1.9112  26.0097
1710000  1.9342  1.9113  26.0068
1720000  1.9344  1.9115  26.0036
1730000  1.9346  1.9116  26.0004
1740000  1.9349  1.9117  25.9974
1750000  1.9351  1.9119  25.9945
1760000  1.9353  1.9120  25.9912
1770000  1.9356  1.9121  25.9880
1780000  1.9358  1.9123  25.9849
1790000  1.9360  1.9124  25.9817
1800000  1.9363  1.9125  25.9785
1810000  1.9365  1.9127  25.9753
1820000  1.9367  1.9128  25.9721
1830000  1.9370  1.9129  25.9689
1840000  1.9372  1.9131  25.9656
1850000  1.9375  1.9132  25.9624
1860000  1.9377  1.9133  25.9593
1870000  1.9379  1.9135  25.9560
1880000  1.9382  1.9136  25.9526
1890000  1.9385  1.9137  25.9492
1900000  1.9387  1.9139  25.9457
1910000  1.9390  1.9140  25.9422
1920000  1.9392  1.9141  25.9387
1930000  1.9395  1.9143  25.9356
1940000  1.9397  1.9144  25.9323
1950000  1.9400  1.9145  25.9288
1960000  1.9402  1.9147  25.9255
1970000  1.9405  1.9148  25.9220
1980000  1.9408  1.9149  25.9184
1990000  1.9410  1.9150  25.9149
2000000  1.9413  1.9152  25.9113
