10000  0.3143  13  3.3846  41.5105  0.0415
20000  0.2929  12  3.4167  41.5950  0.0416
30000  0.2929  12  3.4167  41.4506  0.0415
40000  0.2857  12  3.3333  40.4222  0.0404
50000  0.3929  16  3.4375  41.8638  0.0419
60000  0.4214  16  3.6875  46.5804  0.0466
70000  0.4000  15  3.7333  46.9581  0.0470
80000  0.4143  15  3.8667  47.7706  0.0478
90000  0.4214  15  3.9333  48.1411  0.0481
100000  0.3929  14  3.9286  46.9024  0.0469
110000  0.3929  14  3.9286  45.8328  0.0458
120000  0.5000  16  4.3750  53.3416  0.0533
130000  0.5500  17  4.5294  54.1834  0.0542
140000  0.5857  19  4.3158  50.7218  0.0507
150000  0.6000  17  4.9412  59.9442  0.0599
160000  0.5929  16  5.1875  63.0431  0.0630
170000  0.6071  16  5.3125  63.7638  0.0638
180000  0.6714  17  5.5294  67.0723  0.0671
190000  0.6643  16  5.8125  70.7161  0.0707
200000  0.7214  18  5.6111  67.1055  0.0671
210000  0.7429  18  5.7778  69.7009  0.0697
220000  0.7857  20  5.5000  66.2909  0.0663
230000  0.8071  20  5.6500  68.8210  0.0688
240000  0.8071  20  5.6500  68.7751  0.0688
250000  0.8143  20  5.7000  69.5128  0.0695
260000  0.8143  20  5.7000  69.5703  0.0696
270000  0.8071  20  5.6500  68.4063  0.0684
280000  0.8143  20  5.7000  69.2837  0.0693
290000  0.8429  20  5.9000  71.9113  0.0719
300000  0.8500  19  6.2632  77.5962  0.0776
310000  0.8357  17  6.8824  87.0546  0.0871
320000  0.8214  15  7.6667  98.3348  0.0983
330000  0.8357  13  9.0000  117.8185  0.1178
340000  0.8429  12  9.8333  129.4682  0.1295
350000  0.8643  11  11.0000  146.5301  0.1465
360000  0.8643  11  11.0000  145.6454  0.1456
370000  0.8857  12  10.3333  135.0260  0.1350
380000  0.9071  11  11.5455  152.2879  0.1523
390000  0.9143  8  16.0000  215.8799  0.2159
400000  0.9500  7  19.0000  257.9580  0.2580
410000  0.9643  6  22.5000  308.1478  0.3081
420000  0.9857  6  23.0000  315.8586  0.3159
430000  0.9929  4  34.7500  483.7785  0.4838
440000  0.9929  3  46.3333  649.5963  0.6496
450000  0.9929  2  69.5000  981.1204  0.9811
460000  0.9929  2  69.5000  981.0212  0.9810
470000  0.9929  2  69.5000  981.0143  0.9810
480000  0.9929  2  69.5000  981.0640  0.9811
490000  0.9929  2  69.5000  981.1578  0.9812
500000  0.9929  2  69.5000  981.2402  0.9812
510000  0.9929  2  69.5000  981.2587  0.9813
520000  0.9929  2  69.5000  981.1975  0.9812
530000  0.9929  3  46.3333  650.0554  0.6501
540000  0.9929  3  46.3333  650.0309  0.6500
550000  0.9929  2  69.5000  981.0269  0.9810
560000  0.9929  2  69.5000  988.2803  0.9883
570000  0.9929  2  69.5000  988.2966  0.9883
580000  0.9929  2  69.5000  977.8479  0.9778
590000  0.9929  2  69.5000  977.7968  0.9778
600000  0.9929  2  69.5000  977.8527  0.9779
610000  0.9857  2  69.0000  971.6666  0.9717
620000  0.9857  2  69.0000  971.8149  0.9718
630000  0.9857  2  69.0000  971.9946  0.9720
640000  0.9857  2  69.0000  972.0886  0.9721
650000  0.9857  2  69.0000  972.1444  0.9721
660000  0.9929  2  69.5000  979.8433  0.9798
670000  0.9929  2  69.5000  989.9066  0.9899
680000  0.9929  2  69.5000  989.8946  0.9899
690000  0.9929  2  69.5000  979.2880  0.9793
700000  0.9929  2  69.5000  979.0933  0.9791
710000  0.9929  2  69.5000  978.9365  0.9789
720000  0.9929  2  69.5000  989.3200  0.9893
730000  0.9929  2  69.5000  989.2014  0.9892
740000  0.9929  2  69.5000  989.1542  0.9892
750000  0.9929  2  69.5000  989.1623  0.9892
760000  0.9929  2  69.5000  989.1972  0.9892
770000  0.9929  2  69.5000  989.1855  0.9892
780000  0.9929  2  69.5000  989.1222  0.9891
790000  0.9929  2  69.5000  988.9633  0.9890
800000  0.9929  2  69.5000  988.7301  0.9887
810000  0.9929  2  69.5000  988.4599  0.9885
820000  1.0000  2  70.0000  994.3983  0.9944
830000  1.0000  2  70.0000  994.2001  0.9942
840000  1.0000  2  70.0000  1000.4106  1.0004
850000  1.0000  2  70.0000  1000.2873  1.0003
860000  1.0000  2  70.0000  1000.2046  1.0002
870000  1.0000  2  70.0000  1000.1497  1.0001
880000  1.0000  2  70.0000  1000.1159  1.0001
890000  1.0000  2  70.0000  1000.0934  1.0001
900000  1.0000  2  70.0000  1000.0784  1.0001
910000  1.0000  2  70.0000  1000.0684  1.0001
920000  1.0000  2  70.0000  1000.0617  1.0001
930000  1.0000  2  70.0000  1000.0573  1.0001
940000  1.0000  2  70.0000  1000.0537  1.0001
950000  1.0000  2  70.0000  1000.0513  1.0001
960000  1.0000  2  70.0000  1000.0490  1.0000
970000  1.0000  2  70.0000  1000.0481  1.0000
980000  1.0000  2  70.0000  1000.0469  1.0000
990000  1.0000  2  70.0000  1000.0469  1.0000
1000000  1.0000  2  70.0000  1000.0469  1.0000
1010000  1.0000  2  70.0000  1000.0463  1.0000
1020000  1.0000  2  70.0000  1000.0453  1.0000
1030000  1.0000  2  70.0000  1000.0431  1.0000
1040000  1.0000  2  70.0000  1000.0414  1.0000
1050000  1.0000  2  70.0000  1000.0405  1.0000
1060000  1.0000  2  70.0000  1000.0405  1.0000
1070000  1.0000  2  70.0000  1000.0414  1.0000
1080000  1.0000  2  70.0000  1000.0430  1.0000
1090000  1.0000  2  70.0000  1000.0447  1.0000
1100000  1.0000  2  70.0000  1000.0472  1.0000
1110000  1.0000  2  70.0000  1000.0496  1.0000
1120000  1.0000  2  70.0000  1000.0515  1.0001
1130000  1.0000  2  70.0000  1000.0533  1.0001
1140000  1.0000  2  70.0000  1000.0543  1.0001
1150000  1.0000  2  70.0000  1000.0546  1.0001
1160000  1.0000  2  70.0000  1000.0543  1.0001
1170000  1.0000  2  70.0000  1000.0536  1.0001
1180000  1.0000  2  70.0000  1000.0529  1.0001
1190000  1.0000  2  70.0000  1000.0518  1.0001
1200000  1.0000  2  70.0000  1000.0502  1.0001
1210000  1.0000  2  70.0000  1000.0496  1.0000
1220000  1.0000  2  70.0000  1000.0482  1.0000
1230000  1.0000  2  70.0000  1000.0472  1.0000
1240000  1.0000  2  70.0000  1000.0466  1.0000
1250000  1.0000  2  70.0000  1000.0465  1.0000
1260000  1.0000  2  70.0000  1000.0459  1.0000
1270000  1.0000  2  70.0000  1000.0447  1.0000
1280000  1.0000  2  70.0000  1000.0427  1.0000
1290000  1.0000  2  70.0000  1000.0409  1.0000
1300000  1.0000  2  70.0000  1000.0401  1.0000
1310000  1.0000  2  70.0000  1000.0402  1.0000
1320000  1.0000  2  70.0000  1000.0410  1.0000
1330000  1.0000  2  70.0000  1000.0422  1.0000
1340000  1.0000  2  70.0000  1000.0441  1.0000
1350000  1.0000  2  70.0000  1000.0458  1.0000
1360000  1.0000  2  70.0000  1000.0474  1.0000
1370000  1.0000  2  70.0000  1000.0494  1.0000
1380000  1.0000  2  70.0000  1000.0498  1.0000
1390000  1.0000  2  70.0000  1000.0500  1.0001
1400000  1.0000  2  70.0000  1000.0500  1.0000
1410000  1.0000  2  70.0000  1000.0495  1.0000
1420000  1.0000  2  70.0000  1000.0484  1.0000
1430000  1.0000  2  70.0000  1000.0473  1.0000
1440000  1.0000  2  70.0000  1000.0463  1.0000
1450000  1.0000  2  70.0000  1000.0452  1.0000
1460000  1.0000  2  70.0000  1000.0441  1.0000
1470000  1.0000  2  70.0000  1000.0435  1.0000
1480000  1.0000  2  70.0000  1000.0430  1.0000
1490000  1.0000  2  70.0000  1000.0422  1.0000
1500000  1.0000  2  70.0000  1000.0425  1.0000
1510000  1.0000  2  70.0000  1000.0421  1.0000
1520000  1.0000  2  70.0000  1000.0406  1.0000
1530000  1.0000  2  70.0000  1000.0388  1.0000
1540000  1.0000  2  70.0000  1000.0375  1.0000
1550000  1.0000  2  70.0000  1000.0370  1.0000
1560000  1.0000  2  70.0000  1000.0376  1.0000
1570000  1.0000  2  70.0000  1000.0390  1.0000
1580000  1.0000  2  70.0000  1000.0408  1.0000
1590000  1.0000  2  70.0000  1000.0434  1.0000
1600000  1.0000  2  70.0000  1000.0459  1.0000
1610000  1.0000  2  70.0000  1000.0483  1.0000
1620000  1.0000  2  70.0000  1000.0502  1.0001
1630000  1.0000  2  70.0000  1000.0519  1.0001
1640000  1.0000  2  70.0000  1000.0530  1.0001
1650000  1.0000  2  70.0000  1000.0533  1.0001
1660000  1.0000  2  70.0000  1000.0533  1.0001
1670000  1.0000  2  70.0000  1000.0529  1.0001
1680000  1.0000  2  70.0000  1000.0519  1.0001
1690000  1.0000  2  70.0000  1000.0507  1.0001
1700000  1.0000  2  70.0000  1000.0493  1.0000
1710000  1.0000  2  70.0000  1000.0482  1.0000
1720000  1.0000  2  70.0000  1000.0471  1.0000
1730000  1.0000  2  70.0000  1000.0463  1.0000
1740000  1.0000  2  70.0000  1000.0459  1.0000
1750000  1.0000  2  70.0000  1000.0456  1.0000
1760000  1.0000  2  70.0000  1000.0455  1.0000
1770000  1.0000  2  70.0000  1000.0443  1.0000
1780000  1.0000  2  70.0000  1000.0424  1.0000
1790000  1.0000  2  70.0000  1000.0413  1.0000
1800000  1.0000  2  70.0000  1000.0406  1.0000
1810000  1.0000  2  70.0000  1000.0414  1.0000
1820000  1.0000  2  70.0000  1000.0427  1.0000
1830000  1.0000  2  70.0000  1000.0451  1.0000
1840000  1.0000  2  70.0000  1000.0472  1.0000
1850000  1.0000  2  70.0000  1000.0496  1.0000
1860000  1.0000  2  70.0000  1000.0519  1.0001
1870000  1.0000  2  70.0000  1000.0538  1.0001
1880000  1.0000  2  70.0000  1000.0558  1.0001
1890000  1.0000  2  70.0000  1000.0565  1.0001
1900000  1.0000  2  70.0000  1000.0569  1.0001
1910000  1.0000  2  70.0000  1000.0574  1.0001
1920000  1.0000  2  70.0000  1000.0574  1.0001
1930000  1.0000  2  70.0000  1000.0569  1.0001
1940000  1.0000  2  70.0000  1000.0563  1.0001
1950000  1.0000  2  70.0000  1000.0554  1.0001
1960000  1.0000  2  70.0000  1000.0541  1.0001
1970000  1.0000  2  70.0000  1000.0531  1.0001
1980000  1.0000  2  70.0000  1000.0525  1.0001
1990000  1.0000  2  70.0000  1000.0519  1.0001
2000000  1.0000  2  70.0000  1000.0519  1.0001
