894.5854  14.8942  26.5000  9.5000  0.0051  0.8205
894.5801  29.8941  8.5000  9.5001  0.0052  0.7982
894.5825  44.8942  26.5001  9.5000  0.0052  0.8096
894.5776  59.8940  8.5001  9.5000  0.0052  0.8023
894.5902  74.8943  26.5000  9.5000  0.0052  0.7860
894.5849  89.8941  8.5000  9.5000  0.0050  0.7866
894.5914  104.8941  26.5000  9.5000  0.0050  0.7835
894.5859  119.8941  8.5000  9.5000  0.0046  0.8072
890.6353  22.0899  26.4992  9.4996  0.0117  1.0766
890.6460  37.0896  8.5000  9.5007  0.0116  1.0465
890.6193  52.0908  26.5002  9.5002  0.0116  1.0624
890.6045  67.0885  8.4997  9.5004  0.0115  1.0562
890.6746  82.0894  26.4997  9.5000  0.0115  1.0365
890.6313  97.0899  8.5002  9.5004  0.0116  1.0657
890.6656  112.0891  26.4998  9.4994  0.0116  1.0487
890.6513  7.0892  8.4999  9.5005  0.0116  1.0695
888.1060  29.2090  26.4980  9.4991  0.0253  1.2008
888.1185  44.2083  8.5001  9.5016  0.0254  1.2149
888.0854  59.2112  26.5002  9.5005  0.0253  1.2227
888.0767  74.2053  8.4988  9.5009  0.0246  1.2228
888.1649  89.2078  26.4994  9.5000  0.0252  1.2044
888.0923  104.2095  8.5004  9.5009  0.0250  1.2256
888.1413  -0.7935  26.4997  9.4985  0.0251  1.2256
888.1330  14.2068  8.4997  9.5014  0.0251  1.2050
886.7521  36.2835  26.4968  9.4988  0.0425  1.2630
886.7675  51.2829  8.5000  9.5024  0.0425  1.2842
886.7310  66.2873  26.5002  9.5007  0.0427  1.2815
886.7311  81.2776  8.4978  9.5012  0.0417  1.2845
886.8525  96.2812  26.4989  9.5000  0.0411  1.2706
886.7460  111.2849  8.5008  9.5012  0.0438  1.2857
886.7845  6.2800  26.4996  9.4979  0.0423  1.2910
886.7902  21.2804  8.4993  9.5020  0.0424  1.2613
885.9187  43.3374  26.4958  9.4986  0.0556  1.2923
885.9354  58.3370  8.4999  9.5029  0.0556  1.3141
885.9038  73.3427  26.5002  9.5008  0.0557  1.3109
885.9037  88.3292  8.4971  9.5016  0.0551  1.3126
886.0453  103.3343  26.4985  9.5000  0.0545  1.2986
885.9240  -1.6610  8.5013  9.5014  0.0555  1.3125
885.9487  13.3328  26.4996  9.4975  0.0554  1.3202
885.9619  28.3334  8.4989  9.5022  0.0552  1.2880
885.3409  50.3787  26.4949  9.4986  0.0646  1.3119
885.3547  65.3784  8.4999  9.5033  0.0646  1.3326
885.3312  80.3854  26.5004  9.5010  0.0651  1.3303
885.3289  95.3680  8.4964  9.5019  0.0645  1.3314
885.4938  110.3747  26.4981  9.5000  0.0642  1.3162
885.3561  5.3807  8.5018  9.5015  0.0645  1.3314
885.3640  20.3729  26.4997  9.4971  0.0645  1.3403
885.3835  35.3741  8.4986  9.5024  0.0644  1.3074
884.9224  57.4094  26.4941  9.4988  0.0709  1.3275
884.9359  72.4093  8.4999  9.5035  0.0708  1.3470
884.9163  87.4173  26.5005  9.5011  0.0705  1.3457
884.9120  102.3962  8.4959  9.5023  0.0703  1.3463
885.0970  117.4045  26.4977  9.5000  0.0691  1.3297
884.9453  12.4119  8.5021  9.5017  0.0707  1.3470
884.9404  27.4025  26.4998  9.4969  0.0709  1.3563
884.9623  42.4044  8.4983  9.5023  0.0708  1.3236
884.6141  64.4308  26.4935  9.4990  0.0754  1.3404
884.6312  79.4306  8.5000  9.5036  0.0751  1.3593
884.6127  94.4400  26.5007  9.5013  0.0753  1.3587
884.6086  109.4148  8.4955  9.5027  0.0736  1.3586
884.8080  4.4256  26.4974  9.5000  0.0737  1.3405
884.6447  19.4337  8.5024  9.5019  0.0750  1.3602
884.6310  34.4229  26.4999  9.4967  0.0752  1.3694
884.6559  49.4254  8.4979  9.5023  0.0751  1.3368
884.3911  71.4436  26.4928  9.4992  0.0784  1.3514
884.4097  86.4438  8.5002  9.5037  0.0780  1.3688
884.3932  101.4543  26.5009  9.5015  0.0791  1.3690
884.3862  116.4256  8.4950  9.5031  0.0783  1.3687
884.5947  11.4385  26.4971  9.5000  0.0766  1.3493
884.4277  26.4472  8.5025  9.5020  0.0780  1.3711
884.4084  41.4351  26.4999  9.4966  0.0783  1.3799
884.4326  56.4382  8.4976  9.5023  0.0778  1.3472
884.2287  78.4496  26.4923  9.4994  0.0806  1.3602
884.2483  93.4501  8.5004  9.5038  0.0807  1.3766
884.2327  108.4615  26.5011  9.5017  0.0809  1.3769
884.2247  123.4290  8.4946  9.5034  0.0796  1.3767
884.4395  18.4448  26.4968  9.5000  0.0787  1.3562
884.2697  33.4538  8.5026  9.5020  0.0800  1.3800
884.2444  48.4406  26.5000  9.4965  0.0803  1.3882
884.2685  63.4443  8.4973  9.5022  0.0803  1.3556
884.1107  85.4498  26.4917  9.4996  0.0819  1.3670
884.1311  100.4506  8.5006  9.5039  0.0812  1.3830
884.1156  115.4630  26.5013  9.5020  0.0829  1.3831
884.1085  10.4270  8.4942  9.5037  0.0812  1.3836
884.3268  25.4455  26.4964  9.5000  0.0801  1.3619
884.1547  40.4547  8.5027  9.5021  0.0814  1.3868
884.1271  55.4406  26.5001  9.4964  0.0816  1.3947
884.1506  70.4447  8.4971  9.5021  0.0819  1.3631
884.0236  92.4453  26.4911  9.4998  0.0822  1.3724
884.0453  107.4469  8.5009  9.5039  0.0827  1.3879
884.0336  2.4600  26.5015  9.5022  0.0828  1.3878
884.0223  17.4205  8.4938  9.5039  0.0823  1.3895
884.2436  32.4419  26.4961  9.5001  0.0812  1.3674
884.0712  47.4512  8.5027  9.5021  0.0825  1.3922
884.0393  62.4362  26.5001  9.4964  0.0828  1.3995
884.0627  77.4407  8.4968  9.5021  0.0836  1.3691
883.9630  99.4376  26.4906  9.5001  0.0840  1.3766
883.9850  114.4394  8.5012  9.5040  0.0826  1.3916
883.9716  9.4535  26.5017  9.5023  0.0835  1.3914
883.9591  24.4105  8.4935  9.5042  0.0831  1.3940
884.1842  39.4347  26.4956  9.5001  0.0818  1.3717
884.0117  54.4441  8.5026  9.5022  0.0832  1.3962
883.9792  69.4282  26.5002  9.4963  0.0835  1.4029
884.0000  84.4329  8.4966  9.5021  0.0837  1.3744
883.9157  106.4270  26.4901  9.5003  0.0847  1.3796
883.9396  1.4294  8.5016  9.5040  0.0842  1.3947
883.9257  16.4443  26.5020  9.5025  0.0841  1.3941
883.9127  31.3978  8.4931  9.5044  0.0837  1.3974
884.1396  46.4249  26.4952  9.5001  0.0824  1.3750
883.9664  61.4344  8.5026  9.5022  0.0841  1.3992
883.9314  76.4177  26.5003  9.4963  0.0840  1.4058
883.9534  91.4224  8.4963  9.5020  0.0836  1.3780
883.8828  113.4142  26.4896  9.5005  0.0847  1.3819
883.9050  8.4173  8.5019  9.5041  0.0846  1.3971
883.8920  23.4331  26.5023  9.5028  0.0845  1.3961
883.8796  38.3831  8.4928  9.5046  0.0841  1.3999
884.1096  53.4131  26.4948  9.5001  0.0828  1.3775
883.9323  68.4226  8.5025  9.5023  0.0848  1.4018
883.8978  83.4050  26.5003  9.4963  0.0844  1.4078
883.9164  98.4101  8.4961  9.5020  0.0849  1.3803
883.8557  120.3999  26.4891  9.5007  0.0849  1.3838
883.8807  15.4037  8.5023  9.5041  0.0849  1.3988
883.8676  30.4202  26.5025  9.5030  0.0848  1.3975
883.8552  45.3668  8.4925  9.5049  0.0843  1.4018
884.0837  60.3996  26.4944  9.5001  0.0830  1.3794
883.9121  75.4091  8.5024  9.5023  0.0846  1.4033
883.8723  90.3909  26.5004  9.4962  0.0851  1.4093
883.8922  105.3958  8.4959  9.5020  0.0845  1.3828
883.8381  7.3845  26.4886  9.5009  0.0852  1.3850
883.8625  22.3888  8.5027  9.5041  0.0851  1.4001
883.8498  37.4061  26.5028  9.5031  0.0850  1.3986
883.8357  52.3494  8.4921  9.5051  0.0847  1.4031
884.0664  67.3851  26.4939  9.5001  0.0835  1.3811
883.8927  82.3945  8.5023  9.5023  0.0847  1.4044
883.8529  97.3754  26.5005  9.4962  0.0854  1.4102
883.8738  112.3806  8.4957  9.5020  0.0853  1.3847
883.8239  14.3682  26.4882  9.5011  0.0853  1.3859
883.8503  29.3730  8.5031  9.5041  0.0852  1.4011
883.8362  44.3911  26.5030  9.5033  0.0851  1.3994
883.8229  59.3310  8.4918  9.5052  0.0850  1.4041
884.0522  74.3696  26.4935  9.5001  0.0835  1.3820
883.8798  89.3791  8.5022  9.5023  0.0849  1.4053
883.8427  104.3591  26.5005  9.4962  0.0847  1.4114
883.8601  119.3646  8.4955  9.5020  0.0861  1.3858
883.8140  21.3513  26.4877  9.5013  0.0854  1.3866
883.8389  36.3567  8.5035  9.5042  0.0854  1.4019
883.8254  51.3754  26.5033  9.5035  0.0852  1.4000
883.8120  66.3120  8.4914  9.5054  0.0851  1.4047
884.0424  81.3533  26.4930  9.5002  0.0832  1.3827
883.8703  96.3630  8.5020  9.5023  0.0844  1.4059
883.8342  111.3423  26.5005  9.4961  0.0861  1.4121
883.8520  6.3477  8.4953  9.5020  0.0854  1.3864
883.8052  28.3338  26.4872  9.5015  0.0856  1.3870
883.8315  43.3398  8.5039  9.5042  0.0856  1.4024
883.8190  58.3593  26.5036  9.5037  0.0854  1.4004
883.8068  73.2924  8.4911  9.5056  0.0848  1.4053
884.0349  88.3367  26.4926  9.5002  0.0836  1.3832
883.8640  103.3463  8.5019  9.5023  0.0848  1.4063
883.8268  118.3248  26.5006  9.4962  0.0844  1.4126
883.8431  13.3305  8.4951  9.5020  0.0855  1.3871
883.8002  35.3160  26.4868  9.5016  0.0856  1.3873
883.8256  50.3224  8.5043  9.5042  0.0855  1.4028
883.8121  65.3427  26.5039  9.5038  0.0853  1.4009
883.7997  80.2727  8.4908  9.5057  0.0848  1.4059
884.0282  95.3195  26.4921  9.5002  0.0836  1.3835
883.8589  110.3293  8.5017  9.5023  0.0849  1.4067
883.8207  5.3072  26.5006  9.4961  0.0856  1.4130
883.8371  20.3129  8.4950  9.5020  0.0856  1.3876
883.7957  42.2980  26.4863  9.5018  0.0858  1.3875
883.8218  57.3049  8.5048  9.5043  0.0856  1.4032
883.8094  72.3259  26.5041  9.5040  0.0856  1.4012
883.7975  87.2527  8.4904  9.5058  0.0853  1.4062
884.0214  102.3022  26.4916  9.5002  0.0839  1.3837
883.8551  -2.6878  8.5016  9.5023  0.0852  1.4069
883.8148  12.2892  26.5007  9.4961  0.0856  1.4134
883.8327  27.2950  8.4948  9.5020  0.0856  1.3880
883.7948  49.2795  26.4858  9.5019  0.0855  1.3876
883.8182  64.2870  8.5052  9.5043  0.0857  1.4035
883.8058  79.3087  26.5044  9.5042  0.0851  1.4014
883.7946  94.2324  8.4901  9.5059  0.0853  1.4065
884.0190  109.2845  26.4911  9.5002  0.0842  1.3839
883.8532  4.2948  8.5014  9.5023  0.0852  1.4070
883.8120  19.2711  26.5007  9.4961  0.0857  1.4137
883.8286  34.2769  8.4946  9.5020  0.0856  1.3882
883.7897  56.2611  26.4853  9.5021  0.0854  1.3876
883.8161  71.2690  8.5057  9.5043  0.0856  1.4037
883.8036  86.2915  26.5047  9.5043  0.0854  1.4017
883.7920  101.2121  8.4898  9.5061  0.0853  1.4066
884.0179  116.2666  26.4906  9.5002  0.0837  1.3841
883.8506  11.2773  8.5013  9.5024  0.0852  1.4070
883.8107  26.2527  26.5008  9.4961  0.0857  1.4140
883.8256  41.2587  8.4944  9.5020  0.0857  1.3883
883.7882  63.2425  26.4848  9.5022  0.0856  1.3877
883.8145  78.2509  8.5061  9.5044  0.0855  1.4039
883.8019  93.2741  26.5050  9.5044  0.0846  1.4018
883.7908  108.1916  8.4894  9.5062  0.0857  1.4066
884.0182  3.2487  26.4902  9.5002  0.0840  1.3846
883.8488  18.2596  8.5011  9.5024  0.0852  1.4070
883.8080  33.2343  26.5008  9.4962  0.0856  1.4141
883.8248  48.2402  8.4942  9.5020  0.0856  1.3885
883.7861  70.2238  26.4843  9.5023  0.0857  1.3875
883.8137  85.2327  8.5066  9.5044  0.0857  1.4039
883.7985  100.2568  26.5053  9.5046  0.0859  1.4020
883.7894  115.1709  8.4891  9.5063  0.0844  1.4066
884.0178  10.2308  26.4896  9.5002  0.0840  1.3847
883.8473  25.2420  8.5010  9.5024  0.0853  1.4070
883.8059  40.2158  26.5008  9.4962  0.0857  1.4143
883.8239  55.2217  8.4940  9.5020  0.0857  1.3886
883.7854  77.2050  26.4838  9.5024  0.0854  1.3875
883.8124  92.2145  8.5071  9.5045  0.0862  1.4040
883.7979  107.2393  26.5056  9.5047  0.0857  1.4021
883.7881  122.1504  8.4887  9.5064  0.0843  1.4066
884.0172  17.2127  26.4892  9.5002  0.0840  1.3848
883.8473  32.2241  8.5008  9.5024  0.0852  1.4070
883.8063  47.1971  26.5009  9.4962  0.0857  1.4144
883.8220  62.2032  8.4939  9.5021  0.0858  1.3886
883.7870  84.1863  26.4833  9.5025  0.0852  1.3875
883.8120  99.1960  8.5075  9.5045  0.0851  1.4041
883.8002  114.2217  26.5058  9.5048  0.0849  1.4023
883.7870  9.1298  8.4884  9.5065  0.0852  1.4059
884.0161  24.1947  26.4887  9.5002  0.0840  1.3848
883.8461  39.2063  8.5006  9.5024  0.0854  1.4070
883.8038  54.1785  26.5009  9.4962  0.0858  1.4144
883.8217  69.1846  8.4937  9.5021  0.0861  1.3888
883.7844  91.1676  26.4829  9.5026  0.0860  1.3875
883.8112  106.1776  8.5080  9.5046  0.0851  1.4040
883.7996  1.2043  26.5061  9.5050  0.0856  1.4022
883.7866  16.1092  8.4881  9.5066  0.0852  1.4059
884.0161  31.1765  26.4882  9.5002  0.0840  1.3849
883.8464  46.1884  8.5005  9.5024  0.0853  1.4072
883.8051  61.1598  26.5010  9.4962  0.0859  1.4145
883.8212  76.1658  8.4935  9.5021  0.0858  1.3888
883.7853  98.1487  26.4824  9.5027  0.0855  1.3875
883.8114  113.1592  8.5084  9.5047  0.0848  1.4040
883.7993  8.1867  26.5064  9.5051  0.0856  1.4024
883.7866  23.0885  8.4877  9.5066  0.0852  1.4057
884.0168  38.1583  26.4877  9.5002  0.0839  1.3849
883.8469  53.1706  8.5003  9.5024  0.0855  1.4072
883.8051  68.1411  26.5010  9.4963  0.0856  1.4145
883.8209  83.1472  8.4933  9.5021  0.0861  1.3888
883.7849  105.1298  26.4818  9.5028  0.0853  1.3874
883.8119  0.1408  8.5089  9.5047  0.0857  1.4041
883.7993  15.1692  26.5067  9.5052  0.0855  1.4025
883.7861  30.0678  8.4874  9.5067  0.0853  1.4056
884.0155  45.1402  26.4872  9.5002  0.0840  1.3849
883.8464  60.1526  8.5002  9.5024  0.0853  1.4073
883.8031  75.1225  26.5011  9.4963  0.0857  1.4143
883.8204  90.1284  8.4931  9.5022  0.0859  1.3887
883.7836  112.1111  26.4814  9.5029  0.0854  1.3874
883.8120  7.1224  8.5093  9.5048  0.0857  1.4043
883.7975  22.1516  26.5070  9.5053  0.0856  1.4026
883.7859  37.0471  8.4871  9.5068  0.0853  1.4054
884.0153  52.1220  26.4867  9.5002  0.0842  1.3848
883.8454  67.1347  8.5000  9.5024  0.0853  1.4074
883.8036  82.1037  26.5011  9.4963  0.0856  1.4144
883.8207  97.1097  8.4930  9.5022  0.0865  1.3887
883.7819  119.0923  26.4809  9.5030  0.0864  1.3872
883.8107  14.1039  8.5098  9.5049  0.0857  1.4044
883.7987  29.1340  26.5072  9.5054  0.0856  1.4027
883.7864  44.0264  8.4867  9.5068  0.0852  1.4053
884.0151  59.1037  26.4863  9.5003  0.0841  1.3848
883.8466  74.1166  8.4999  9.5024  0.0850  1.4074
883.8048  89.0850  26.5011  9.4964  0.0860  1.4144
883.8199  104.0909  8.4928  9.5022  0.0854  1.3888
883.7849  6.0734  26.4804  9.5031  0.0858  1.3874
883.8117  21.0855  8.5103  9.5049  0.0857  1.4045
883.7982  36.1164  26.5075  9.5055  0.0856  1.4029
883.7866  51.0058  8.4864  9.5069  0.0854  1.4051
884.0150  66.0854  26.4857  9.5002  0.0841  1.3847
883.8472  81.0987  8.4997  9.5024  0.0853  1.4076
883.8043  96.0662  26.5011  9.4964  0.0861  1.4144
883.8206  111.0720  8.4926  9.5022  0.0861  1.3888
883.7846  13.0546  26.4799  9.5031  0.0858  1.3873
883.8105  28.0670  8.5107  9.5050  0.0857  1.4045
883.7990  43.0987  26.5078  9.5055  0.0856  1.4030
883.7863  57.9851  8.4860  9.5069  0.0854  1.4049
884.0134  73.0670  26.4852  9.5003  0.0840  1.3846
883.8463  88.0808  8.4996  9.5024  0.0854  1.4077
883.8025  103.0475  26.5012  9.4964  0.0858  1.4144
883.8205  118.0533  8.4924  9.5023  0.0865  1.3887
883.7849  20.0357  26.4793  9.5032  0.0859  1.3872
883.8109  35.0485  8.5112  9.5051  0.0858  1.4044
883.7980  50.0812  26.5081  9.5056  0.0858  1.4031
883.7855  64.9643  8.4857  9.5069  0.0852  1.4053
884.0138  80.0485  26.4848  9.5003  0.0838  1.3845
883.8473  95.0628  8.4994  9.5024  0.0853  1.4078
883.8049  110.0287  26.5012  9.4965  0.0861  1.4144
883.8206  5.0345  8.4923  9.5023  0.0857  1.3887
883.7842  27.0169  26.4789  9.5033  0.0858  1.3870
883.8114  42.0300  8.5117  9.5051  0.0857  1.4044
883.8009  57.0634  26.5083  9.5057  0.0855  1.4032
883.7858  71.9437  8.4854  9.5070  0.0855  1.4051
884.0145  87.0300  26.4843  9.5003  0.0837  1.3845
883.8474  102.0448  8.4993  9.5025  0.0853  1.4078
883.8054  117.0101  26.5013  9.4965  0.0857  1.4144
883.8204  12.0157  8.4921  9.5023  0.0857  1.3887
883.7846  33.9981  26.4783  9.5033  0.0859  1.3869
883.8115  49.0114  8.5121  9.5052  0.0856  1.4044
883.7985  64.0458  26.5086  9.5058  0.0858  1.4032
883.7863  78.9229  8.4850  9.5070  0.0852  1.4050
884.0161  94.0114  26.4838  9.5003  0.0833  1.3844
883.8476  109.0268  8.4991  9.5025  0.0849  1.4079
883.8058  3.9913  26.5013  9.4965  0.0857  1.4142
883.8214  18.9969  8.4919  9.5023  0.0857  1.3887
883.7852  40.9792  26.4779  9.5034  0.0858  1.3868
883.8120  55.9929  8.5126  9.5053  0.0858  1.4044
883.7988  71.0281  26.5089  9.5059  0.0856  1.4032
883.7864  85.9023  8.4847  9.5070  0.0854  1.4048
884.0119  100.9932  26.4833  9.5003  0.0842  1.3843
883.8483  -3.9911  8.4990  9.5025  0.0853  1.4078
883.8052  10.9726  26.5013  9.4966  0.0858  1.4142
883.8210  25.9782  8.4917  9.5024  0.0856  1.3887
883.7847  47.9605  26.4773  9.5034  0.0860  1.3867
883.8102  62.9743  8.5131  9.5053  0.0855  1.4045
883.7994  78.0104  26.5092  9.5059  0.0854  1.4033
883.7869  92.8815  8.4843  9.5070  0.0850  1.4046
884.0142  107.9747  26.4829  9.5003  0.0845  1.3844
883.8500  2.9909  8.4989  9.5024  0.0853  1.4080
883.8060  17.9539  26.5013  9.4966  0.0858  1.4143
883.8217  32.9594  8.4915  9.5024  0.0857  1.3887
883.7853  54.9416  26.4768  9.5034  0.0858  1.3865
883.8120  69.9557  8.5136  9.5054  0.0856  1.4043
883.7985  84.9929  26.5095  9.5060  0.0861  1.4033
883.7872  99.8609  8.4840  9.5071  0.0856  1.4045
884.0135  114.9561  26.4824  9.5003  0.0836  1.3844
883.8483  9.9730  8.4987  9.5025  0.0853  1.4081
883.8064  24.9352  26.5013  9.4967  0.0858  1.4142
883.8212  39.9406  8.4914  9.5024  0.0856  1.3887
883.7851  61.9227  26.4763  9.5035  0.0854  1.3864
883.8125  76.9370  8.5140  9.5055  0.0851  1.4044
883.8014  91.9750  26.5097  9.5061  0.0855  1.4034
883.7873  106.8402  8.4836  9.5071  0.0856  1.4044
884.0179  1.9377  26.4819  9.5003  0.0840  1.3843
883.8492  16.9550  8.4986  9.5025  0.0853  1.4082
883.8051  31.9165  26.5014  9.4967  0.0857  1.4142
883.8210  46.9218  8.4912  9.5024  0.0857  1.3886
883.7831  68.9039  26.4758  9.5035  0.0856  1.3862
883.8120  83.9185  8.5145  9.5055  0.0853  1.4044
883.8009  98.9573  26.5100  9.5061  0.0847  1.4036
883.7874  113.8195  8.4833  9.5071  0.0851  1.4042
884.0173  8.9193  26.4814  9.5003  0.0840  1.3843
883.8500  23.9370  8.4984  9.5025  0.0852  1.4083
883.8071  38.8978  26.5014  9.4968  0.0858  1.4140
883.8215  53.9031  8.4910  9.5024  0.0858  1.3886
883.7850  75.8851  26.4752  9.5036  0.0862  1.3861
883.8118  90.8999  8.5150  9.5056  0.0855  1.4044
883.8007  105.9398  26.5102  9.5062  0.0863  1.4038
883.7885  120.7986  8.4829  9.5071  0.0836  1.4041
884.0172  15.9009  26.4809  9.5003  0.0840  1.3843
883.8495  30.9191  8.4983  9.5025  0.0853  1.4084
883.8068  45.8792  26.5015  9.4968  0.0857  1.4139
883.8214  60.8843  8.4908  9.5025  0.0857  1.3885
883.7852  82.8661  26.4747  9.5036  0.0852  1.3860
883.8129  97.8812  8.5155  9.5057  0.0852  1.4044
883.8019  112.9219  26.5104  9.5062  0.0857  1.4039
883.7887  7.7782  8.4826  9.5072  0.0853  1.4038
884.0173  22.8825  26.4804  9.5003  0.0839  1.3842
883.8501  37.9011  8.4982  9.5025  0.0852  1.4085
883.8071  52.8605  26.5015  9.4969  0.0858  1.4137
883.8210  67.8655  8.4906  9.5025  0.0858  1.3885
883.7850  89.8473  26.4741  9.5037  0.0856  1.3859
883.8131  104.8627  8.5159  9.5058  0.0859  1.4045
883.8027  -0.0957  26.5107  9.5063  0.0856  1.4039
883.7905  14.7576  8.4822  9.5072  0.0853  1.4037
884.0167  29.8641  26.4799  9.5003  0.0840  1.3842
883.8510  44.8832  8.4981  9.5025  0.0853  1.4086
883.8076  59.8418  26.5015  9.4969  0.0859  1.4137
883.8219  74.8467  8.4904  9.5025  0.0861  1.3885
883.7841  96.8285  26.4736  9.5037  0.0853  1.3857
883.8131  111.8440  8.5164  9.5058  0.0855  1.4045
883.8039  6.8866  26.5109  9.5063  0.0856  1.4037
883.7909  21.7370  8.4819  9.5072  0.0853  1.4037
884.0180  36.8457  26.4795  9.5003  0.0839  1.3842
883.8499  51.8653  8.4980  9.5025  0.0855  1.4087
883.8083  66.8231  26.5015  9.4970  0.0857  1.4137
883.8234  81.8277  8.4902  9.5025  0.0851  1.3884
883.7838  103.8098  26.4731  9.5037  0.0864  1.3855
883.8132  118.8254  8.5169  9.5059  0.0860  1.4046
883.8040  13.8689  26.5112  9.5064  0.0856  1.4038
883.7902  28.7165  8.4816  9.5072  0.0853  1.4036
884.0173  43.8273  26.4790  9.5003  0.0839  1.3842
883.8501  58.8473  8.4979  9.5025  0.0855  1.4087
883.8093  73.8044  26.5015  9.4970  0.0855  1.4135
883.8229  88.8090  8.4901  9.5026  0.0861  1.3883
883.7866  110.7908  26.4725  9.5037  0.0858  1.3853
883.8142  5.8068  8.5174  9.5060  0.0857  1.4046
883.8027  20.8512  26.5115  9.5064  0.0856  1.4038
883.7897  35.6959  8.4812  9.5072  0.0853  1.4035
884.0195  50.8088  26.4785  9.5003  0.0840  1.3841
883.8496  65.8293  8.4977  9.5025  0.0855  1.4090
883.8092  80.7857  26.5015  9.4970  0.0858  1.4134
883.8226  95.7901  8.4899  9.5026  0.0856  1.3884
883.7888  117.7720  26.4720  9.5038  0.0856  1.3852
883.8141  12.7881  8.5179  9.5060  0.0857  1.4047
883.8036  27.8335  26.5117  9.5065  0.0855  1.4039
883.7904  42.6754  8.4808  9.5073  0.0854  1.4034
884.0185  57.7903  26.4780  9.5003  0.0835  1.3841
883.8519  72.8113  8.4976  9.5025  0.0853  1.4090
883.8098  87.7670  26.5016  9.4971  0.0859  1.4133
883.8240  102.7712  8.4897  9.5026  0.0853  1.3884
883.7872  4.7532  26.4715  9.5038  0.0858  1.3851
883.8141  19.7695  8.5183  9.5061  0.0857  1.4047
883.8033  34.8157  26.5120  9.5065  0.0855  1.4040
883.7904  49.6548  8.4805  9.5073  0.0854  1.4034
884.0170  64.7718  26.4775  9.5003  0.0839  1.3841
883.8540  79.7932  8.4975  9.5026  0.0850  1.4090
883.8080  94.7483  26.5016  9.4971  0.0858  1.4132
883.8232  109.7524  8.4896  9.5026  0.0859  1.3884
883.7875  11.7344  26.4709  9.5038  0.0859  1.3849
883.8140  26.7508  8.5188  9.5062  0.0857  1.4047
883.8036  41.7980  26.5122  9.5066  0.0855  1.4040
883.7907  56.6343  8.4802  9.5073  0.0854  1.4035
884.0188  71.7533  26.4771  9.5003  0.0838  1.3841
883.8528  86.7754  8.4974  9.5026  0.0858  1.4090
883.8094  101.7297  26.5017  9.4972  0.0857  1.4131
883.8239  116.7336  8.4894  9.5026  0.0855  1.3885
883.7863  18.7157  26.4704  9.5039  0.0858  1.3848
883.8135  33.7322  8.5193  9.5062  0.0857  1.4048
883.8024  48.7804  26.5125  9.5066  0.0857  1.4041
883.7876  63.6137  8.4798  9.5073  0.0853  1.4034
884.0188  78.7347  26.4765  9.5003  0.0841  1.3841
883.8532  93.7573  8.4973  9.5026  0.0856  1.4091
883.8099  108.7109  26.5017  9.4972  0.0852  1.4131
883.8237  3.7147  8.4892  9.5027  0.0857  1.3888
883.7868  25.6969  26.4698  9.5039  0.0859  1.3846
883.8147  40.7135  8.5198  9.5063  0.0858  1.4048
883.8044  55.7625  26.5127  9.5066  0.0854  1.4041
883.7876  70.5933  8.4794  9.5073  0.0862  1.4035
884.0195  85.7160  26.4761  9.5003  0.0832  1.3842
883.8525  100.7393  8.4972  9.5026  0.0855  1.4091
883.8086  115.6921  26.5017  9.4973  0.0853  1.4130
883.8236  10.6959  8.4890  9.5027  0.0857  1.3890
883.7863  32.6781  26.4693  9.5039  0.0859  1.3845
883.8148  47.6948  8.5203  9.5063  0.0856  1.4047
883.8032  62.7448  26.5129  9.5067  0.0858  1.4041
883.7880  77.5725  8.4791  9.5073  0.0851  1.4035
884.0184  92.6975  26.4756  9.5003  0.0839  1.3843
883.8541  107.7212  8.4971  9.5026  0.0849  1.4091
883.8104  2.6735  26.5017  9.4973  0.0858  1.4128
883.8241  17.6771  8.4889  9.5027  0.0857  1.3892
883.7870  39.6593  26.4687  9.5039  0.0859  1.3844
883.8143  54.6762  8.5208  9.5064  0.0859  1.4048
883.8052  69.7270  26.5132  9.5067  0.0856  1.4041
883.7876  84.5520  8.4787  9.5073  0.0856  1.4035
884.0198  99.6788  26.4751  9.5003  0.0830  1.3844
883.8542  -5.2967  8.4970  9.5026  0.0853  1.4090
883.8097  9.6549  26.5017  9.4974  0.0858  1.4128
883.8239  24.6583  8.4887  9.5027  0.0857  1.3893
883.7868  46.6405  26.4681  9.5039  0.0860  1.3842
883.8119  61.6575  8.5213  9.5064  0.0858  1.4048
883.8027  76.7093  26.5134  9.5068  0.0857  1.4040
883.7885  91.5314  8.4783  9.5073  0.0853  1.4035
884.0171  106.6603  26.4746  9.5003  0.0844  1.3844
883.8549  1.6853  8.4969  9.5026  0.0853  1.4090
883.8090  16.6362  26.5017  9.4974  0.0858  1.4127
883.8245  31.6395  8.4885  9.5027  0.0857  1.3895
883.7856  53.6218  26.4676  9.5040  0.0859  1.3840
883.8132  68.6387  8.5218  9.5065  0.0857  1.4047
883.8047  83.6915  26.5136  9.5068  0.0859  1.4040
883.7875  98.5109  8.4780  9.5073  0.0854  1.4035
884.0201  113.6417  26.4742  9.5004  0.0837  1.3845
883.8546  8.6674  8.4968  9.5026  0.0853  1.4091
883.8100  23.6176  26.5017  9.4975  0.0858  1.4127
883.8246  38.6207  8.4883  9.5027  0.0856  1.3896
883.7866  60.6030  26.4670  9.5040  0.0860  1.3839
883.8141  75.6199  8.5223  9.5065  0.0856  1.4047
883.8042  90.6736  26.5139  9.5068  0.0855  1.4041
883.7882  105.4903  8.4776  9.5073  0.0857  1.4035
884.0175  120.6230  26.4737  9.5004  0.0837  1.3846
883.8535  15.6494  8.4967  9.5027  0.0853  1.4090
883.8088  30.5989  26.5018  9.4975  0.0858  1.4126
883.8251  45.6019  8.4881  9.5027  0.0857  1.3897
883.7843  67.5842  26.4664  9.5040  0.0863  1.3837
883.8134  82.6011  8.5228  9.5066  0.0849  1.4048
883.8031  97.6557  26.5141  9.5069  0.0846  1.4041
883.7868  112.4698  8.4773  9.5073  0.0852  1.4034
884.0209  7.6045  26.4732  9.5004  0.0839  1.3843
883.8533  22.6315  8.4966  9.5027  0.0853  1.4090
883.8098  37.5803  26.5018  9.4976  0.0859  1.4126
883.8235  52.5831  8.4880  9.5028  0.0859  1.3898
883.7839  74.5654  26.4658  9.5040  0.0862  1.3836
883.8132  89.5825  8.5233  9.5067  0.0861  1.4049
883.8059  104.6380  26.5143  9.5069  0.0850  1.4041
883.7874  119.4492  8.4769  9.5073  0.0848  1.4033
884.0205  14.5860  26.4728  9.5004  0.0840  1.3844
883.8539  29.6135  8.4965  9.5027  0.0852  1.4090
883.8088  44.5616  26.5018  9.4976  0.0858  1.4125
883.8237  59.5642  8.4878  9.5028  0.0855  1.3900
883.7866  81.5465  26.4652  9.5040  0.0858  1.3834
883.8126  96.5637  8.5238  9.5067  0.0856  1.4051
883.8073  111.6202  26.5145  9.5070  0.0855  1.4042
883.7889  6.4287  8.4765  9.5073  0.0853  1.4030
884.0190  21.5675  26.4723  9.5004  0.0840  1.3845
883.8537  36.5955  8.4964  9.5027  0.0852  1.4089
883.8097  51.5429  26.5018  9.4977  0.0856  1.4125
883.8235  66.5454  8.4876  9.5028  0.0857  1.3900
883.7854  88.5278  26.4647  9.5040  0.0860  1.3834
883.8130  103.5449  8.5243  9.5068  0.0852  1.4053
883.8054  -1.3976  26.5147  9.5070  0.0856  1.4041
883.7889  13.4083  8.4762  9.5073  0.0853  1.4029
884.0209  28.5489  26.4718  9.5004  0.0840  1.3846
883.8539  43.5776  8.4963  9.5027  0.0852  1.4088
883.8083  58.5243  26.5019  9.4977  0.0858  1.4124
883.8237  73.5265  8.4874  9.5028  0.0856  1.3902
883.7858  95.5088  26.4641  9.5040  0.0859  1.3833
883.8116  110.5263  8.5248  9.5069  0.0861  1.4055
883.8053  5.5847  26.5150  9.5070  0.0855  1.4040
883.7883  20.3879  8.4758  9.5073  0.0853  1.4027
884.0200  35.5303  26.4713  9.5004  0.0839  1.3847
883.8527  50.5597  8.4962  9.5027  0.0854  1.4087
883.8073  65.5056  26.5019  9.4978  0.0857  1.4123
883.8232  80.5077  8.4873  9.5028  0.0861  1.3903
883.7870  102.4900  26.4635  9.5041  0.0857  1.3833
883.8118  117.5074  8.5253  9.5069  0.0855  1.4057
883.8046  12.5669  26.5152  9.5070  0.0856  1.4040
883.7885  27.3674  8.4754  9.5073  0.0853  1.4027
884.0203  42.5118  26.4708  9.5004  0.0841  1.3848
883.8533  57.5417  8.4961  9.5028  0.0854  1.4086
883.8078  72.4870  26.5019  9.4978  0.0859  1.4123
883.8236  87.4888  8.4871  9.5028  0.0859  1.3904
883.7852  109.4711  26.4629  9.5041  0.0851  1.3831
883.8141  4.4887  8.5258  9.5070  0.0857  1.4058
883.8035  19.5491  26.5154  9.5071  0.0856  1.4040
883.7895  34.3470  8.4751  9.5073  0.0853  1.4026
884.0197  49.4933  26.4704  9.5004  0.0840  1.3850
883.8541  64.5236  8.4960  9.5028  0.0853  1.4085
883.8073  79.4682  26.5019  9.4979  0.0857  1.4122
883.8242  94.4699  8.4869  9.5028  0.0854  1.3903
883.7828  116.4524  26.4623  9.5041  0.0854  1.3831
883.8127  11.4699  8.5263  9.5070  0.0857  1.4060
883.8032  26.5313  26.5156  9.5071  0.0856  1.4040
883.7880  41.3266  8.4747  9.5073  0.0854  1.4024
884.0194  56.4746  26.4699  9.5004  0.0840  1.3852
883.8557  71.5056  8.4959  9.5028  0.0847  1.4084
883.8068  86.4496  26.5019  9.4979  0.0857  1.4121
883.8232  101.4510  8.4868  9.5029  0.0857  1.3904
883.7849  3.4336  26.4617  9.5041  0.0859  1.3832
883.8120  18.4512  8.5268  9.5071  0.0857  1.4061
883.8032  33.5135  26.5159  9.5071  0.0856  1.4040
883.7872  48.3062  8.4743  9.5074  0.0855  1.4023
884.0178  63.4560  26.4694  9.5004  0.0841  1.3853
883.8545  78.4877  8.4959  9.5028  0.0851  1.4082
883.8076  93.4310  26.5019  9.4980  0.0869  1.4120
883.8220  108.4322  8.4866  9.5029  0.0862  1.3904
883.7832  10.4149  26.4612  9.5041  0.0858  1.3834
883.8129  25.4325  8.5273  9.5071  0.0857  1.4062
883.8041  40.4957  26.5161  9.5072  0.0856  1.4039
883.7875  55.2858  8.4739  9.5074  0.0852  1.4022
884.0173  70.4372  26.4690  9.5004  0.0833  1.3856
883.8551  85.4696  8.4958  9.5028  0.0850  1.4080
883.8068  100.4122  26.5019  9.4980  0.0857  1.4119
883.8222  115.4134  8.4864  9.5029  0.0860  1.3904
883.7841  17.3961  26.4605  9.5041  0.0859  1.3834
883.8124  32.4137  8.5279  9.5072  0.0856  1.4062
883.8018  47.4778  26.5163  9.5072  0.0855  1.4039
883.7849  62.2655  8.4736  9.5074  0.0853  1.4021
884.0181  77.4186  26.4685  9.5004  0.0836  1.3857
883.8544  92.4516  8.4957  9.5029  0.0850  1.4078
883.8049  107.3935  26.5020  9.4981  0.0861  1.4118
883.8213  122.3945  8.4863  9.5029  0.0867  1.3903
883.7839  24.3774  26.4599  9.5041  0.0858  1.3835
883.8109  39.3950  8.5284  9.5072  0.0857  1.4063
883.8019  54.4600  26.5165  9.5072  0.0856  1.4039
883.7845  69.2451  8.4732  9.5074  0.0858  1.4022
884.0168  84.3999  26.4681  9.5004  0.0836  1.3858
883.8540  99.4337  8.4956  9.5029  0.0850  1.4076
883.8044  114.3749  26.5020  9.4981  0.0865  1.4117
883.8221  9.3756  8.4861  9.5029  0.0857  1.3907
883.7826  31.3587  26.4593  9.5041  0.0860  1.3835
883.8105  46.3763  8.5289  9.5073  0.0858  1.4063
883.8014  61.4421  26.5167  9.5073  0.0856  1.4039
883.7844  76.2246  8.4728  9.5074  0.0853  1.4022
884.0150  91.3813  26.4676  9.5004  0.0842  1.3857
883.8555  106.4157  8.4955  9.5029  0.0851  1.4075
883.8074  1.3561  26.5020  9.4982  0.0858  1.4120
883.8207  16.3568  8.4860  9.5029  0.0857  1.3907
883.7822  38.3399  26.4587  9.5041  0.0858  1.3836
883.8112  53.3574  8.5294  9.5074  0.0856  1.4064
883.8005  68.4243  26.5169  9.5073  0.0858  1.4041
883.7846  83.2042  8.4724  9.5074  0.0857  1.4021
884.0146  98.3624  26.4671  9.5004  0.0834  1.3858
883.8549  113.3976  8.4955  9.5029  0.0843  1.4074
883.8055  8.3375  26.5020  9.4982  0.0858  1.4120
883.8214  23.3380  8.4858  9.5029  0.0857  1.3908
883.7815  45.3211  26.4580  9.5041  0.0858  1.3836
883.8100  60.3386  8.5299  9.5074  0.0857  1.4065
883.8022  75.4064  26.5171  9.5073  0.0854  1.4042
883.7849  90.1838  8.4720  9.5074  0.0853  1.4020
884.0168  105.3439  26.4666  9.5005  0.0844  1.3857
883.8552  0.3798  8.4954  9.5029  0.0853  1.4073
883.8051  15.3189  26.5020  9.4983  0.0858  1.4120
883.8207  30.3192  8.4856  9.5029  0.0856  1.3908
883.7817  52.3023  26.4574  9.5041  0.0858  1.3836
883.8093  67.3199  8.5305  9.5075  0.0859  1.4066
883.8032  82.3885  26.5173  9.5073  0.0852  1.4042
883.7855  97.1632  8.4717  9.5073  0.0845  1.4020
884.0132  112.3252  26.4662  9.5005  0.0843  1.3857
883.8552  7.3619  8.4953  9.5030  0.0853  1.4071
883.8056  22.3002  26.5020  9.4983  0.0858  1.4120
883.8212  37.3004  8.4854  9.5029  0.0857  1.3908
883.7819  59.2836  26.4567  9.5041  0.0860  1.3836
883.8100  74.3010  8.5310  9.5075  0.0859  1.4067
883.8039  89.3706  26.5175  9.5074  0.0853  1.4043
883.7845  104.1430  8.4713  9.5073  0.0851  1.4019
884.0188  119.3062  26.4657  9.5005  0.0836  1.3857
883.8544  14.3439  8.4953  9.5030  0.0853  1.4071
883.8040  29.2816  26.5021  9.4984  0.0858  1.4119
883.8212  44.2815  8.4853  9.5030  0.0857  1.3908
883.7792  66.2649  26.4562  9.5041  0.0863  1.3837
883.8094  81.2823  8.5315  9.5076  0.0856  1.4068
883.8038  96.3529  26.5177  9.5074  0.0859  1.4044
883.7851  111.1226  8.4709  9.5073  0.0844  1.4018
884.0178  6.2876  26.4652  9.5005  0.0839  1.3856
883.8537  21.3260  8.4952  9.5030  0.0853  1.4070
883.8037  36.2630  26.5021  9.4984  0.0858  1.4119
883.8202  51.2628  8.4851  9.5030  0.0859  1.3908
883.7805  73.2460  26.4555  9.5041  0.0858  1.3836
883.8093  88.2634  8.5320  9.5076  0.0858  1.4068
883.8022  103.3348  26.5178  9.5074  0.0849  1.4044
883.7861  118.1020  8.4705  9.5073  0.0838  1.4017
884.0178  13.2690  26.4648  9.5005  0.0839  1.3856
883.8530  28.3081  8.4952  9.5030  0.0853  1.4070
883.8032  43.2443  26.5021  9.4985  0.0857  1.4119
883.8203  58.2438  8.4849  9.5030  0.0856  1.3908
883.7797  80.2272  26.4549  9.5041  0.0857  1.3835
883.8086  95.2447  8.5326  9.5077  0.0861  1.4068
883.8036  110.3170  26.5181  9.5075  0.0850  1.4045
883.7863  5.0819  8.4701  9.5073  0.0853  1.4012
884.0175  20.2503  26.4643  9.5005  0.0839  1.3855
883.8538  35.2901  8.4951  9.5031  0.0852  1.4070
883.8036  50.2257  26.5021  9.4985  0.0858  1.4120
883.8193  65.2251  8.4847  9.5030  0.0858  1.3905
883.7770  87.2085  26.4542  9.5041  0.0864  1.3835
883.8087  102.2258  8.5331  9.5077  0.0857  1.4069
883.8008  117.2991  26.5182  9.5075  0.0860  1.4047
883.7875  12.0616  8.4698  9.5073  0.0853  1.4010
884.0172  27.2316  26.4638  9.5005  0.0839  1.3855
883.8535  42.2722  8.4950  9.5031  0.0854  1.4071
883.8036  57.2070  26.5021  9.4986  0.0858  1.4121
883.8199  72.2061  8.4846  9.5030  0.0855  1.3905
883.7783  94.1897  26.4536  9.5041  0.0867  1.3835
883.8087  109.2071  8.5336  9.5078  0.0855  1.4069
883.8013  4.2813  26.5184  9.5075  0.0855  1.4048
883.7878  19.0413  8.4694  9.5073  0.0853  1.4008
884.0165  34.2129  26.4634  9.5005  0.0839  1.3854
883.8542  49.2542  8.4950  9.5031  0.0854  1.4072
883.8034  64.1883  26.5021  9.4986  0.0857  1.4120
883.8205  79.1872  8.4844  9.5031  0.0857  1.3904
883.7788  101.1707  26.4529  9.5041  0.0853  1.3835
883.8086  116.1881  8.5341  9.5078  0.0847  1.4070
883.8003  11.2634  26.5186  9.5076  0.0855  1.4049
883.7885  26.0210  8.4690  9.5073  0.0853  1.4006
884.0172  41.1942  26.4629  9.5005  0.0839  1.3853
883.8544  56.2362  8.4949  9.5031  0.0851  1.4072
883.8027  71.1697  26.5021  9.4986  0.0861  1.4120
883.8200  86.1684  8.4842  9.5031  0.0862  1.3905
883.7792  108.1520  26.4523  9.5041  0.0855  1.3835
883.8112  3.1695  8.5346  9.5079  0.0857  1.4067
883.8007  18.2455  26.5188  9.5076  0.0855  1.4051
883.7867  33.0008  8.4686  9.5073  0.0854  1.4004
884.0182  48.1755  26.4624  9.5005  0.0839  1.3852
883.8551  63.2181  8.4949  9.5031  0.0850  1.4073
883.8030  78.1509  26.5021  9.4987  0.0853  1.4120
883.8200  93.1493  8.4841  9.5031  0.0851  1.3905
883.7804  115.1333  26.4516  9.5041  0.0864  1.3835
883.8100  10.1507  8.5352  9.5079  0.0857  1.4068
883.8005  25.2276  26.5190  9.5076  0.0854  1.4052
883.7886  39.9805  8.4682  9.5073  0.0853  1.4002
884.0187  55.1568  26.4620  9.5005  0.0839  1.3852
883.8552  70.2002  8.4948  9.5032  0.0847  1.4074
883.8024  85.1324  26.5022  9.4987  0.0860  1.4120
883.8209  100.1304  8.4839  9.5031  0.0855  1.3905
883.7798  122.1144  26.4510  9.5041  0.0860  1.3834
883.8098  17.1320  8.5357  9.5080  0.0857  1.4068
883.8007  32.2097  26.5191  9.5076  0.0854  1.4054
883.7885  46.9602  8.4679  9.5073  0.0854  1.4001
884.0188  62.1382  26.4615  9.5005  0.0842  1.3852
883.8552  77.1824  8.4948  9.5032  0.0853  1.4075
883.8016  92.1135  26.5021  9.4987  0.0857  1.4119
883.8190  107.1115  8.4838  9.5031  0.0853  1.3906
883.7807  9.0956  26.4503  9.5041  0.0859  1.3837
883.8112  24.1132  8.5362  9.5080  0.0857  1.4068
883.8019  39.1918  26.5193  9.5076  0.0854  1.4054
883.7889  53.9400  8.4675  9.5072  0.0855  1.4000
884.0178  69.1193  26.4610  9.5005  0.0840  1.3855
883.8578  84.1644  8.4947  9.5032  0.0856  1.4074
883.8029  99.0948  26.5022  9.4988  0.0855  1.4120
883.8203  114.0927  8.4836  9.5031  0.0860  1.3905
883.7808  16.0769  26.4496  9.5041  0.0859  1.3838
883.8097  31.0945  8.5368  9.5080  0.0857  1.4068
883.8012  46.1740  26.5195  9.5077  0.0856  1.4056
883.7885  60.9197  8.4671  9.5072  0.0853  1.3998
884.0192  76.1005  26.4605  9.5005  0.0837  1.3855
883.8563  91.1465  8.4946  9.5033  0.0857  1.4073
883.8034  106.0761  26.5022  9.4988  0.0848  1.4120
883.8210  121.0738  8.4834  9.5032  0.0861  1.3905
883.7819  23.0581  26.4489  9.5041  0.0859  1.3837
883.8093  38.0757  8.5373  9.5081  0.0859  1.4068
883.8002  53.1561  26.5197  9.5077  0.0854  1.4057
883.7882  67.8994  8.4667  9.5072  0.0853  1.3999
884.0168  83.0817  26.4601  9.5005  0.0837  1.3855
883.8584  98.1285  8.4946  9.5033  0.0864  1.4073
883.8054  113.0575  26.5022  9.4989  0.0862  1.4121
883.8215  8.0549  8.4833  9.5032  0.0857  1.3904
883.7812  30.0394  26.4483  9.5041  0.0859  1.3837
883.8096  45.0570  8.5378  9.5081  0.0859  1.4068
883.8008  60.1382  26.5199  9.5077  0.0856  1.4058
883.7877  74.8791  8.4663  9.5072  0.0853  1.3998
884.0183  90.0629  26.4596  9.5006  0.0841  1.3854
883.8593  105.1104  8.4945  9.5033  0.0858  1.4072
883.8044  0.0389  26.5022  9.4989  0.0858  1.4121
883.8217  15.0360  8.4831  9.5032  0.0857  1.3904
883.7827  37.0206  26.4476  9.5041  0.0858  1.3836
883.8098  52.0381  8.5384  9.5081  0.0858  1.4068
883.8027  67.1202  26.5200  9.5077  0.0857  1.4059
883.7888  81.8587  8.4659  9.5072  0.0851  1.3998
884.0181  97.0441  26.4591  9.5006  0.0839  1.3853
883.8586  112.0925  8.4945  9.5033  0.0852  1.4073
883.8040  7.0203  26.5023  9.4990  0.0858  1.4122
883.8210  22.0172  8.4830  9.5032  0.0857  1.3904
883.7810  44.0019  26.4469  9.5041  0.0860  1.3836
883.8104  59.0194  8.5389  9.5082  0.0856  1.4069
883.8007  74.1023  26.5202  9.5078  0.0856  1.4059
883.7878  88.8385  8.4655  9.5071  0.0852  1.3999
884.0199  104.0251  26.4586  9.5006  0.0826  1.3852
883.8594  -0.9255  8.4945  9.5034  0.0853  1.4074
883.8029  14.0016  26.5023  9.4990  0.0858  1.4122
883.8213  28.9983  8.4828  9.5032  0.0856  1.3903
883.7819  50.9832  26.4463  9.5041  0.0858  1.3836
883.8090  66.0005  8.5394  9.5082  0.0856  1.4070
883.8022  81.0844  26.5204  9.5078  0.0853  1.4059
883.7888  95.8182  8.4651  9.5071  0.0849  1.3999
884.0182  111.0065  26.4582  9.5006  0.0844  1.3852
883.8597  6.0566  8.4944  9.5034  0.0853  1.4076
883.8044  20.9830  26.5023  9.4990  0.0858  1.4122
883.8212  35.9795  8.4827  9.5032  0.0858  1.3903
883.7812  57.9644  26.4456  9.5041  0.0858  1.3836
883.8098  72.9818  8.5400  9.5082  0.0859  1.4069
883.8007  88.0664  26.5205  9.5078  0.0847  1.4060
883.7888  102.7980  8.4647  9.5071  0.0859  1.3999
884.0203  117.9874  26.4577  9.5006  0.0833  1.3852
883.8588  13.0387  8.4944  9.5034  0.0853  1.4077
883.8037  27.9644  26.5023  9.4991  0.0858  1.4121
883.8208  42.9606  8.4825  9.5032  0.0858  1.3902
883.7812  64.9456  26.4449  9.5040  0.0860  1.3835
883.8100  79.9630  8.5405  9.5083  0.0855  1.4071
883.8029  95.0485  26.5207  9.5078  0.0859  1.4062
883.7890  109.7776  8.4643  9.5071  0.0849  1.3999
884.0200  4.9688  26.4572  9.5006  0.0840  1.3848
883.8596  20.0207  8.4943  9.5034  0.0853  1.4077
883.8044  34.9457  26.5023  9.4991  0.0857  1.4120
883.8212  49.9417  8.4823  9.5033  0.0857  1.3900
883.7827  71.9268  26.4442  9.5040  0.0858  1.3833
883.8102  86.9442  8.5410  9.5083  0.0860  1.4070
883.8027  102.0305  26.5208  9.5079  0.0848  1.4063
883.7892  116.7574  8.4639  9.5070  0.0851  1.3999
884.0198  11.9500  26.4568  9.5006  0.0839  1.3848
883.8605  27.0028  8.4943  9.5035  0.0852  1.4078
883.8049  41.9272  26.5023  9.4992  0.0859  1.4119
883.8220  56.9228  8.4822  9.5033  0.0857  1.3900
883.7809  78.9081  26.4435  9.5040  0.0861  1.3832
883.8105  93.9253  8.5416  9.5083  0.0857  1.4070
883.8025  109.0126  26.5210  9.5079  0.0850  1.4064
883.7898  123.7371  8.4635  9.5070  0.0857  1.3999
884.0204  18.9312  26.4563  9.5006  0.0839  1.3848
883.8604  33.9848  8.4943  9.5035  0.0852  1.4079
883.8056  48.9085  26.5023  9.4992  0.0859  1.4118
883.8210  63.9040  8.4820  9.5033  0.0857  1.3899
883.7820  85.8892  26.4428  9.5040  0.0861  1.3832
883.8105  100.9065  8.5421  9.5084  0.0852  1.4069
883.8043  115.9948  26.5211  9.5079  0.0869  1.4064
883.7922  10.7169  8.4631  9.5070  0.0853  1.4000
884.0216  25.9124  26.4558  9.5006  0.0839  1.3848
883.8611  40.9669  8.4942  9.5035  0.0852  1.4079
883.8065  55.8898  26.5023  9.4992  0.0858  1.4118
883.8218  70.8851  8.4818  9.5033  0.0858  1.3898
883.7831  92.8705  26.4421  9.5040  0.0865  1.3831
883.8108  107.8877  8.5426  9.5084  0.0853  1.4070
883.8047  2.9768  26.5213  9.5079  0.0854  1.4066
883.7924  17.6967  8.4627  9.5070  0.0853  1.4000
884.0214  32.8936  26.4554  9.5006  0.0838  1.3848
883.8612  47.9489  8.4942  9.5036  0.0852  1.4079
883.8047  62.8712  26.5024  9.4993  0.0855  1.4116
883.8228  77.8661  8.4817  9.5033  0.0855  1.3897
883.7814  99.8517  26.4414  9.5040  0.0862  1.3831
883.8105  114.8689  8.5432  9.5084  0.0858  1.4070
883.8048  9.9589  26.5214  9.5080  0.0855  1.4068
883.7914  24.6765  8.4624  9.5070  0.0854  1.4001
884.0211  39.8749  26.4549  9.5006  0.0839  1.3847
883.8615  54.9310  8.4942  9.5036  0.0853  1.4079
883.8051  69.8525  26.5024  9.4993  0.0856  1.4116
883.8243  84.8472  8.4815  9.5034  0.0855  1.3895
883.7842  106.8329  26.4407  9.5040  0.0870  1.3831
883.8135  1.8502  8.5437  9.5084  0.0857  1.4067
883.8051  16.9409  26.5216  9.5080  0.0854  1.4069
883.7927  31.6563  8.4619  9.5069  0.0854  1.4002
884.0210  46.8561  26.4544  9.5006  0.0838  1.3846
883.8621  61.9131  8.4941  9.5036  0.0853  1.4080
883.8057  76.8338  26.5024  9.4993  0.0856  1.4115
883.8237  91.8283  8.4814  9.5034  0.0856  1.3895
883.7807  113.8142  26.4400  9.5040  0.0872  1.3830
883.8112  8.8314  8.5442  9.5084  0.0857  1.4067
883.8049  23.9230  26.5217  9.5080  0.0855  1.4069
883.7919  38.6361  8.4616  9.5069  0.0854  1.4002
884.0214  53.8373  26.4539  9.5006  0.0842  1.3846
883.8640  68.8951  8.4941  9.5037  0.0850  1.4080
883.8071  83.8152  26.5024  9.4993  0.0864  1.4114
883.8234  98.8094  8.4813  9.5034  0.0856  1.3894
883.7831  120.7953  26.4392  9.5040  0.0875  1.3830
883.8110  15.8127  8.5447  9.5084  0.0857  1.4067
883.8048  30.9051  26.5218  9.5080  0.0855  1.4070
883.7920  45.6159  8.4612  9.5069  0.0853  1.4003
884.0219  60.8184  26.4534  9.5006  0.0838  1.3847
883.8649  75.8772  8.4940  9.5037  0.0855  1.4079
883.8044  90.7966  26.5024  9.4994  0.0864  1.4115
883.8232  105.7906  8.4811  9.5034  0.0859  1.3893
883.7836  7.7765  26.4385  9.5039  0.0859  1.3830
883.8110  22.7939  8.5453  9.5084  0.0857  1.4067
883.8055  37.8871  26.5220  9.5081  0.0853  1.4071
883.7921  52.5958  8.4608  9.5069  0.0855  1.4004
884.0219  67.7996  26.4530  9.5006  0.0840  1.3847
883.8649  82.8593  8.4940  9.5037  0.0859  1.4079
883.8075  97.7778  26.5024  9.4994  0.0861  1.4113
883.8237  112.7715  8.4810  9.5034  0.0854  1.3892
883.7836  14.7577  26.4378  9.5039  0.0859  1.3829
883.8112  29.7752  8.5458  9.5084  0.0857  1.4067
883.8058  44.8691  26.5221  9.5081  0.0855  1.4071
883.7924  59.5755  8.4604  9.5069  0.0853  1.4005
884.0208  74.7807  26.4525  9.5006  0.0842  1.3847
883.8666  89.8412  8.4940  9.5038  0.0854  1.4079
883.8049  104.7593  26.5024  9.4994  0.0871  1.4113
883.8234  119.7528  8.4808  9.5035  0.0866  1.3890
883.7836  21.7390  26.4371  9.5039  0.0859  1.3828
883.8114  36.7564  8.5464  9.5084  0.0857  1.4066
883.8073  51.8512  26.5222  9.5081  0.0856  1.4072
883.7907  66.5552  8.4600  9.5068  0.0852  1.4006
884.0233  81.7618  26.4520  9.5007  0.0842  1.3846
883.8658  96.8232  8.4940  9.5038  0.0846  1.4078
883.8068  111.7404  26.5024  9.4994  0.0858  1.4112
883.8239  6.7338  8.4807  9.5035  0.0857  1.3890
883.7841  28.7203  26.4364  9.5039  0.0859  1.3827
883.8118  43.7376  8.5469  9.5084  0.0856  1.4066
883.8057  58.8331  26.5224  9.5081  0.0852  1.4073
883.7897  73.5351  8.4596  9.5068  0.0858  1.4006
884.0225  88.7429  26.4515  9.5007  0.0841  1.3847
883.8676  103.8054  8.4939  9.5039  0.0853  1.4078
883.8044  118.7218  26.5025  9.4995  0.0861  1.4111
883.8237  13.7150  8.4805  9.5035  0.0857  1.3890
883.7849  35.7015  26.4356  9.5039  0.0858  1.3825
883.8112  50.7189  8.5475  9.5084  0.0857  1.4066
883.8062  65.8152  26.5225  9.5081  0.0855  1.4072
883.7892  80.5149  8.4592  9.5068  0.0853  1.4006
884.0204  95.7239  26.4511  9.5007  0.0835  1.3848
883.8683  110.7874  8.4939  9.5039  0.0855  1.4078
883.8061  5.7032  26.5025  9.4995  0.0858  1.4112
883.8239  20.6961  8.4804  9.5035  0.0857  1.3890
883.7839  42.6828  26.4348  9.5039  0.0859  1.3824
883.8105  57.7002  8.5480  9.5084  0.0859  1.4067
883.8052  72.7972  26.5227  9.5082  0.0856  1.4072
883.7907  87.4946  8.4588  9.5067  0.0853  1.4005
884.0237  102.7050  26.4506  9.5007  0.0834  1.3849
883.8691  -2.2306  8.4939  9.5039  0.0852  1.4076
883.8074  12.6846  26.5024  9.4995  0.0859  1.4111
883.8234  27.6773  8.4803  9.5035  0.0857  1.3890
883.7820  49.6641  26.4341  9.5038  0.0860  1.3823
883.8097  64.6813  8.5486  9.5084  0.0852  1.4068
883.8083  79.7792  26.5228  9.5082  0.0858  1.4073
883.7882  94.4746  8.4584  9.5067  0.0859  1.4004
884.0233  109.6863  26.4501  9.5007  0.0847  1.3849
883.8678  4.7515  8.4939  9.5040  0.0852  1.4077
883.8068  19.6660  26.5025  9.4996  0.0858  1.4110
883.8253  34.6584  8.4801  9.5035  0.0856  1.3891
883.7839  56.6453  26.4333  9.5038  0.0860  1.3822
883.8101  71.6626  8.5491  9.5084  0.0857  1.4067
883.8098  86.7612  26.5229  9.5082  0.0859  1.4073
883.7883  101.4543  8.4579  9.5067  0.0854  1.4004
884.0233  116.6672  26.4496  9.5007  0.0836  1.3851
883.8674  11.7336  8.4939  9.5040  0.0852  1.4077
883.8064  26.6474  26.5025  9.4996  0.0859  1.4110
883.8242  41.6396  8.4800  9.5035  0.0858  1.3891
883.7805  63.6266  26.4326  9.5038  0.0858  1.3820
883.8118  78.6438  8.5497  9.5084  0.0859  1.4066
883.8105  93.7432  26.5231  9.5083  0.0861  1.4074
883.7896  108.4341  8.4575  9.5066  0.0857  1.4004
884.0244  3.6483  26.4491  9.5007  0.0839  1.3849
883.8685  18.7157  8.4939  9.5040  0.0852  1.4075
883.8077  33.6288  26.5025  9.4996  0.0858  1.4108
883.8243  48.6208  8.4798  9.5035  0.0860  1.3892
883.7822  70.6078  26.4318  9.5038  0.0859  1.3817
883.8104  85.6252  8.5502  9.5084  0.0866  1.4066
883.8068  100.7251  26.5232  9.5083  0.0852  1.4074
883.7892  115.4139  8.4571  9.5066  0.0857  1.4004
884.0233  10.6295  26.4487  9.5007  0.0839  1.3850
883.8690  25.6978  8.4938  9.5041  0.0852  1.4074
883.8058  40.6102  26.5025  9.4996  0.0858  1.4107
883.8239  55.6019  8.4797  9.5035  0.0857  1.3893
883.7812  77.5890  26.4311  9.5038  0.0857  1.3816
883.8114  92.6063  8.5508  9.5084  0.0857  1.4066
883.8095  107.7070  26.5233  9.5083  0.0847  1.4074
883.7892  122.3937  8.4567  9.5066  0.0847  1.4004
884.0232  17.6106  26.4482  9.5007  0.0839  1.3851
883.8683  32.6799  8.4938  9.5041  0.0852  1.4073
883.8060  47.5916  26.5025  9.4997  0.0858  1.4107
883.8236  62.5830  8.4796  9.5036  0.0858  1.3893
883.7824  84.5703  26.4303  9.5038  0.0862  1.3816
883.8104  99.5876  8.5514  9.5084  0.0859  1.4067
883.8119  114.6892  26.5234  9.5083  0.0868  1.4075
883.7902  9.3736  8.4563  9.5066  0.0854  1.4004
884.0227  24.5918  26.4477  9.5007  0.0839  1.3852
883.8693  39.6619  8.4938  9.5041  0.0852  1.4071
883.8057  54.5730  26.5025  9.4997  0.0860  1.4107
883.8242  69.5641  8.4794  9.5036  0.0853  1.3894
883.7829  91.5514  26.4295  9.5037  0.0855  1.3815
883.8114  106.5687  8.5519  9.5084  0.0852  1.4067
883.8098  1.6711  26.5236  9.5084  0.0854  1.4075
883.7894  16.3535  8.4559  9.5066  0.0854  1.4004
884.0226  31.5729  26.4472  9.5007  0.0839  1.3853
883.8679  46.6441  8.4938  9.5042  0.0853  1.4070
883.8058  61.5544  26.5025  9.4997  0.0857  1.4106
883.8248  76.5451  8.4793  9.5036  0.0856  1.3894
883.7831  98.5326  26.4288  9.5037  0.0854  1.3815
883.8105  113.5501  8.5524  9.5084  0.0854  1.4067
883.8086  8.6530  26.5237  9.5084  0.0854  1.4075
883.7895  23.3334  8.4556  9.5065  0.0854  1.4003
884.0223  38.5540  26.4468  9.5007  0.0838  1.3854
883.8693  53.6261  8.4938  9.5042  0.0852  1.4068
883.8056  68.5357  26.5025  9.4997  0.0857  1.4105
883.8232  83.5263  8.4792  9.5036  0.0854  1.3894
883.7822  105.5137  26.4280  9.5037  0.0850  1.3814
883.8121  0.5314  8.5530  9.5083  0.0858  1.4065
883.8076  15.6350  26.5238  9.5084  0.0855  1.4075
883.7893  30.3132  8.4551  9.5065  0.0853  1.4003
884.0214  45.5352  26.4463  9.5007  0.0840  1.3856
883.8689  60.6082  8.4938  9.5043  0.0851  1.4067
883.8055  75.5171  26.5025  9.4997  0.0854  1.4104
883.8232  90.5075  8.4790  9.5036  0.0856  1.3894
883.7832  112.4953  26.4272  9.5037  0.0867  1.3814
883.8115  7.5128  8.5536  9.5083  0.0857  1.4065
883.8086  22.6170  26.5239  9.5085  0.0855  1.4076
883.7890  37.2932  8.4548  9.5065  0.0854  1.4003
884.0226  52.5163  26.4458  9.5007  0.0838  1.3858
883.8698  67.5903  8.4938  9.5043  0.0851  1.4065
883.8037  82.4985  26.5025  9.4997  0.0861  1.4105
883.8224  97.4886  8.4789  9.5036  0.0858  1.3895
883.7811  119.4764  26.4264  9.5037  0.0862  1.3813
883.8112  14.4941  8.5541  9.5083  0.0858  1.4065
883.8085  29.5989  26.5240  9.5085  0.0854  1.4075
883.7886  44.2731  8.4544  9.5065  0.0853  1.4003
884.0216  59.4974  26.4454  9.5008  0.0841  1.3859
883.8703  74.5724  8.4938  9.5043  0.0855  1.4064
883.8051  89.4798  26.5025  9.4997  0.0855  1.4105
883.8231  104.4698  8.4788  9.5037  0.0862  1.3895
883.7826  6.4576  26.4257  9.5037  0.0859  1.3813
883.8109  21.4755  8.5547  9.5083  0.0858  1.4065
883.8088  36.5808  26.5241  9.5085  0.0854  1.4076
883.7896  51.2529  8.4539  9.5065  0.0855  1.4002
884.0205  66.4785  26.4449  9.5008  0.0839  1.3862
883.8721  81.5544  8.4938  9.5044  0.0853  1.4061
883.8054  96.4613  26.5025  9.4997  0.0865  1.4104
883.8237  111.4508  8.4787  9.5037  0.0860  1.3895
883.7822  13.4389  26.4249  9.5036  0.0859  1.3813
883.8114  28.4568  8.5553  9.5082  0.0857  1.4065
883.8092  43.5628  26.5242  9.5085  0.0854  1.4076
883.7888  58.2329  8.4535  9.5064  0.0854  1.4002
884.0211  73.4595  26.4444  9.5008  0.0838  1.3864
883.8711  88.5365  8.4938  9.5044  0.0855  1.4059
883.8034  103.4426  26.5026  9.4997  0.0860  1.4104
883.8226  118.4319  8.4785  9.5037  0.0852  1.3895
883.7829  20.4202  26.4240  9.5036  0.0859  1.3813
883.8100  35.4382  8.5559  9.5082  0.0858  1.4066
883.8083  50.5447  26.5243  9.5086  0.0853  1.4076
883.7868  65.2127  8.4531  9.5064  0.0853  1.4003
884.0212  80.4405  26.4439  9.5008  0.0836  1.3864
883.8713  95.5186  8.4938  9.5045  0.0851  1.4056
883.8043  110.4239  26.5026  9.4997  0.0858  1.4104
883.8232  5.4131  8.4784  9.5037  0.0857  1.3896
883.7827  27.4015  26.4233  9.5036  0.0859  1.3813
883.8095  42.4195  8.5564  9.5082  0.0857  1.4066
883.8081  57.5266  26.5244  9.5086  0.0855  1.4076
883.7864  72.1926  8.4527  9.5064  0.0853  1.4002
884.0192  87.4215  26.4434  9.5008  0.0835  1.3864
883.8711  102.5007  8.4938  9.5045  0.0855  1.4055
883.8036  117.4053  26.5026  9.4997  0.0863  1.4104
883.8224  12.3943  8.4783  9.5037  0.0857  1.3896
883.7817  34.3829  26.4225  9.5036  0.0858  1.3813
883.8096  49.4009  8.5570  9.5082  0.0857  1.4068
883.8088  64.5085  26.5245  9.5086  0.0857  1.4075
883.7873  79.1725  8.4523  9.5064  0.0854  1.4003
884.0227  94.4026  26.4430  9.5008  0.0835  1.3864
883.8707  109.4828  8.4938  9.5045  0.0855  1.4053
883.8042  4.3867  26.5026  9.4997  0.0858  1.4104
883.8214  19.3755  8.4782  9.5037  0.0857  1.3896
883.7808  41.3642  26.4217  9.5036  0.0860  1.3813
883.8090  56.3822  8.5576  9.5082  0.0855  1.4069
883.8095  71.4904  26.5246  9.5086  0.0860  1.4075
883.7870  86.1524  8.4519  9.5063  0.0852  1.4001
884.0182  101.3836  26.4425  9.5008  0.0834  1.3864
883.8701  -3.5351  8.4938  9.5046  0.0852  1.4052
883.8032  11.3681  26.5026  9.4997  0.0858  1.4104
883.8215  26.3567  8.4781  9.5037  0.0857  1.3896
883.7806  48.3455  26.4209  9.5035  0.0859  1.3814
883.8080  63.3636  8.5582  9.5082  0.0857  1.4069
883.8073  78.4723  26.5247  9.5087  0.0860  1.4076
883.7877  93.1323  8.4515  9.5063  0.0854  1.4001
884.0187  108.3648  26.4420  9.5009  0.0841  1.3863
883.8694  3.4470  8.4939  9.5046  0.0852  1.4053
883.8042  18.3496  26.5026  9.4997  0.0858  1.4104
883.8217  33.3378  8.4780  9.5037  0.0857  1.3895
883.7819  55.3268  26.4201  9.5035  0.0857  1.3815
883.8080  70.3449  8.5588  9.5082  0.0859  1.4072
883.8075  85.4542  26.5249  9.5087  0.0855  1.4076
883.7866  100.1122  8.4511  9.5063  0.0852  1.4000
884.0184  115.3459  26.4416  9.5009  0.0849  1.3863
883.8684  10.4291  8.4939  9.5046  0.0852  1.4053
883.8037  25.3310  26.5026  9.4997  0.0858  1.4104
883.8212  40.3190  8.4778  9.5037  0.0856  1.3894
883.7791  62.3082  26.4193  9.5035  0.0863  1.3816
883.8080  77.3262  8.5594  9.5082  0.0855  1.4073
883.8066  92.4360  26.5250  9.5087  0.0855  1.4077
883.7865  107.0923  8.4507  9.5063  0.0862  1.4000
884.0208  2.3267  26.4411  9.5009  0.0839  1.3863
883.8687  17.4112  8.4939  9.5046  0.0852  1.4054
883.8019  32.3125  26.5026  9.4997  0.0859  1.4103
883.8204  47.3002  8.4777  9.5037  0.0857  1.3894
883.7783  69.2895  26.4185  9.5035  0.0862  1.3815
883.8079  84.3076  8.5600  9.5081  0.0861  1.4074
883.8070  99.4179  26.5250  9.5087  0.0859  1.4079
883.7863  114.0719  8.4503  9.5062  0.0846  1.4000
884.0195  9.3078  26.4406  9.5009  0.0839  1.3863
883.8673  24.3933  8.4939  9.5047  0.0852  1.4054
883.8030  39.2939  26.5026  9.4997  0.0859  1.4103
883.8201  54.2814  8.4776  9.5037  0.0857  1.3893
883.7788  76.2707  26.4176  9.5034  0.0864  1.3816
883.8073  91.2889  8.5607  9.5081  0.0855  1.4076
883.8066  106.3998  26.5251  9.5088  0.0856  1.4080
883.7875  121.0520  8.4499  9.5062  0.0854  1.3999
884.0190  16.2889  26.4401  9.5009  0.0839  1.3862
883.8669  31.3754  8.4940  9.5047  0.0852  1.4055
883.8025  46.2753  26.5026  9.4997  0.0856  1.4103
883.8188  61.2627  8.4775  9.5037  0.0859  1.3893
883.7802  83.2519  26.4168  9.5034  0.0858  1.3817
883.8083  98.2701  8.5613  9.5081  0.0856  1.4077
883.8081  113.3816  26.5252  9.5088  0.0853  1.4080
883.7894  8.0320  8.4495  9.5062  0.0854  1.3997
884.0203  23.2700  26.4396  9.5008  0.0839  1.3862
883.8676  38.3574  8.4940  9.5047  0.0853  1.4056
883.8016  53.2567  26.5027  9.4997  0.0856  1.4103
883.8187  68.2439  8.4774  9.5037  0.0862  1.3889
883.7798  90.2332  26.4160  9.5034  0.0857  1.3818
883.8066  105.2515  8.5619  9.5081  0.0859  1.4077
883.8075  0.3635  26.5253  9.5088  0.0854  1.4083
883.7900  15.0119  8.4491  9.5062  0.0853  1.3996
884.0200  30.2510  26.4392  9.5009  0.0838  1.3862
883.8671  45.3395  8.4940  9.5047  0.0853  1.4056
883.8008  60.2382  26.5027  9.4997  0.0860  1.4102
883.8200  75.2249  8.4773  9.5037  0.0855  1.3887
883.7788  97.2146  26.4152  9.5034  0.0863  1.3818
883.8080  112.2326  8.5625  9.5081  0.0848  1.4077
883.8064  7.3453  26.5254  9.5088  0.0854  1.4083
883.7902  21.9919  8.4486  9.5062  0.0853  1.3995
884.0184  37.2322  26.4387  9.5009  0.0839  1.3861
883.8669  52.3216  8.4940  9.5048  0.0854  1.4056
883.8017  67.2195  26.5026  9.4997  0.0857  1.4101
883.8201  82.2062  8.4772  9.5038  0.0859  1.3887
883.7758  104.1957  26.4143  9.5034  0.0857  1.3818
883.8064  119.2141  8.5631  9.5081  0.0856  1.4077
883.8051  14.3272  26.5255  9.5088  0.0854  1.4085
883.7906  28.9719  8.4482  9.5062  0.0854  1.3994
884.0199  44.2132  26.4383  9.5009  0.0838  1.3861
883.8669  59.3036  8.4941  9.5048  0.0853  1.4058
883.7997  74.2009  26.5026  9.4997  0.0858  1.4101
883.8205  89.1871  8.4771  9.5037  0.0854  1.3886
883.7797  111.1769  26.4135  9.5034  0.0849  1.3818
883.8071  6.1955  8.5638  9.5081  0.0858  1.4075
883.8060  21.3090  26.5256  9.5088  0.0854  1.4087
883.7910  35.9519  8.4478  9.5061  0.0853  1.3995
884.0197  51.1942  26.4378  9.5009  0.0837  1.3861
883.8668  66.2855  8.4941  9.5048  0.0849  1.4059
883.7999  81.1824  26.5027  9.4997  0.0861  1.4102
883.8197  96.1683  8.4770  9.5038  0.0859  1.3885
883.7759  118.1583  26.4126  9.5033  0.0862  1.3818
883.8079  13.1769  8.5644  9.5081  0.0858  1.4075
883.8051  28.2908  26.5257  9.5089  0.0854  1.4089
883.7910  42.9319  8.4474  9.5061  0.0854  1.3994
884.0197  58.1753  26.4373  9.5009  0.0839  1.3861
883.8677  73.2675  8.4942  9.5048  0.0845  1.4058
883.8000  88.1636  26.5027  9.4997  0.0856  1.4102
883.8210  103.1494  8.4769  9.5038  0.0850  1.3885
883.7802  5.1396  26.4118  9.5033  0.0859  1.3818
883.8070  20.1582  8.5650  9.5081  0.0857  1.4075
883.8047  35.2726  26.5257  9.5089  0.0855  1.4090
883.7919  49.9119  8.4470  9.5061  0.0853  1.3994
884.0187  65.1563  26.4368  9.5009  0.0840  1.3860
883.8674  80.2497  8.4942  9.5049  0.0856  1.4058
883.7996  95.1450  26.5027  9.4997  0.0861  1.4102
883.8206  110.1305  8.4768  9.5038  0.0858  1.3885
883.7793  12.1210  26.4110  9.5033  0.0859  1.3819
883.8063  27.1396  8.5656  9.5081  0.0858  1.4075
883.8043  42.2545  26.5258  9.5089  0.0856  1.4091
883.7915  56.8919  8.4466  9.5061  0.0853  1.3993
884.0200  72.1372  26.4364  9.5009  0.0831  1.3864
883.8674  87.2317  8.4942  9.5049  0.0852  1.4059
883.8005  102.1264  26.5027  9.4997  0.0862  1.4102
883.8210  117.1116  8.4767  9.5038  0.0859  1.3883
883.7799  19.1024  26.4101  9.5033  0.0859  1.3819
883.8068  34.1209  8.5663  9.5081  0.0858  1.4075
883.8049  49.2362  26.5259  9.5089  0.0852  1.4092
883.7910  63.8718  8.4462  9.5061  0.0852  1.3993
884.0209  79.1182  26.4359  9.5009  0.0840  1.3862
883.8669  94.2139  8.4943  9.5049  0.0869  1.4059
883.7988  109.1078  26.5028  9.4997  0.0861  1.4101
883.8208  4.0928  8.4766  9.5038  0.0857  1.3884
883.7792  26.0837  26.4093  9.5033  0.0859  1.3820
883.8070  41.1022  8.5669  9.5081  0.0858  1.4075
883.8041  56.2180  26.5259  9.5089  0.0853  1.4093
883.7910  70.8518  8.4458  9.5061  0.0852  1.3991
884.0198  86.0993  26.4355  9.5009  0.0839  1.3860
883.8690  101.1956  8.4943  9.5049  0.0849  1.4061
883.8021  116.0891  26.5027  9.4997  0.0855  1.4103
883.8217  11.0740  8.4765  9.5037  0.0857  1.3884
883.7795  33.0651  26.4084  9.5032  0.0860  1.3820
883.8064  48.0835  8.5676  9.5081  0.0856  1.4075
883.8039  63.1997  26.5260  9.5089  0.0850  1.4094
883.7913  77.8320  8.4454  9.5061  0.0862  1.3993
884.0214  93.0802  26.4350  9.5009  0.0837  1.3859
883.8674  108.1776  8.4944  9.5049  0.0849  1.4061
883.8021  3.0705  26.5027  9.4997  0.0859  1.4106
883.8217  18.0552  8.4764  9.5037  0.0857  1.3883
883.7800  40.0464  26.4075  9.5032  0.0858  1.3820
883.8069  55.0648  8.5682  9.5081  0.0859  1.4075
883.8041  70.1815  26.5261  9.5089  0.0852  1.4096
883.7932  84.8119  8.4450  9.5061  0.0851  1.3993
884.0226  100.0611  26.4345  9.5009  0.0835  1.3858
883.8680  -4.8403  8.4945  9.5050  0.0852  1.4063
883.8011  10.0520  26.5027  9.4997  0.0859  1.4107
883.8212  25.0364  8.4763  9.5037  0.0857  1.3882
883.7786  47.0278  26.4067  9.5032  0.0859  1.3820
883.8052  62.0461  8.5688  9.5081  0.0857  1.4074
883.8038  77.1632  26.5261  9.5089  0.0857  1.4096
883.7932  91.7919  8.4446  9.5060  0.0858  1.3994
884.0209  107.0421  26.4341  9.5010  0.0830  1.3856
883.8687  2.1417  8.4945  9.5050  0.0852  1.4062
883.8009  17.0334  26.5028  9.4997  0.0859  1.4107
883.8217  32.0175  8.4763  9.5037  0.0856  1.3881
883.7792  54.0092  26.4058  9.5032  0.0860  1.3820
883.8055  69.0274  8.5695  9.5080  0.0859  1.4076
883.8037  84.1450  26.5262  9.5090  0.0860  1.4097
883.7930  98.7718  8.4441  9.5060  0.0850  1.3995
884.0204  114.0232  26.4336  9.5010  0.0839  1.3856
883.8679  9.1237  8.4946  9.5050  0.0852  1.4063
883.8029  24.0149  26.5028  9.4997  0.0859  1.4106
883.8215  38.9987  8.4762  9.5037  0.0857  1.3880
883.7784  60.9905  26.4049  9.5032  0.0858  1.3821
883.8051  76.0087  8.5702  9.5081  0.0862  1.4075
883.8033  91.1267  26.5262  9.5090  0.0859  1.4099
883.7942  105.7519  8.4437  9.5060  0.0855  1.3995
884.0223  121.0041  26.4331  9.5009  0.0839  1.3856
883.8665  16.1057  8.4947  9.5051  0.0852  1.4064
883.8018  30.9963  26.5028  9.4997  0.0858  1.4107
883.8226  45.9799  8.4761  9.5037  0.0858  1.3878
883.7783  67.9718  26.4041  9.5032  0.0858  1.3820
883.8056  82.9900  8.5708  9.5080  0.0863  1.4075
883.8046  98.1084  26.5263  9.5090  0.0858  1.4100
883.7921  112.7321  8.4433  9.5060  0.0863  1.3995
884.0214  7.9851  26.4327  9.5009  0.0839  1.3855
883.8666  23.0877  8.4947  9.5051  0.0852  1.4065
883.8024  37.9777  26.5028  9.4997  0.0858  1.4105
883.8232  52.9610  8.4760  9.5037  0.0853  1.3878
883.7776  74.9531  26.4032  9.5032  0.0863  1.3820
883.8064  89.9712  8.5715  9.5080  0.0861  1.4074
883.8047  105.0901  26.5264  9.5090  0.0855  1.4102
883.7941  119.7121  8.4429  9.5060  0.0871  1.3996
884.0214  14.9662  26.4323  9.5009  0.0839  1.3855
883.8672  30.0697  8.4948  9.5051  0.0851  1.4066
883.8024  44.9591  26.5028  9.4997  0.0857  1.4105
883.8232  59.9422  8.4759  9.5037  0.0858  1.3876
883.7790  81.9344  26.4023  9.5031  0.0862  1.3820
883.8073  96.9523  8.5721  9.5080  0.0854  1.4073
883.8049  112.0717  26.5264  9.5090  0.0850  1.4103
883.7958  6.6921  8.4425  9.5060  0.0854  1.3995
884.0222  21.9472  26.4318  9.5009  0.0838  1.3855
883.8674  37.0518  8.4949  9.5051  0.0853  1.4064
883.8012  51.9406  26.5029  9.4997  0.0860  1.4104
883.8226  66.9234  8.4758  9.5037  0.0857  1.3876
883.7784  88.9157  26.4014  9.5031  0.0861  1.3819
883.8059  103.9337  8.5728  9.5080  0.0857  1.4072
883.8063  -0.9466  26.5265  9.5090  0.0854  1.4103
883.7959  13.6722  8.4421  9.5060  0.0854  1.3995
884.0220  28.9282  26.4313  9.5009  0.0839  1.3854
883.8681  44.0337  8.4950  9.5051  0.0852  1.4064
883.8022  58.9220  26.5028  9.4997  0.0860  1.4104
883.8221  73.9045  8.4758  9.5038  0.0855  1.3876
883.7797  95.8971  26.4005  9.5031  0.0864  1.3819
883.8068  110.9149  8.5735  9.5080  0.0858  1.4071
883.8065  6.0351  26.5265  9.5090  0.0854  1.4107
883.7952  20.6523  8.4417  9.5060  0.0854  1.3996
884.0207  35.9093  26.4309  9.5009  0.0839  1.3854
883.8671  51.0157  8.4951  9.5051  0.0851  1.4064
883.8010  65.9035  26.5029  9.4997  0.0862  1.4102
883.8242  80.8856  8.4757  9.5038  0.0857  1.3874
883.7787  102.8783  26.3996  9.5031  0.0857  1.3819
883.8076  117.8961  8.5741  9.5080  0.0850  1.4070
883.8066  13.0168  26.5265  9.5090  0.0854  1.4108
883.7960  27.6323  8.4413  9.5060  0.0853  1.3996
884.0214  42.8902  26.4305  9.5009  0.0839  1.3854
883.8676  57.9978  8.4951  9.5052  0.0857  1.4065
883.8020  72.8848  26.5029  9.4997  0.0858  1.4101
883.8242  87.8668  8.4756  9.5038  0.0862  1.3873
883.7782  109.8598  26.3987  9.5031  0.0864  1.3818
883.8083  4.8774  8.5748  9.5080  0.0858  1.4068
883.8064  19.9985  26.5266  9.5090  0.0854  1.4110
883.7960  34.6124  8.4409  9.5059  0.0853  1.3998
884.0216  49.8713  26.4300  9.5009  0.0840  1.3854
883.8683  64.9797  8.4952  9.5052  0.0854  1.4066
883.8052  79.8661  26.5029  9.4997  0.0860  1.4101
883.8239  94.8479  8.4755  9.5038  0.0861  1.3872
883.7792  116.8409  26.3978  9.5031  0.0853  1.3817
883.8083  11.8587  8.5755  9.5079  0.0858  1.4068
883.8082  26.9801  26.5266  9.5090  0.0854  1.4110
883.7955  41.5925  8.4405  9.5059  0.0853  1.3998
884.0197  56.8523  26.4296  9.5009  0.0837  1.3854
883.8691  71.9615  8.4953  9.5052  0.0851  1.4063
883.8013  86.8474  26.5029  9.4997  0.0857  1.4100
883.8254  101.8290  8.4755  9.5038  0.0855  1.3870
883.7824  3.8223  26.3969  9.5031  0.0859  1.3818
883.8088  18.8400  8.5762  9.5079  0.0858  1.4067
883.8063  33.9618  26.5267  9.5090  0.0854  1.4111
883.7963  48.5727  8.4401  9.5059  0.0854  1.4000
884.0210  63.8333  26.4291  9.5009  0.0837  1.3854
883.8696  78.9435  8.4954  9.5052  0.0852  1.4062
883.8062  93.8288  26.5029  9.4997  0.0856  1.4099
883.8257  108.8101  8.4754  9.5038  0.0859  1.3868
883.7810  10.8037  26.3960  9.5030  0.0859  1.3818
883.8090  25.8213  8.5768  9.5078  0.0858  1.4066
883.8076  40.9434  26.5267  9.5090  0.0854  1.4112
883.7950  55.5528  8.4397  9.5059  0.0853  1.4001
884.0211  70.8142  26.4287  9.5010  0.0836  1.3854
883.8698  85.9255  8.4955  9.5053  0.0855  1.4061
883.8019  100.8101  26.5029  9.4997  0.0858  1.4099
883.8256  115.7913  8.4754  9.5038  0.0867  1.3867
883.7827  17.7851  26.3951  9.5030  0.0859  1.3819
883.8087  32.8025  8.5775  9.5078  0.0858  1.4065
883.8076  47.9250  26.5267  9.5090  0.0853  1.4112
883.7943  62.5329  8.4392  9.5059  0.0854  1.4001
884.0227  77.7951  26.4282  9.5010  0.0836  1.3854
883.8708  92.9074  8.4956  9.5053  0.0846  1.4061
883.8031  107.7915  26.5029  9.4996  0.0855  1.4098
883.8259  2.7723  8.4753  9.5038  0.0857  1.3864
883.7821  24.7664  26.3942  9.5030  0.0858  1.3820
883.8093  39.7837  8.5782  9.5078  0.0858  1.4064
883.8080  54.9066  26.5267  9.5090  0.0855  1.4113
883.7941  69.5129  8.4388  9.5059  0.0851  1.4001
884.0239  84.7761  26.4277  9.5010  0.0837  1.3854
883.8708  99.8894  8.4957  9.5053  0.0849  1.4060
883.8059  114.7728  26.5029  9.4996  0.0862  1.4097
883.8252  9.7535  8.4752  9.5038  0.0857  1.3864
883.7814  31.7479  26.3933  9.5030  0.0859  1.3821
883.8080  46.7650  8.5789  9.5078  0.0858  1.4063
883.8100  61.8882  26.5267  9.5090  0.0855  1.4114
883.7935  76.4930  8.4384  9.5059  0.0852  1.4002
884.0231  91.7570  26.4273  9.5010  0.0839  1.3855
883.8701  106.8714  8.4958  9.5053  0.0854  1.4060
883.8054  1.7542  26.5030  9.4997  0.0859  1.4099
883.8265  16.7347  8.4752  9.5038  0.0857  1.3863
883.7819  38.7293  26.3924  9.5030  0.0859  1.3821
883.8091  53.7461  8.5796  9.5077  0.0857  1.4062
883.8097  68.8697  26.5267  9.5090  0.0853  1.4114
883.7936  83.4733  8.4380  9.5059  0.0855  1.4003
884.0250  98.7379  26.4268  9.5010  0.0831  1.3856
883.8730  113.8531  8.4959  9.5053  0.0840  1.4059
883.8043  8.7356  26.5030  9.4997  0.0859  1.4098
883.8257  23.7159  8.4751  9.5038  0.0857  1.3862
883.7807  45.7107  26.3914  9.5030  0.0858  1.3822
883.8085  60.7273  8.5803  9.5077  0.0857  1.4062
883.8102  75.8513  26.5268  9.5090  0.0854  1.4114
883.7938  90.4533  8.4376  9.5059  0.0854  1.4001
884.0226  105.7189  26.4264  9.5010  0.0834  1.3857
883.8734  0.8353  8.4961  9.5054  0.0852  1.4058
883.8046  15.7171  26.5030  9.4997  0.0859  1.4097
883.8266  30.6970  8.4750  9.5038  0.0856  1.3860
883.7815  52.6921  26.3905  9.5029  0.0858  1.3823
883.8076  67.7085  8.5811  9.5076  0.0859  1.4066
883.8099  82.8328  26.5268  9.5090  0.0851  1.4114
883.7934  97.4336  8.4371  9.5059  0.0861  1.4001
884.0247  112.6999  26.4260  9.5010  0.0847  1.3858
883.8719  7.8173  8.4962  9.5054  0.0852  1.4057
883.8053  22.6984  26.5030  9.4997  0.0859  1.4096
883.8258  37.6782  8.4750  9.5038  0.0858  1.3860
883.7821  59.6735  26.3896  9.5029  0.0858  1.3824
883.8068  74.6898  8.5818  9.5076  0.0861  1.4065
883.8110  89.8142  26.5268  9.5090  0.0848  1.4115
883.7950  104.4135  8.4367  9.5058  0.0846  1.4001
884.0239  119.6809  26.4256  9.5010  0.0848  1.3860
883.8716  14.7993  8.4963  9.5055  0.0852  1.4056
883.8044  29.6799  26.5030  9.4997  0.0859  1.4095
883.8275  44.6593  8.4749  9.5038  0.0855  1.3859
883.7814  66.6548  26.3886  9.5029  0.0858  1.3823
883.8071  81.6709  8.5825  9.5076  0.0860  1.4064
883.8124  96.7959  26.5268  9.5090  0.0857  1.4115
883.7936  111.3936  8.4363  9.5058  0.0850  1.4000
884.0238  6.6618  26.4251  9.5010  0.0838  1.3859
883.8717  21.7813  8.4965  9.5055  0.0852  1.4054
883.8046  36.6613  26.5030  9.4996  0.0858  1.4092
883.8264  51.6406  8.4749  9.5038  0.0858  1.3858
883.7810  73.6361  26.3877  9.5029  0.0859  1.3823
883.8075  88.6520  8.5833  9.5076  0.0855  1.4063
883.8079  103.7774  26.5268  9.5090  0.0846  1.4116
883.7927  118.3739  8.4359  9.5058  0.0853  1.3999
884.0226  13.6428  26.4247  9.5010  0.0839  1.3860
883.8732  28.7633  8.4966  9.5055  0.0851  1.4053
883.8051  43.6427  26.5030  9.4997  0.0859  1.4092
883.8280  58.6216  8.4748  9.5038  0.0853  1.3858
883.7789  80.6175  26.3867  9.5029  0.0858  1.3822
883.8079  95.6332  8.5840  9.5075  0.0859  1.4063
883.8105  110.7589  26.5268  9.5090  0.0848  1.4116
883.7949  5.3540  8.4355  9.5058  0.0854  1.4001
884.0237  20.6238  26.4242  9.5009  0.0839  1.3862
883.8726  35.7453  8.4967  9.5056  0.0853  1.4051
883.8049  50.6241  26.5030  9.4996  0.0860  1.4091
883.8258  65.6029  8.4747  9.5039  0.0859  1.3856
883.7797  87.5989  26.3857  9.5029  0.0863  1.3823
883.8077  102.6143  8.5848  9.5075  0.0858  1.4062
883.8120  117.7405  26.5268  9.5090  0.0850  1.4117
883.7946  12.3342  8.4350  9.5058  0.0854  1.4000
884.0242  27.6047  26.4237  9.5009  0.0839  1.3863
883.8727  42.7273  8.4969  9.5056  0.0852  1.4050
883.8043  57.6055  26.5031  9.4996  0.0855  1.4090
883.8264  72.5840  8.4747  9.5039  0.0858  1.3856
883.7817  94.5801  26.3848  9.5028  0.0848  1.3824
883.8068  109.5955  8.5855  9.5075  0.0856  1.4062
883.8118  4.7220  26.5268  9.5090  0.0854  1.4118
883.7939  19.3144  8.4346  9.5058  0.0854  1.3999
884.0227  34.5857  26.4234  9.5009  0.0838  1.3865
883.8725  49.7092  8.4970  9.5057  0.0852  1.4047
883.8036  64.5869  26.5030  9.4996  0.0862  1.4089
883.8258  79.5651  8.4746  9.5039  0.0857  1.3856
883.7793  101.5616  26.3838  9.5028  0.0857  1.3823
883.8063  116.5766  8.5863  9.5075  0.0853  1.4060
883.8115  11.7035  26.5268  9.5090  0.0854  1.4119
883.7953  26.2946  8.4342  9.5057  0.0853  1.3999
884.0215  41.5667  26.4229  9.5009  0.0840  1.3868
883.8734  56.6911  8.4972  9.5057  0.0849  1.4046
883.8033  71.5683  26.5030  9.4996  0.0859  1.4088
883.8261  86.5462  8.4746  9.5039  0.0862  1.3857
883.7792  108.5429  26.3829  9.5028  0.0847  1.3823
883.8081  3.5579  8.5871  9.5074  0.0858  1.4056
883.8125  18.6850  26.5268  9.5090  0.0854  1.4119
883.7937  33.2749  8.4338  9.5057  0.0854  1.3999
884.0214  48.5477  26.4225  9.5009  0.0838  1.3869
883.8721  63.6732  8.4973  9.5057  0.0851  1.4045
883.8039  78.5496  26.5030  9.4996  0.0861  1.4088
883.8264  93.5272  8.4746  9.5039  0.0847  1.3859
883.7797  115.5242  26.3819  9.5028  0.0857  1.3824
883.8062  10.5391  8.5878  9.5074  0.0858  1.4056
883.8112  25.6665  26.5268  9.5090  0.0854  1.4120
883.7944  40.2550  8.4333  9.5057  0.0853  1.3999
884.0201  55.5287  26.4220  9.5009  0.0840  1.3871
883.8718  70.6550  8.4975  9.5058  0.0848  1.4042
883.8020  85.5309  26.5030  9.4996  0.0858  1.4087
883.8254  100.5084  8.4745  9.5039  0.0848  1.3859
883.7787  122.5056  26.3810  9.5028  0.0849  1.3824
883.8058  17.5203  8.5886  9.5074  0.0858  1.4056
883.8110  32.6479  26.5268  9.5090  0.0854  1.4120
883.7938  47.2353  8.4329  9.5057  0.0854  1.3999
884.0206  62.5096  26.4216  9.5009  0.0839  1.3871
883.8711  77.6371  8.4977  9.5058  0.0858  1.4040
883.7995  92.5124  26.5031  9.4996  0.0867  1.4086
883.8260  107.4894  8.4745  9.5039  0.0845  1.3861
883.7803  9.4872  26.3800  9.5028  0.0859  1.3831
883.8063  24.5014  8.5894  9.5073  0.0858  1.4055
883.8114  39.6294  26.5268  9.5090  0.0855  1.4120
883.7942  54.2155  8.4325  9.5057  0.0855  1.3998
884.0207  69.4905  26.4212  9.5009  0.0838  1.3873
883.8722  84.6188  8.4978  9.5059  0.0848  1.4038
883.8025  99.4936  26.5031  9.4996  0.0855  1.4087
883.8266  114.4707  8.4745  9.5040  0.0862  1.3862
883.7800  16.4686  26.3790  9.5027  0.0859  1.3831
883.8054  31.4826  8.5902  9.5073  0.0859  1.4054
883.8120  46.6108  26.5267  9.5090  0.0854  1.4121
883.7927  61.1957  8.4321  9.5057  0.0852  1.3997
884.0208  76.4714  26.4207  9.5009  0.0835  1.3872
883.8708  91.6008  8.4980  9.5059  0.0857  1.4038
883.8003  106.4750  26.5031  9.4996  0.0858  1.4086
883.8247  121.4519  8.4744  9.5040  0.0861  1.3862
883.7800  23.4501  26.3781  9.5027  0.0859  1.3831
883.8046  38.4638  8.5910  9.5073  0.0859  1.4054
883.8143  53.5922  26.5267  9.5090  0.0852  1.4122
883.7919  68.1759  8.4316  9.5057  0.0852  1.3997
884.0214  83.4523  26.4203  9.5009  0.0837  1.3872
883.8713  98.5826  8.4981  9.5060  0.0851  1.4037
883.8032  113.4563  26.5031  9.4996  0.0861  1.4086
883.8251  8.4330  8.4744  9.5040  0.0857  1.3863
883.7800  30.4315  26.3771  9.5027  0.0859  1.3831
883.8044  45.4449  8.5918  9.5072  0.0856  1.4053
883.8119  60.5737  26.5267  9.5090  0.0856  1.4122
883.7930  75.1561  8.4312  9.5056  0.0855  1.3997
884.0224  90.4333  26.4198  9.5009  0.0845  1.3871
883.8703  105.5647  8.4983  9.5060  0.0852  1.4037
883.8027  0.4377  26.5030  9.4996  0.0859  1.4087
883.8244  15.4142  8.4743  9.5040  0.0857  1.3864
883.7780  37.4130  26.3761  9.5027  0.0860  1.3831
883.8042  52.4261  8.5926  9.5072  0.0858  1.4052
883.8115  67.5550  26.5267  9.5090  0.0853  1.4122
883.7933  82.1362  8.4307  9.5056  0.0850  1.3998
884.0207  97.4141  26.4194  9.5009  0.0843  1.3872
883.8713  112.5465  8.4985  9.5061  0.0854  1.4038
883.8016  7.4191  26.5031  9.4996  0.0859  1.4086
883.8248  22.3954  8.4743  9.5040  0.0857  1.3864
883.7788  44.3945  26.3751  9.5027  0.0859  1.3831
883.8041  59.4073  8.5934  9.5072  0.0858  1.4052
883.8120  74.5364  26.5266  9.5090  0.0854  1.4123
883.7932  89.1165  8.4303  9.5056  0.0855  1.3997
884.0204  104.3951  26.4190  9.5009  0.0845  1.3871
883.8729  -0.4717  8.4987  9.5061  0.0852  1.4040
883.8015  14.4005  26.5030  9.4996  0.0859  1.4086
883.8248  29.3765  8.4743  9.5040  0.0857  1.3865
883.7788  51.3759  26.3741  9.5026  0.0860  1.3831
883.8014  66.3884  8.5942  9.5071  0.0859  1.4053
883.8118  81.5177  26.5266  9.5090  0.0851  1.4123
883.7933  96.0968  8.4299  9.5056  0.0857  1.3997
884.0205  111.3760  26.4186  9.5009  0.0846  1.3871
883.8721  6.5102  8.4988  9.5062  0.0852  1.4037
883.8018  21.3819  26.5031  9.4996  0.0859  1.4086
883.8234  36.3577  8.4742  9.5040  0.0856  1.3865
883.7786  58.3574  26.3731  9.5026  0.0860  1.3831
883.8018  73.3696  8.5951  9.5071  0.0862  1.4051
883.8137  88.4989  26.5265  9.5090  0.0846  1.4123
883.7932  103.0769  8.4294  9.5055  0.0851  1.3996
884.0173  118.3570  26.4182  9.5009  0.0857  1.3872
883.8720  13.4921  8.4990  9.5062  0.0852  1.4038
883.8002  28.3633  26.5031  9.4996  0.0859  1.4085
883.8246  43.3389  8.4742  9.5040  0.0858  1.3866
883.7747  65.3389  26.3721  9.5026  0.0861  1.3829
883.8020  80.3506  8.5959  9.5071  0.0858  1.4051
883.8102  95.4805  26.5266  9.5090  0.0864  1.4124
883.7929  110.0572  8.4290  9.5055  0.0845  1.3995
884.0195  5.3377  26.4178  9.5009  0.0839  1.3870
883.8702  20.4741  8.4992  9.5063  0.0852  1.4038
883.8002  35.3447  26.5031  9.4996  0.0859  1.4085
883.8242  50.3200  8.4741  9.5040  0.0855  1.3865
883.7765  72.3201  26.3711  9.5026  0.0853  1.3829
883.8007  87.3317  8.5967  9.5070  0.0856  1.4051
883.8142  102.4617  26.5265  9.5090  0.0849  1.4125
883.7936  117.0374  8.4285  9.5055  0.0842  1.3995
884.0182  12.3187  26.4174  9.5009  0.0839  1.3870
883.8702  27.4560  8.4994  9.5063  0.0851  1.4038
883.7983  42.3261  26.5031  9.4996  0.0858  1.4085
883.8235  57.3012  8.4741  9.5040  0.0853  1.3865
883.7767  79.3017  26.3701  9.5026  0.0861  1.3828
883.8003  94.3129  8.5976  9.5070  0.0861  1.4051
883.8156  109.4430  26.5264  9.5090  0.0851  1.4126
883.7924  4.0177  8.4281  9.5055  0.0854  1.3994
884.0185  19.2997  26.4169  9.5009  0.0839  1.3869
883.8699  34.4378  8.4996  9.5064  0.0850  1.4039
883.7983  49.3076  26.5031  9.4996  0.0861  1.4085
883.8224  64.2824  8.4741  9.5040  0.0854  1.3862
883.7764  86.2829  26.3690  9.5025  0.0854  1.3829
883.8000  101.2940  8.5984  9.5070  0.0860  1.4050
883.8130  116.4242  26.5264  9.5090  0.0852  1.4127
883.7952  10.9980  8.4277  9.5054  0.0853  1.3992
884.0166  26.2806  26.4165  9.5009  0.0838  1.3869
883.8693  41.4198  8.4998  9.5065  0.0851  1.4039
883.7991  56.2889  26.5030  9.4996  0.0859  1.4085
883.8231  71.2635  8.4741  9.5041  0.0855  1.3860
883.7772  93.2645  26.3681  9.5025  0.0859  1.3828
883.7997  108.2750  8.5992  9.5069  0.0852  1.4050
883.8127  3.4056  26.5264  9.5090  0.0853  1.4126
883.7954  17.9783  8.4272  9.5054  0.0853  1.3991
884.0189  33.2615  26.4161  9.5008  0.0838  1.3869
883.8691  48.4017  8.5000  9.5065  0.0853  1.4039
883.7982  63.2703  26.5030  9.4996  0.0859  1.4083
883.8230  78.2448  8.4740  9.5041  0.0858  1.3860
883.7753  100.2459  26.3670  9.5025  0.0861  1.3829
883.8000  115.2561  8.6001  9.5069  0.0847  1.4048
883.8124  10.3869  26.5263  9.5090  0.0853  1.4128
883.7954  24.9586  8.4268  9.5054  0.0853  1.3990
884.0178  40.2425  26.4157  9.5009  0.0840  1.3869
883.8691  55.3835  8.5002  9.5066  0.0851  1.4040
883.7981  70.2516  26.5030  9.4995  0.0855  1.4081
883.8239  85.2258  8.4740  9.5041  0.0854  1.3861
883.7772  107.2273  26.3660  9.5025  0.0866  1.3829
883.8003  2.2373  8.6010  9.5069  0.0859  1.4048
883.8113  17.3682  26.5263  9.5091  0.0853  1.4130
883.7961  31.9389  8.4263  9.5054  0.0854  1.3990
884.0172  47.2234  26.4153  9.5008  0.0838  1.3868
883.8681  62.3654  8.5004  9.5066  0.0853  1.4041
883.7973  77.2330  26.5030  9.4995  0.0858  1.4081
883.8224  92.2071  8.4740  9.5041  0.0863  1.3861
883.7748  114.2089  26.3650  9.5025  0.0867  1.3829
883.7981  9.2184  8.6018  9.5068  0.0859  1.4049
883.8119  24.3494  26.5262  9.5091  0.0853  1.4132
883.7964  38.9192  8.4259  9.5053  0.0852  1.3990
884.0173  54.2043  26.4148  9.5008  0.0837  1.3868
883.8678  69.3472  8.5006  9.5067  0.0851  1.4041
883.7981  84.2144  26.5030  9.4995  0.0861  1.4081
883.8229  99.1882  8.4740  9.5041  0.0860  1.3860
883.7765  121.1902  26.3639  9.5025  0.0863  1.3830
883.7983  16.1995  8.6027  9.5068  0.0859  1.4049
883.8112  31.3307  26.5261  9.5091  0.0853  1.4134
883.7969  45.8996  8.4255  9.5053  0.0854  1.3990
884.0173  61.1852  26.4144  9.5008  0.0838  1.3867
883.8682  76.3290  8.5008  9.5067  0.0853  1.4042
883.7995  91.1956  26.5029  9.4995  0.0856  1.4082
883.8231  106.1694  8.4740  9.5041  0.0865  1.3859
883.7766  8.1717  26.3629  9.5025  0.0859  1.3830
883.7978  23.1807  8.6035  9.5067  0.0859  1.4050
883.8110  38.3119  26.5261  9.5091  0.0853  1.4135
883.7972  52.8799  8.4250  9.5053  0.0855  1.3990
884.0170  68.1661  26.4140  9.5008  0.0838  1.3867
883.8669  83.3108  8.5010  9.5068  0.0852  1.4042
883.7975  98.1770  26.5029  9.4995  0.0861  1.4082
883.8232  113.1504  8.4740  9.5041  0.0857  1.3858
883.7764  15.1532  26.3618  9.5024  0.0859  1.3831
883.7966  30.1617  8.6044  9.5067  0.0859  1.4051
883.8104  45.2932  26.5260  9.5091  0.0855  1.4137
883.7965  59.8602  8.4246  9.5053  0.0853  1.3989
884.0182  75.1470  26.4136  9.5009  0.0840  1.3865
883.8669  90.2926  8.5012  9.5068  0.0851  1.4042
883.7941  105.1583  26.5029  9.4995  0.0851  1.4082
883.8231  120.1317  8.4740  9.5042  0.0868  1.3858
883.7761  22.1347  26.3608  9.5024  0.0859  1.3832
883.7968  37.1428  8.6053  9.5066  0.0858  1.4051
883.8099  52.2745  26.5259  9.5091  0.0856  1.4139
883.7961  66.8404  8.4241  9.5052  0.0849  1.3988
884.0190  82.1279  26.4132  9.5008  0.0841  1.3865
883.8663  97.2744  8.5014  9.5069  0.0859  1.4042
883.7966  112.1396  26.5029  9.4995  0.0857  1.4083
883.8247  7.1127  8.4739  9.5041  0.0857  1.3860
883.7765  29.1162  26.3598  9.5024  0.0859  1.3832
883.7965  44.1239  8.6062  9.5066  0.0858  1.4052
883.8114  59.2556  26.5258  9.5091  0.0853  1.4141
883.7966  73.8208  8.4237  9.5052  0.0858  1.3988
884.0193  89.1087  26.4128  9.5008  0.0836  1.3863
883.8674  104.2559  8.5016  9.5069  0.0841  1.4042
883.7958  -0.8789  26.5030  9.4995  0.0859  1.4083
883.8244  14.0939  8.4739  9.5041  0.0857  1.3860
883.7753  36.0977  26.3587  9.5024  0.0859  1.3833
883.7960  51.1050  8.6071  9.5066  0.0859  1.4052
883.8093  66.2368  26.5258  9.5091  0.0856  1.4142
883.7963  80.8012  8.4233  9.5052  0.0858  1.3989
884.0185  96.0896  26.4124  9.5008  0.0842  1.3863
883.8666  111.2379  8.5019  9.5070  0.0855  1.4041
883.7983  6.1025  26.5029  9.4995  0.0859  1.4086
883.8245  21.0751  8.4739  9.5041  0.0857  1.3859
883.7766  43.0792  26.3576  9.5024  0.0860  1.3833
883.7960  58.0861  8.6079  9.5065  0.0857  1.4053
883.8096  73.2179  26.5257  9.5091  0.0850  1.4144
883.7980  87.7813  8.4228  9.5052  0.0852  1.3990
884.0195  103.0704  26.4120  9.5008  0.0842  1.3863
883.8683  -1.7803  8.5021  9.5070  0.0852  1.4041
883.7978  13.0839  26.5029  9.4995  0.0859  1.4087
883.8245  28.0564  8.4739  9.5041  0.0857  1.3859
883.7762  50.0607  26.3566  9.5023  0.0857  1.3834
883.7951  65.0671  8.6088  9.5065  0.0859  1.4057
883.8110  80.1991  26.5255  9.5091  0.0852  1.4146
883.7975  94.7616  8.4223  9.5051  0.0851  1.3991
884.0193  110.0512  26.4116  9.5008  0.0834  1.3862
883.8678  5.2015  8.5023  9.5071  0.0851  1.4044
883.7983  20.0653  26.5029  9.4995  0.0859  1.4087
883.8258  35.0375  8.4739  9.5041  0.0857  1.3858
883.7766  57.0422  26.3555  9.5023  0.0860  1.3835
883.7961  72.0481  8.6097  9.5064  0.0857  1.4054
883.8087  87.1803  26.5255  9.5091  0.0852  1.4147
883.7990  101.7420  8.4219  9.5051  0.0851  1.3992
884.0186  117.0321  26.4112  9.5008  0.0840  1.3862
883.8680  12.1834  8.5025  9.5072  0.0851  1.4044
883.7993  27.0467  26.5028  9.4995  0.0859  1.4088
883.8257  42.0187  8.4739  9.5041  0.0856  1.3857
883.7751  64.0237  26.3545  9.5023  0.0860  1.3835
883.7964  79.0291  8.6106  9.5064  0.0858  1.4054
883.8088  94.1615  26.5254  9.5092  0.0859  1.4148
883.7975  108.7223  8.4215  9.5051  0.0854  1.3992
884.0202  4.0130  26.4108  9.5008  0.0839  1.3860
883.8688  19.1652  8.5028  9.5072  0.0851  1.4044
883.7982  34.0281  26.5028  9.4995  0.0859  1.4087
883.8259  48.9999  8.4739  9.5042  0.0857  1.3856
883.7746  71.0052  26.3534  9.5023  0.0858  1.3835
883.7956  86.0102  8.6116  9.5064  0.0858  1.4053
883.8090  101.1425  26.5253  9.5092  0.0850  1.4150
883.7993  115.7025  8.4210  9.5050  0.0850  1.3993
884.0185  10.9939  26.4104  9.5008  0.0839  1.3860
883.8688  26.1470  8.5030  9.5072  0.0851  1.4044
883.7990  41.0095  26.5028  9.4995  0.0859  1.4086
883.8259  55.9811  8.4738  9.5042  0.0855  1.3854
883.7762  77.9866  26.3523  9.5023  0.0861  1.3836
883.7963  92.9911  8.6125  9.5064  0.0860  1.4052
883.8098  108.1235  26.5252  9.5092  0.0845  1.4151
883.7994  122.6829  8.4206  9.5050  0.0848  1.3993
884.0187  17.9748  26.4101  9.5008  0.0838  1.3860
883.8682  33.1289  8.5032  9.5073  0.0852  1.4044
883.7975  47.9910  26.5028  9.4995  0.0860  1.4086
883.8254  62.9623  8.4738  9.5042  0.0855  1.3851
883.7762  84.9681  26.3512  9.5023  0.0863  1.3836
883.7979  99.9721  8.6134  9.5063  0.0856  1.4052
883.8090  115.1047  26.5251  9.5092  0.0854  1.4153
883.7997  9.6633  8.4201  9.5050  0.0853  1.3993
884.0194  24.9557  26.4097  9.5008  0.0839  1.3860
883.8681  40.1107  8.5035  9.5073  0.0851  1.4043
883.7994  54.9723  26.5028  9.4995  0.0858  1.4086
883.8256  69.9436  8.4738  9.5042  0.0858  1.3850
