20000  0.0400  1  3.0000  37.7559  0.0378
40000  0.0800  2  3.0000  34.4608  0.0345
60000  0.0800  2  3.0000  34.3628  0.0344
80000  0.0800  2  3.0000  34.2414  0.0342
100000  0.1200  3  3.0000  32.5752  0.0326
120000  0.1600  4  3.0000  31.5475  0.0315
140000  0.2933  7  3.1429  35.9114  0.0359
160000  0.2933  7  3.1429  35.8047  0.0358
180000  0.3867  9  3.2222  36.6427  0.0366
200000  0.3733  9  3.1111  35.5143  0.0355
220000  0.4400  9  3.6667  43.5638  0.0436
240000  0.4667  10  3.5000  39.8272  0.0398
260000  0.4933  10  3.7000  42.7784  0.0428
280000  0.5600  8  5.2500  68.1376  0.0681
300000  0.6000  9  5.0000  63.9928  0.0640
320000  0.6000  7  6.4286  86.6330  0.0866
340000  0.6133  10  4.6000  56.8643  0.0569
360000  0.6133  10  4.6000  56.7781  0.0568
380000  0.6667  8  6.2500  84.7721  0.0848
400000  0.6533  8  6.1250  82.7064  0.0827
420000  0.6800  9  5.6667  74.7835  0.0748
440000  0.6400  9  5.3333  68.2432  0.0682
460000  0.6800  10  5.1000  64.8970  0.0649
480000  0.7467  10  5.6000  72.3483  0.0723
500000  0.7333  9  6.1111  79.5999  0.0796
520000  0.6933  8  6.5000  84.9102  0.0849
540000  0.7067  9  5.8889  75.2262  0.0752
560000  0.7067  9  5.8889  75.1980  0.0752
580000  0.7333  8  6.8750  90.7674  0.0908
600000  0.7067  8  6.6250  85.3390  0.0853
620000  0.7467  8  7.0000  90.6586  0.0907
640000  0.7600  9  6.3333  79.5906  0.0796
660000  0.7600  9  6.3333  79.5689  0.0796
680000  0.8133  9  6.7778  85.3376  0.0853
700000  0.8133  9  6.7778  85.4868  0.0855
720000  0.8133  9  6.7778  84.0702  0.0841
740000  0.8000  9  6.6667  81.8192  0.0818
760000  0.8000  9  6.6667  81.7885  0.0818
780000  0.8267  9  6.8889  84.1353  0.0841
800000  0.8267  9  6.8889  84.1860  0.0842
820000  0.8267  9  6.8889  83.7149  0.0837
840000  0.8667  8  8.1250  101.2221  0.1012
860000  0.8667  7  9.2857  117.5016  0.1175
880000  0.9333  8  8.7500  110.6359  0.1106
900000  0.9333  8  8.7500  110.6562  0.1107
920000  0.9333  8  8.7500  110.3948  0.1104
940000  0.9333  8  8.7500  110.4437  0.1104
960000  0.9333  8  8.7500  110.3868  0.1104
980000  0.9467  8  8.8750  111.9569  0.1120
1000000  0.9333  8  8.7500  109.8834  0.1099
1020000  0.9467  6  11.8333  154.2927  0.1543
1040000  0.9467  7  10.1429  130.2685  0.1303
1060000  0.9467  7  10.1429  130.2287  0.1302
1080000  0.9467  7  10.1429  130.0613  0.1301
1100000  0.9467  7  10.1429  130.1929  0.1302
1120000  0.9467  6  11.8333  154.1223  0.1541
1140000  0.9467  7  10.1429  130.1208  0.1301
1160000  0.9467  7  10.1429  130.0864  0.1301
1180000  0.9333  7  10.0000  126.8264  0.1268
1200000  0.9467  7  10.1429  128.5800  0.1286
1220000  0.9467  6  11.8333  152.0247  0.1520
1240000  0.9600  7  10.2857  129.8114  0.1298
1260000  0.9600  7  10.2857  129.7575  0.1298
1280000  0.9867  5  14.8000  191.8062  0.1918
1300000  0.9867  5  14.8000  191.6249  0.1916
1320000  0.9867  3  24.6667  327.9812  0.3280
1340000  0.9867  3  24.6667  328.0310  0.3280
1360000  0.9867  3  24.6667  328.0214  0.3280
1380000  0.9600  2  36.0000  482.2536  0.4823
1400000  0.9600  2  36.0000  482.9951  0.4830
1420000  0.9600  3  24.0000  314.0382  0.3140
1440000  0.9333  3  23.3333  303.4549  0.3035
1460000  0.9333  3  23.3333  303.5307  0.3035
1480000  0.9600  3  24.0000  313.4533  0.3135
1500000  0.9733  3  24.3333  317.9847  0.3180
1520000  0.9467  2  35.5000  466.6686  0.4667
1540000  0.9467  2  35.5000  466.8820  0.4669
1560000  0.9467  2  35.5000  467.0389  0.4670
1580000  0.9467  2  35.5000  466.8184  0.4668
1600000  0.9467  2  35.5000  467.5290  0.4675
1620000  0.9467  2  35.5000  467.1068  0.4671
1640000  0.9467  2  35.5000  467.5903  0.4676
1660000  0.9467  2  35.5000  467.7641  0.4678
1680000  0.9467  1  71.0000  956.0721  0.9561
1700000  0.9467  1  71.0000  956.5432  0.9565
1720000  0.9467  1  71.0000  956.0424  0.9560
1740000  0.9467  1  71.0000  956.2585  0.9563
1760000  0.9467  1  71.0000  956.4604  0.9565
1780000  0.9467  1  71.0000  955.7235  0.9557
1800000  0.9467  1  71.0000  956.1982  0.9562
1820000  0.9467  1  71.0000  955.6904  0.9557
1840000  0.9467  1  71.0000  955.8472  0.9558
1860000  0.9467  1  71.0000  956.0446  0.9560
1880000  0.9467  1  71.0000  955.3280  0.9553
1900000  0.9467  1  71.0000  955.7917  0.9558
1920000  0.9467  1  71.0000  955.2838  0.9553
1940000  0.9467  1  71.0000  955.3783  0.9554
1960000  0.9467  1  71.0000  955.5842  0.9556
1980000  0.9467  1  71.0000  954.7921  0.9548
2000000  0.9467  1  71.0000  955.1857  0.9552
2020000  0.9467  1  71.0000  954.6855  0.9547
2040000  0.9467  1  71.0000  954.6429  0.9546
2060000  0.9467  1  71.0000  954.8434  0.9548
2080000  0.9467  1  71.0000  953.9809  0.9540
2100000  0.9467  1  71.0000  954.2403  0.9542
2120000  0.9467  1  71.0000  953.7468  0.9537
2140000  0.9467  1  71.0000  953.5322  0.9535
2160000  0.9467  1  71.0000  953.6974  0.9537
2180000  0.9467  1  71.0000  952.7429  0.9527
2200000  0.9467  1  71.0000  952.7925  0.9528
2220000  0.9467  1  71.0000  952.3232  0.9523
2240000  0.9467  1  71.0000  951.8328  0.9518
2260000  0.9467  1  71.0000  951.9267  0.9519
2280000  0.9733  1  73.0000  978.9882  0.9790
2300000  0.9733  1  73.0000  978.1874  0.9782
2320000  1.0000  1  75.0000  1006.9925  1.0070
2340000  0.9867  1  74.0000  990.8422  0.9908
2360000  0.9867  1  74.0000  989.9301  0.9899
2380000  0.9733  1  73.0000  973.1440  0.9731
2400000  0.9733  1  73.0000  973.2872  0.9733
2420000  0.9733  1  73.0000  972.8259  0.9728
2440000  0.9733  1  73.0000  972.6254  0.9726
2460000  0.9733  1  73.0000  972.8959  0.9729
2480000  0.9733  1  73.0000  972.1776  0.9722
2500000  0.9733  1  73.0000  972.4677  0.9725
2520000  0.9733  1  73.0000  972.1088  0.9721
2540000  0.9733  1  73.0000  972.0929  0.9721
2560000  0.9733  1  73.0000  972.3829  0.9724
2580000  0.9733  1  73.0000  971.7936  0.9718
2600000  0.9733  1  73.0000  972.1177  0.9721
2620000  0.9733  1  73.0000  971.7722  0.9718
2640000  0.9733  1  73.0000  971.9108  0.9719
2660000  0.9733  1  73.0000  972.1986  0.9722
2680000  0.9733  1  73.0000  971.6121  0.9716
2700000  0.9733  1  73.0000  971.9626  0.9720
2720000  0.9733  1  73.0000  971.5966  0.9716
2740000  0.9733  1  73.0000  971.7728  0.9718
2760000  0.9733  1  73.0000  972.0597  0.9721
2780000  0.9733  1  73.0000  971.4924  0.9715
2800000  0.9733  1  73.0000  971.8604  0.9719
2820000  0.9733  1  73.0000  971.4815  0.9715
2840000  0.9733  1  73.0000  971.6497  0.9716
2860000  0.9733  1  73.0000  971.9257  0.9719
2880000  0.9733  1  73.0000  971.3818  0.9714
2900000  0.9733  1  73.0000  971.7579  0.9718
2920000  0.9733  1  73.0000  971.3734  0.9714
2940000  0.9733  1  73.0000  971.5319  0.9715
2960000  0.9733  1  73.0000  971.8026  0.9718
2980000  0.9733  1  73.0000  971.2656  0.9713
3000000  0.9733  1  73.0000  971.6505  0.9717
3020000  0.9733  1  73.0000  971.2622  0.9713
3040000  0.9733  1  73.0000  971.4327  0.9714
3060000  0.9733  1  73.0000  971.6918  0.9717
3080000  0.9733  1  73.0000  971.1602  0.9712
3100000  0.9733  1  73.0000  971.5502  0.9716
3120000  0.9733  1  73.0000  971.1492  0.9711
3140000  0.9733  1  73.0000  971.3433  0.9713
3160000  0.9733  1  73.0000  971.5925  0.9716
3180000  0.9733  1  73.0000  971.0709  0.9711
3200000  0.9733  1  73.0000  971.4667  0.9715
3220000  0.9733  1  73.0000  971.0547  0.9711
3240000  0.9733  1  73.0000  971.2554  0.9713
3260000  0.9733  1  73.0000  971.4942  0.9715
3280000  0.9733  1  73.0000  970.9962  0.9710
3300000  0.9733  1  73.0000  971.3912  0.9714
3320000  0.9733  1  73.0000  970.9713  0.9710
3340000  0.9733  1  73.0000  971.1663  0.9712
3360000  0.9733  1  73.0000  971.3942  0.9714
3380000  0.9733  1  73.0000  970.9116  0.9709
3400000  0.9733  1  73.0000  971.3090  0.9713
3420000  0.9733  1  73.0000  970.8859  0.9709
3440000  0.9733  1  73.0000  971.0728  0.9711
3460000  0.9733  1  73.0000  971.2933  0.9713
3480000  0.9733  1  73.0000  970.8267  0.9708
3500000  0.9733  1  73.0000  971.2227  0.9712
3520000  0.9733  1  73.0000  970.7883  0.9708
3540000  0.9733  1  73.0000  970.9601  0.9710
3560000  0.9733  1  73.0000  971.1799  0.9712
3580000  0.9733  1  73.0000  970.7311  0.9707
3600000  0.9733  1  73.0000  971.1267  0.9711
3620000  0.9733  1  73.0000  970.6760  0.9707
3640000  0.9733  1  73.0000  970.8332  0.9708
3660000  0.9733  1  73.0000  971.0407  0.9710
3680000  0.9733  1  73.0000  970.6120  0.9706
3700000  0.9733  1  73.0000  971.0047  0.9710
3720000  0.9733  1  73.0000  970.5309  0.9705
3740000  0.9733  1  73.0000  970.6849  0.9707
3760000  0.9733  1  73.0000  970.8835  0.9709
3780000  0.9733  1  73.0000  970.4561  0.9705
3800000  0.9733  1  73.0000  970.8340  0.9708
3820000  0.9733  1  73.0000  970.3268  0.9703
3840000  0.9733  1  73.0000  970.4752  0.9705
3860000  0.9733  1  73.0000  970.6566  0.9707
3880000  0.9733  1  73.0000  970.2192  0.9702
3900000  0.9733  1  73.0000  970.5688  0.9706
3920000  0.9733  1  73.0000  970.0208  0.9700
3940000  0.9733  1  73.0000  970.1339  0.9701
3960000  0.9733  1  73.0000  970.2999  0.9703
3980000  0.9733  1  73.0000  969.8322  0.9698
4000000  0.9733  1  73.0000  970.1320  0.9701
