120 21
0.0025
0.0025
0.0025
0.0025
0.0025
0.0025
0.0025
0.0025
0.0025
0.0025
0.0025
0.0025
0.0025
0.0025
0.0024
0.0024
0.0024
0.0024
0.0024
0.0025
0.0025
0.0025
0.0025
0.0025
0.0025
0.0025
0.0025
0.0024
0.0024
0.0024
0.0024
0.0024
0.0024
0.0024
0.0024
0.0024
0.0024
0.0024
0.0024
0.0024
0.0024
0.0025
0.0025
0.0025
0.0025
0.0025
0.0026
0.0026
0.0026
0.0026
0.0026
0.0027
0.0026
0.0026
0.0026
0.0027
0.0027
0.0027
0.0028
0.0028
0.0029
0.0030
0.0030
0.0030
0.0030
0.0030
0.0030
0.0030
0.0030
0.0029
0.0029
0.0029
0.0028
0.0028
0.0028
0.0028
0.0028
0.0028
0.0028
0.0028
0.0028
0.0029
0.0029
0.0029
0.0029
0.0029
0.0029
0.0030
0.0030
0.0030
0.0030
0.0030
0.0030
0.0030
0.0030
0.0029
0.0029
0.0029
0.0028
0.0028
0.0028
0.0027
0.0027
0.0026
0.0026
0.0026
0.0026
0.0026
0.0026
0.0027
0.0027
0.0028
0.0028
0.0028
0.0027
0.0027
0.0026
0.0026
0.0026
0.0025
0.0072
0.0072
0.0071
0.0071
0.0071
0.0072
0.0072
0.0072
0.0072
0.0072
0.0071
0.0071
0.0071
0.0070
0.0070
0.0070
0.0070
0.0070
0.0070
0.0070
0.0071
0.0071
0.0071
0.0072
0.0071
0.0071
0.0070
0.0070
0.0069
0.0069
0.0068
0.0068
0.0068
0.0068
0.0068
0.0068
0.0068
0.0068
0.0069
0.0069
0.0070
0.0070
0.0071
0.0071
0.0072
0.0072
0.0073
0.0073
0.0074
0.0074
0.0075
0.0075
0.0075
0.0075
0.0075
0.0075
0.0076
0.0077
0.0078
0.0080
0.0081
0.0083
0.0084
0.0084
0.0085
0.0084
0.0084
0.0083
0.0082
0.0082
0.0081
0.0080
0.0079
0.0078
0.0078
0.0078
0.0078
0.0078
0.0079
0.0079
0.0080
0.0080
0.0080
0.0081
0.0081
0.0082
0.0082
0.0083
0.0083
0.0084
0.0084
0.0084
0.0084
0.0084
0.0083
0.0082
0.0081
0.0080
0.0079
0.0078
0.0077
0.0077
0.0076
0.0074
0.0074
0.0073
0.0073
0.0073
0.0074
0.0075
0.0076
0.0077
0.0078
0.0078
0.0077
0.0076
0.0075
0.0074
0.0073
0.0072
0.0110
0.0110
0.0110
0.0110
0.0110
0.0110
0.0110
0.0110
0.0110
0.0110
0.0110
0.0109
0.0109
0.0109
0.0108
0.0108
0.0108
0.0108
0.0108
0.0109
0.0109
0.0109
0.0110
0.0110
0.0110
0.0109
0.0109
0.0108
0.0108
0.0107
0.0107
0.0107
0.0107
0.0106
0.0106
0.0106
0.0106
0.0107
0.0107
0.0107
0.0108
0.0108
0.0109
0.0110
0.0110
0.0111
0.0111
0.0112
0.0112
0.0113
0.0113
0.0113
0.0113
0.0113
0.0114
0.0114
0.0115
0.0116
0.0117
0.0118
0.0120
0.0121
0.0122
0.0123
0.0123
0.0123
0.0123
0.0123
0.0122
0.0121
0.0120
0.0119
0.0118
0.0117
0.0117
0.0116
0.0116
0.0117
0.0117
0.0117
0.0118
0.0118
0.0119
0.0119
0.0120
0.0120
0.0121
0.0121
0.0122
0.0122
0.0123
0.0123
0.0123
0.0122
0.0121
0.0121
0.0120
0.0119
0.0118
0.0117
0.0116
0.0115
0.0114
0.0113
0.0112
0.0111
0.0111
0.0112
0.0113
0.0114
0.0115
0.0115
0.0116
0.0116
0.0115
0.0115
0.0114
0.0113
0.0111
0.0111
0.0140
0.0140
0.0140
0.0140
0.0140
0.0140
0.0140
0.0140
0.0140
0.0140
0.0140
0.0140
0.0140
0.0139
0.0139
0.0139
0.0139
0.0139
0.0139
0.0140
0.0140
0.0140
0.0140
0.0140
0.0140
0.0140
0.0140
0.0140
0.0140
0.0139
0.0139
0.0139
0.0138
0.0138
0.0138
0.0138
0.0138
0.0138
0.0139
0.0139
0.0139
0.0139
0.0140
0.0140
0.0141
0.0141
0.0142
0.0142
0.0142
0.0142
0.0142
0.0142
0.0143
0.0143
0.0143
0.0143
0.0143
0.0144
0.0145
0.0146
0.0146
0.0147
0.0147
0.0148
0.0148
0.0149
0.0149
0.0149
0.0148
0.0147
0.0146
0.0146
0.0145
0.0145
0.0145
0.0144
0.0144
0.0145
0.0145
0.0145
0.0145
0.0145
0.0146
0.0146
0.0146
0.0146
0.0147
0.0147
0.0148
0.0148
0.0148
0.0148
0.0148
0.0148
0.0147
0.0147
0.0146
0.0146
0.0145
0.0144
0.0143
0.0143
0.0142
0.0142
0.0142
0.0141
0.0141
0.0142
0.0142
0.0143
0.0143
0.0143
0.0143
0.0144
0.0144
0.0143
0.0143
0.0142
0.0141
0.0141
0.0164
0.0164
0.0164
0.0164
0.0164
0.0164
0.0164
0.0164
0.0164
0.0164
0.0164
0.0164
0.0164
0.0164
0.0164
0.0164
0.0164
0.0164
0.0164
0.0165
0.0165
0.0165
0.0165
0.0165
0.0166
0.0166
0.0166
0.0166
0.0166
0.0165
0.0165
0.0165
0.0165
0.0164
0.0164
0.0164
0.0164
0.0164
0.0164
0.0164
0.0164
0.0164
0.0164
0.0165
0.0165
0.0165
0.0166
0.0166
0.0166
0.0165
0.0165
0.0165
0.0165
0.0165
0.0165
0.0165
0.0165
0.0165
0.0165
0.0165
0.0165
0.0165
0.0165
0.0165
0.0166
0.0166
0.0166
0.0166
0.0166
0.0166
0.0165
0.0165
0.0165
0.0165
0.0165
0.0165
0.0165
0.0165
0.0165
0.0165
0.0165
0.0165
0.0165
0.0165
0.0165
0.0165
0.0165
0.0165
0.0165
0.0165
0.0165
0.0165
0.0165
0.0165
0.0165
0.0165
0.0165
0.0165
0.0165
0.0165
0.0164
0.0164
0.0164
0.0164
0.0164
0.0164
0.0164
0.0164
0.0164
0.0165
0.0165
0.0165
0.0165
0.0165
0.0165
0.0165
0.0165
0.0165
0.0164
0.0164
0.0182
0.0183
0.0183
0.0183
0.0183
0.0183
0.0183
0.0183
0.0183
0.0183
0.0183
0.0183
0.0183
0.0183
0.0183
0.0183
0.0183
0.0183
0.0184
0.0184
0.0184
0.0185
0.0185
0.0185
0.0186
0.0186
0.0186
0.0186
0.0186
0.0186
0.0186
0.0185
0.0185
0.0185
0.0185
0.0184
0.0184
0.0184
0.0184
0.0184
0.0184
0.0184
0.0184
0.0184
0.0184
0.0184
0.0184
0.0184
0.0184
0.0184
0.0184
0.0183
0.0183
0.0182
0.0182
0.0181
0.0181
0.0180
0.0180
0.0179
0.0179
0.0179
0.0179
0.0178
0.0178
0.0179
0.0179
0.0179
0.0179
0.0179
0.0180
0.0180
0.0180
0.0180
0.0180
0.0180
0.0181
0.0181
0.0181
0.0180
0.0180
0.0180
0.0180
0.0179
0.0179
0.0179
0.0179
0.0179
0.0178
0.0178
0.0178
0.0178
0.0178
0.0178
0.0179
0.0179
0.0179
0.0179
0.0180
0.0180
0.0180
0.0180
0.0180
0.0181
0.0181
0.0181
0.0181
0.0181
0.0181
0.0181
0.0181
0.0181
0.0181
0.0181
0.0181
0.0182
0.0182
0.0182
0.0182
0.0182
0.0196
0.0197
0.0197
0.0197
0.0197
0.0197
0.0197
0.0198
0.0198
0.0198
0.0198
0.0198
0.0198
0.0197
0.0197
0.0197
0.0197
0.0198
0.0198
0.0198
0.0199
0.0200
0.0200
0.0201
0.0201
0.0202
0.0202
0.0202
0.0202
0.0202
0.0201
0.0201
0.0200
0.0200
0.0200
0.0199
0.0199
0.0198
0.0198
0.0198
0.0198
0.0198
0.0198
0.0198
0.0198
0.0198
0.0198
0.0198
0.0198
0.0198
0.0197
0.0197
0.0196
0.0196
0.0195
0.0194
0.0193
0.0192
0.0191
0.0190
0.0190
0.0189
0.0189
0.0189
0.0188
0.0188
0.0188
0.0189
0.0189
0.0189
0.0190
0.0191
0.0191
0.0192
0.0192
0.0192
0.0192
0.0192
0.0193
0.0192
0.0192
0.0192
0.0191
0.0191
0.0190
0.0189
0.0189
0.0189
0.0188
0.0188
0.0188
0.0188
0.0188
0.0189
0.0189
0.0189
0.0190
0.0190
0.0191
0.0191
0.0192
0.0192
0.0193
0.0193
0.0193
0.0193
0.0193
0.0193
0.0194
0.0194
0.0194
0.0194
0.0194
0.0194
0.0194
0.0194
0.0194
0.0195
0.0195
0.0196
0.0206
0.0206
0.0207
0.0207
0.0207
0.0207
0.0207
0.0207
0.0207
0.0207
0.0207
0.0207
0.0207
0.0207
0.0207
0.0207
0.0207
0.0207
0.0207
0.0208
0.0209
0.0210
0.0211
0.0211
0.0212
0.0212
0.0213
0.0213
0.0213
0.0212
0.0212
0.0211
0.0211
0.0210
0.0209
0.0209
0.0208
0.0208
0.0207
0.0207
0.0207
0.0207
0.0208
0.0208
0.0208
0.0208
0.0208
0.0208
0.0208
0.0208
0.0207
0.0207
0.0206
0.0205
0.0204
0.0203
0.0201
0.0200
0.0199
0.0198
0.0198
0.0197
0.0197
0.0196
0.0196
0.0196
0.0196
0.0196
0.0196
0.0197
0.0198
0.0199
0.0199
0.0200
0.0200
0.0201
0.0201
0.0201
0.0202
0.0201
0.0201
0.0201
0.0200
0.0199
0.0198
0.0198
0.0197
0.0196
0.0196
0.0196
0.0196
0.0196
0.0196
0.0196
0.0197
0.0197
0.0198
0.0199
0.0199
0.0200
0.0201
0.0201
0.0202
0.0202
0.0202
0.0202
0.0202
0.0202
0.0202
0.0202
0.0202
0.0202
0.0203
0.0203
0.0203
0.0203
0.0203
0.0204
0.0204
0.0205
0.0211
0.0212
0.0212
0.0212
0.0213
0.0213
0.0213
0.0213
0.0213
0.0213
0.0213
0.0212
0.0212
0.0212
0.0211
0.0211
0.0211
0.0211
0.0212
0.0213
0.0214
0.0215
0.0216
0.0217
0.0218
0.0219
0.0219
0.0219
0.0219
0.0218
0.0218
0.0217
0.0216
0.0215
0.0214
0.0213
0.0213
0.0212
0.0212
0.0212
0.0212
0.0212
0.0213
0.0213
0.0213
0.0214
0.0214
0.0214
0.0214
0.0214
0.0214
0.0213
0.0212
0.0211
0.0210
0.0209
0.0207
0.0206
0.0205
0.0204
0.0203
0.0203
0.0202
0.0202
0.0201
0.0201
0.0201
0.0201
0.0202
0.0202
0.0203
0.0204
0.0205
0.0206
0.0206
0.0207
0.0207
0.0208
0.0208
0.0208
0.0208
0.0207
0.0206
0.0205
0.0204
0.0203
0.0203
0.0202
0.0201
0.0201
0.0201
0.0201
0.0202
0.0202
0.0202
0.0203
0.0203
0.0204
0.0205
0.0206
0.0206
0.0207
0.0208
0.0208
0.0208
0.0208
0.0207
0.0207
0.0207
0.0207
0.0208
0.0208
0.0208
0.0208
0.0208
0.0208
0.0208
0.0209
0.0209
0.0210
0.0214
0.0214
0.0214
0.0215
0.0215
0.0215
0.0215
0.0215
0.0215
0.0215
0.0214
0.0214
0.0213
0.0213
0.0212
0.0212
0.0212
0.0212
0.0213
0.0214
0.0215
0.0217
0.0218
0.0219
0.0220
0.0221
0.0222
0.0222
0.0221
0.0220
0.0219
0.0218
0.0217
0.0216
0.0215
0.0214
0.0213
0.0213
0.0212
0.0212
0.0212
0.0213
0.0214
0.0215
0.0216
0.0216
0.0216
0.0217
0.0217
0.0217
0.0217
0.0217
0.0216
0.0215
0.0213
0.0212
0.0211
0.0209
0.0208
0.0207
0.0206
0.0206
0.0205
0.0205
0.0205
0.0204
0.0204
0.0205
0.0205
0.0206
0.0207
0.0208
0.0209
0.0210
0.0210
0.0211
0.0212
0.0212
0.0212
0.0212
0.0212
0.0211
0.0211
0.0210
0.0208
0.0207
0.0207
0.0206
0.0205
0.0205
0.0205
0.0205
0.0205
0.0206
0.0206
0.0207
0.0207
0.0208
0.0209
0.0209
0.0210
0.0210
0.0211
0.0211
0.0211
0.0210
0.0210
0.0210
0.0210
0.0210
0.0210
0.0210
0.0210
0.0210
0.0210
0.0210
0.0211
0.0211
0.0212
0.0213
0.0214
0.0214
0.0214
0.0214
0.0214
0.0214
0.0214
0.0214
0.0214
0.0214
0.0213
0.0213
0.0212
0.0211
0.0211
0.0210
0.0210
0.0211
0.0212
0.0213
0.0214
0.0216
0.0217
0.0218
0.0219
0.0220
0.0221
0.0221
0.0220
0.0219
0.0218
0.0216
0.0215
0.0214
0.0213
0.0212
0.0212
0.0211
0.0210
0.0210
0.0210
0.0211
0.0213
0.0214
0.0215
0.0216
0.0216
0.0217
0.0217
0.0217
0.0217
0.0217
0.0217
0.0216
0.0214
0.0213
0.0212
0.0211
0.0210
0.0209
0.0208
0.0207
0.0207
0.0206
0.0206
0.0206
0.0206
0.0207
0.0207
0.0208
0.0209
0.0210
0.0211
0.0212
0.0213
0.0213
0.0214
0.0214
0.0214
0.0214
0.0214
0.0214
0.0213
0.0212
0.0211
0.0210
0.0209
0.0208
0.0208
0.0207
0.0207
0.0207
0.0207
0.0208
0.0208
0.0209
0.0209
0.0210
0.0210
0.0211
0.0211
0.0211
0.0212
0.0212
0.0212
0.0211
0.0211
0.0210
0.0210
0.0210
0.0210
0.0210
0.0211
0.0211
0.0210
0.0210
0.0211
0.0211
0.0212
0.0213
0.0212
0.0212
0.0212
0.0212
0.0212
0.0211
0.0211
0.0211
0.0211
0.0210
0.0210
0.0209
0.0208
0.0208
0.0207
0.0207
0.0207
0.0208
0.0209
0.0210
0.0211
0.0212
0.0214
0.0215
0.0216
0.0217
0.0217
0.0217
0.0217
0.0215
0.0214
0.0212
0.0211
0.0210
0.0210
0.0209
0.0208
0.0207
0.0206
0.0206
0.0207
0.0208
0.0209
0.0211
0.0212
0.0213
0.0214
0.0215
0.0215
0.0215
0.0216
0.0216
0.0215
0.0215
0.0214
0.0213
0.0212
0.0211
0.0210
0.0209
0.0208
0.0207
0.0207
0.0207
0.0207
0.0207
0.0207
0.0207
0.0208
0.0209
0.0210
0.0210
0.0211
0.0212
0.0213
0.0214
0.0214
0.0214
0.0215
0.0215
0.0214
0.0214
0.0213
0.0212
0.0211
0.0211
0.0210
0.0209
0.0209
0.0208
0.0208
0.0208
0.0208
0.0208
0.0209
0.0209
0.0210
0.0210
0.0210
0.0210
0.0210
0.0210
0.0211
0.0211
0.0211
0.0210
0.0210
0.0209
0.0209
0.0209
0.0209
0.0209
0.0209
0.0209
0.0209
0.0209
0.0209
0.0209
0.0210
0.0211
0.0207
0.0208
0.0208
0.0207
0.0207
0.0207
0.0207
0.0206
0.0206
0.0205
0.0205
0.0204
0.0203
0.0203
0.0202
0.0202
0.0202
0.0203
0.0204
0.0205
0.0206
0.0207
0.0208
0.0210
0.0211
0.0211
0.0212
0.0212
0.0211
0.0210
0.0208
0.0207
0.0206
0.0205
0.0204
0.0204
0.0203
0.0202
0.0201
0.0201
0.0202
0.0203
0.0204
0.0206
0.0208
0.0209
0.0210
0.0211
0.0211
0.0211
0.0212
0.0212
0.0212
0.0211
0.0210
0.0210
0.0209
0.0208
0.0207
0.0207
0.0206
0.0206
0.0205
0.0205
0.0205
0.0205
0.0205
0.0206
0.0206
0.0207
0.0208
0.0209
0.0209
0.0210
0.0211
0.0212
0.0212
0.0212
0.0212
0.0212
0.0212
0.0212
0.0211
0.0210
0.0210
0.0209
0.0208
0.0208
0.0207
0.0207
0.0207
0.0207
0.0207
0.0207
0.0207
0.0207
0.0208
0.0208
0.0208
0.0208
0.0208
0.0208
0.0208
0.0208
0.0207
0.0207
0.0207
0.0206
0.0206
0.0205
0.0205
0.0205
0.0205
0.0205
0.0205
0.0205
0.0205
0.0206
0.0206
0.0207
0.0201
0.0201
0.0201
0.0201
0.0200
0.0200
0.0200
0.0199
0.0199
0.0199
0.0198
0.0197
0.0197
0.0196
0.0196
0.0196
0.0196
0.0196
0.0197
0.0198
0.0199
0.0200
0.0201
0.0202
0.0203
0.0204
0.0204
0.0204
0.0203
0.0202
0.0201
0.0200
0.0199
0.0198
0.0197
0.0197
0.0196
0.0195
0.0195
0.0195
0.0195
0.0196
0.0198
0.0199
0.0201
0.0202
0.0203
0.0204
0.0204
0.0205
0.0205
0.0205
0.0205
0.0205
0.0204
0.0204
0.0203
0.0203
0.0202
0.0202
0.0201
0.0201
0.0201
0.0201
0.0201
0.0201
0.0201
0.0201
0.0202
0.0203
0.0203
0.0204
0.0204
0.0205
0.0206
0.0206
0.0206
0.0207
0.0207
0.0207
0.0207
0.0206
0.0206
0.0205
0.0205
0.0204
0.0204
0.0203
0.0203
0.0203
0.0202
0.0202
0.0202
0.0202
0.0202
0.0202
0.0203
0.0203
0.0203
0.0203
0.0202
0.0202
0.0202
0.0202
0.0202
0.0201
0.0201
0.0200
0.0200
0.0200
0.0200
0.0200
0.0200
0.0200
0.0200
0.0200
0.0200
0.0200
0.0200
0.0201
0.0192
0.0192
0.0192
0.0191
0.0191
0.0191
0.0191
0.0190
0.0190
0.0190
0.0189
0.0189
0.0188
0.0188
0.0187
0.0187
0.0188
0.0188
0.0189
0.0189
0.0190
0.0191
0.0192
0.0193
0.0193
0.0194
0.0194
0.0194
0.0193
0.0193
0.0192
0.0191
0.0190
0.0189
0.0188
0.0188
0.0188
0.0187
0.0187
0.0187
0.0187
0.0188
0.0189
0.0191
0.0192
0.0193
0.0194
0.0194
0.0195
0.0195
0.0195
0.0195
0.0195
0.0195
0.0195
0.0195
0.0194
0.0194
0.0193
0.0193
0.0193
0.0193
0.0192
0.0192
0.0193
0.0193
0.0193
0.0193
0.0194
0.0194
0.0194
0.0195
0.0195
0.0196
0.0196
0.0197
0.0197
0.0197
0.0197
0.0197
0.0197
0.0197
0.0196
0.0196
0.0196
0.0195
0.0195
0.0195
0.0194
0.0194
0.0194
0.0194
0.0194
0.0194
0.0194
0.0194
0.0194
0.0194
0.0194
0.0194
0.0194
0.0193
0.0193
0.0193
0.0193
0.0193
0.0192
0.0192
0.0192
0.0191
0.0191
0.0191
0.0191
0.0191
0.0191
0.0191
0.0191
0.0191
0.0191
0.0191
0.0179
0.0179
0.0179
0.0179
0.0179
0.0179
0.0179
0.0179
0.0178
0.0178
0.0178
0.0178
0.0177
0.0177
0.0177
0.0177
0.0177
0.0178
0.0178
0.0178
0.0179
0.0179
0.0180
0.0180
0.0181
0.0181
0.0181
0.0181
0.0181
0.0180
0.0180
0.0179
0.0179
0.0178
0.0178
0.0178
0.0177
0.0177
0.0177
0.0177
0.0178
0.0178
0.0179
0.0179
0.0180
0.0180
0.0181
0.0181
0.0182
0.0182
0.0182
0.0182
0.0182
0.0182
0.0182
0.0181
0.0181
0.0181
0.0181
0.0181
0.0180
0.0180
0.0180
0.0180
0.0180
0.0180
0.0180
0.0181
0.0181
0.0181
0.0181
0.0182
0.0182
0.0182
0.0183
0.0183
0.0183
0.0183
0.0183
0.0183
0.0183
0.0183
0.0182
0.0182
0.0182
0.0182
0.0182
0.0181
0.0181
0.0181
0.0181
0.0181
0.0181
0.0181
0.0181
0.0181
0.0181
0.0181
0.0181
0.0181
0.0181
0.0181
0.0181
0.0181
0.0181
0.0180
0.0180
0.0180
0.0180
0.0180
0.0180
0.0180
0.0179
0.0179
0.0179
0.0179
0.0179
0.0179
0.0179
0.0179
0.0163
0.0163
0.0164
0.0164
0.0164
0.0164
0.0164
0.0164
0.0164
0.0164
0.0163
0.0164
0.0164
0.0164
0.0164
0.0164
0.0165
0.0165
0.0165
0.0165
0.0165
0.0165
0.0165
0.0165
0.0165
0.0164
0.0164
0.0164
0.0164
0.0164
0.0165
0.0165
0.0165
0.0165
0.0165
0.0165
0.0165
0.0165
0.0165
0.0165
0.0165
0.0165
0.0165
0.0165
0.0164
0.0164
0.0165
0.0165
0.0165
0.0165
0.0165
0.0164
0.0164
0.0164
0.0164
0.0164
0.0164
0.0164
0.0164
0.0164
0.0164
0.0164
0.0164
0.0164
0.0164
0.0164
0.0164
0.0164
0.0164
0.0164
0.0164
0.0164
0.0164
0.0164
0.0164
0.0164
0.0164
0.0164
0.0164
0.0164
0.0164
0.0164
0.0164
0.0164
0.0164
0.0164
0.0163
0.0163
0.0163
0.0163
0.0163
0.0163
0.0163
0.0163
0.0163
0.0163
0.0163
0.0163
0.0163
0.0164
0.0164
0.0164
0.0164
0.0164
0.0164
0.0164
0.0165
0.0165
0.0165
0.0165
0.0164
0.0164
0.0164
0.0164
0.0164
0.0164
0.0164
0.0164
0.0163
0.0163
0.0143
0.0143
0.0143
0.0144
0.0144
0.0144
0.0144
0.0144
0.0144
0.0144
0.0144
0.0145
0.0145
0.0146
0.0147
0.0147
0.0148
0.0148
0.0148
0.0147
0.0147
0.0146
0.0145
0.0144
0.0143
0.0143
0.0142
0.0142
0.0142
0.0143
0.0145
0.0146
0.0148
0.0148
0.0149
0.0149
0.0149
0.0149
0.0149
0.0149
0.0148
0.0147
0.0146
0.0145
0.0144
0.0144
0.0144
0.0144
0.0143
0.0143
0.0142
0.0142
0.0141
0.0141
0.0141
0.0141
0.0142
0.0142
0.0142
0.0142
0.0142
0.0142
0.0142
0.0142
0.0142
0.0142
0.0141
0.0141
0.0141
0.0141
0.0141
0.0141
0.0141
0.0140
0.0140
0.0140
0.0140
0.0140
0.0140
0.0140
0.0140
0.0140
0.0140
0.0140
0.0140
0.0140
0.0140
0.0140
0.0140
0.0140
0.0140
0.0140
0.0140
0.0140
0.0140
0.0140
0.0140
0.0140
0.0140
0.0141
0.0142
0.0142
0.0143
0.0143
0.0143
0.0144
0.0144
0.0145
0.0145
0.0145
0.0144
0.0144
0.0143
0.0143
0.0143
0.0143
0.0143
0.0143
0.0143
0.0143
0.0116
0.0117
0.0117
0.0117
0.0117
0.0117
0.0117
0.0117
0.0117
0.0118
0.0118
0.0119
0.0120
0.0121
0.0122
0.0123
0.0124
0.0124
0.0124
0.0123
0.0122
0.0120
0.0118
0.0116
0.0115
0.0114
0.0113
0.0113
0.0114
0.0115
0.0117
0.0120
0.0122
0.0124
0.0126
0.0127
0.0127
0.0127
0.0126
0.0124
0.0123
0.0121
0.0120
0.0119
0.0118
0.0117
0.0116
0.0116
0.0114
0.0113
0.0112
0.0112
0.0112
0.0112
0.0112
0.0112
0.0113
0.0113
0.0113
0.0114
0.0113
0.0113
0.0113
0.0113
0.0113
0.0112
0.0112
0.0112
0.0112
0.0111
0.0111
0.0111
0.0110
0.0110
0.0110
0.0110
0.0110
0.0110
0.0110
0.0109
0.0109
0.0109
0.0109
0.0109
0.0109
0.0110
0.0110
0.0110
0.0110
0.0110
0.0111
0.0111
0.0111
0.0111
0.0110
0.0110
0.0111
0.0111
0.0111
0.0111
0.0112
0.0113
0.0114
0.0115
0.0116
0.0116
0.0117
0.0117
0.0118
0.0118
0.0117
0.0117
0.0116
0.0115
0.0115
0.0115
0.0115
0.0115
0.0115
0.0116
0.0079
0.0079
0.0079
0.0079
0.0079
0.0079
0.0079
0.0079
0.0079
0.0080
0.0081
0.0082
0.0083
0.0084
0.0085
0.0086
0.0086
0.0087
0.0087
0.0086
0.0084
0.0082
0.0080
0.0078
0.0076
0.0075
0.0075
0.0075
0.0076
0.0077
0.0079
0.0081
0.0084
0.0087
0.0089
0.0090
0.0091
0.0090
0.0088
0.0086
0.0084
0.0083
0.0082
0.0081
0.0080
0.0080
0.0079
0.0077
0.0076
0.0075
0.0074
0.0074
0.0073
0.0074
0.0074
0.0075
0.0075
0.0075
0.0076
0.0076
0.0076
0.0075
0.0075
0.0074
0.0074
0.0074
0.0074
0.0074
0.0073
0.0073
0.0073
0.0072
0.0072
0.0072
0.0072
0.0072
0.0071
0.0071
0.0071
0.0071
0.0071
0.0071
0.0071
0.0071
0.0071
0.0071
0.0072
0.0072
0.0073
0.0073
0.0073
0.0072
0.0072
0.0072
0.0072
0.0073
0.0073
0.0073
0.0073
0.0073
0.0074
0.0074
0.0075
0.0076
0.0077
0.0078
0.0079
0.0079
0.0079
0.0079
0.0079
0.0079
0.0078
0.0078
0.0077
0.0077
0.0077
0.0077
0.0078
0.0078
0.0029
0.0029
0.0029
0.0028
0.0028
0.0028
0.0028
0.0028
0.0029
0.0029
0.0029
0.0030
0.0030
0.0030
0.0031
0.0031
0.0032
0.0032
0.0032
0.0031
0.0031
0.0030
0.0029
0.0028
0.0027
0.0027
0.0026
0.0027
0.0027
0.0027
0.0028
0.0029
0.0030
0.0032
0.0033
0.0034
0.0034
0.0033
0.0032
0.0031
0.0030
0.0030
0.0029
0.0029
0.0029
0.0029
0.0028
0.0028
0.0027
0.0026
0.0026
0.0026
0.0026
0.0026
0.0026
0.0026
0.0027
0.0027
0.0027
0.0027
0.0027
0.0027
0.0026
0.0026
0.0026
0.0026
0.0026
0.0026
0.0026
0.0026
0.0026
0.0025
0.0025
0.0025
0.0025
0.0025
0.0025
0.0025
0.0025
0.0025
0.0025
0.0025
0.0025
0.0025
0.0025
0.0025
0.0025
0.0025
0.0026
0.0026
0.0026
0.0026
0.0025
0.0025
0.0026
0.0026
0.0026
0.0026
0.0026
0.0026
0.0026
0.0026
0.0027
0.0027
0.0028
0.0028
0.0028
0.0028
0.0028
0.0028
0.0028
0.0028
0.0028
0.0028
0.0028
0.0027
0.0027
0.0027
0.0028
0.0028
