10000  1.7831  2.7627
20000  0.8628  2.9653
30000  -0.0592  3.0033
40000  -1.3716  3.0258
50000  -2.9572  3.0361
60000  -4.7086  3.0220
70000  -6.6020  3.0287
80000  -3.8315  3.0197
90000  -1.9283  3.0152
100000  -3.0145  3.0110
110000  -4.0492  2.9941
120000  -5.0948  3.0143
130000  -6.1570  3.0219
140000  -5.2317  3.0203
150000  -6.0618  3.0347
160000  -6.4975  3.0216
170000  -6.5157  2.9981
180000  -7.9213  2.9756
190000  -6.1514  2.9840
200000  -5.7882  3.0015
210000  -6.7820  3.0260
220000  -8.2198  3.0376
230000  -9.2431  3.0281
240000  -9.7130  3.0124
250000  -9.6254  2.9975
260000  -9.1459  2.9994
270000  -8.4672  2.9822
280000  -7.7314  2.9674
290000  -8.0071  2.9720
300000  -8.8751  2.9864
310000  -9.7449  3.0082
320000  -7.1179  3.0118
330000  -7.8625  3.0102
340000  -8.9190  3.0097
350000  -9.8929  3.0001
360000  -6.1200  3.0048
370000  -11.3256  3.0064
380000  -11.1142  3.0139
390000  -10.9613  3.0143
400000  -10.8431  3.0157
410000  -10.7742  3.0166
420000  -10.7630  3.0336
430000  -10.8166  3.0369
440000  -10.9937  3.0342
450000  -11.2552  3.0309
460000  -9.8226  3.0487
470000  -10.3363  3.0249
480000  -10.0549  3.0080
490000  -10.1113  3.0081
500000  -10.1314  3.0113
510000  -10.1398  3.0269
520000  -10.1277  3.0364
530000  -10.0708  3.0150
540000  -9.9743  2.9885
550000  -9.8780  3.0010
560000  -9.8453  3.0037
570000  -9.9094  3.0173
580000  -10.0013  3.0341
590000  -10.0784  3.0455
600000  -10.1567  3.0436
610000  -10.2100  3.0379
620000  -10.2323  3.0313
630000  -10.2320  3.0286
640000  -10.2183  3.0231
650000  -10.1966  3.0275
660000  -10.1785  3.0397
670000  -10.1662  3.0452
680000  -10.1605  3.0440
690000  -10.1589  3.0301
700000  -10.1613  3.0140
710000  -10.1889  3.0019
720000  -10.2484  2.9936
730000  -10.3474  2.9848
740000  -10.4834  2.9920
750000  -10.6911  3.0010
760000  -10.9501  3.0026
770000  -11.1976  3.0007
780000  -11.4500  3.0025
790000  -10.8354  2.9998
800000  -9.8121  2.9990
810000  -9.7613  3.0148
820000  -9.9889  3.0134
830000  -10.2386  3.0218
840000  -9.8889  3.0275
850000  -10.0900  3.0298
860000  -7.8060  3.0277
870000  -7.6510  3.0281
880000  -7.1234  3.0272
890000  -7.8027  3.0322
900000  -8.6499  3.0266
910000  -9.6098  3.0196
920000  -10.5445  3.0200
930000  -7.8137  3.0131
940000  -8.1663  2.9904
950000  -8.0694  2.9915
960000  -7.5884  3.0185
970000  -8.5321  3.0300
980000  -9.4752  3.0417
990000  -10.2451  3.0298
1000000  -5.0945  3.0188
1010000  -9.9094  3.0139
1020000  -9.7273  3.0122
1030000  -9.9594  2.9991
1040000  -9.6418  2.9922
1050000  -10.8587  3.0113
1060000  -10.6144  3.0489
1070000  -10.4018  3.0577
1080000  -10.2466  3.0282
1090000  -10.1747  3.0086
1100000  -10.1237  3.0246
1110000  -9.9837  3.0416
1120000  -9.6980  3.0429
1130000  -9.1878  3.0431
1140000  -9.0204  3.0373
1150000  -9.3925  3.0263
1160000  -9.9344  3.0247
1170000  -8.5405  3.0175
1180000  -8.6106  3.0180
1190000  -8.8744  3.0285
1200000  -9.2112  3.0451
1210000  -8.6901  3.0398
1220000  -9.1869  3.0460
1230000  -8.3831  3.0449
1240000  -8.7378  3.0419
1250000  -7.5169  3.0444
1260000  -7.6533  3.0381
1270000  -7.9338  3.0310
1280000  -8.2391  3.0288
1290000  -8.6602  3.0292
1300000  -8.3826  3.0257
1310000  -8.8539  3.0311
1320000  -9.3880  3.0348
1330000  -9.9564  3.0408
1340000  -8.9177  3.0437
1350000  -9.6681  3.0468
1360000  -8.4178  3.0440
1370000  -7.7336  3.0504
1380000  -6.8153  3.0530
1390000  -6.0027  3.0289
1400000  -5.9331  3.0047
1410000  -5.7769  2.9903
1420000  -5.5487  3.0270
1430000  -5.3372  3.0325
1440000  -7.9228  3.0605
1450000  -8.4243  3.0636
1460000  -8.0062  3.0467
1470000  -7.6331  3.0243
1480000  -7.3640  3.0139
1490000  -8.9660  3.0111
1500000  -8.1732  3.0159
1510000  -7.4572  3.0207
1520000  -7.8124  3.0166
1530000  -8.0216  3.0237
1540000  -8.4268  3.0161
1550000  -8.7909  3.0228
1560000  -9.0755  3.0254
1570000  -9.2181  3.0228
1580000  -9.1610  3.0317
1590000  -9.0982  3.0451
1600000  -8.7895  3.0601
1610000  -8.4626  3.0505
1620000  -8.8862  3.0450
1630000  -8.2297  3.0502
1640000  -8.3824  3.0639
1650000  -8.4659  3.0688
1660000  -8.3931  3.0614
1670000  -8.6218  3.0528
1680000  -8.5083  3.0459
1690000  -8.8131  3.0581
1700000  -9.1222  3.0608
1710000  -9.4334  3.0474
1720000  -9.7471  3.0341
1730000  -7.6029  3.0210
1740000  -7.4837  3.0153
1750000  -8.3465  3.0115
1760000  -7.8438  3.0174
1770000  -8.1233  3.0196
1780000  -9.6556  3.0233
1790000  -8.8368  3.0293
1800000  -9.1418  3.0359
1810000  -9.4290  3.0456
1820000  -9.8976  3.0558
1830000  -9.9384  3.0333
1840000  -10.0800  3.0241
1850000  -10.1292  3.0220
1860000  -10.1485  3.0270
1870000  -10.1698  3.0265
1880000  -10.1973  3.0275
1890000  -10.2180  3.0345
1900000  -10.2295  3.0118
1910000  -10.2331  3.0012
1920000  -10.2355  3.0113
1930000  -10.2380  3.0257
1940000  -10.2428  3.0421
1950000  -10.2543  3.0558
1960000  -10.2720  3.0612
1970000  -10.2805  3.0573
1980000  -10.2553  3.0558
1990000  -10.1498  3.0763
2000000  -9.9283  3.0832
