1500  1.2653  1.2653  64.2333
3000  1.2650  1.2652  64.2466
4500  1.2651  1.2652  64.2414
6000  1.2657  1.2653  64.2120
7500  1.2668  1.2656  64.1566
9000  1.2681  1.2660  64.0918
10500  1.2690  1.2664  64.0477
12000  1.2698  1.2669  64.0065
13500  1.2706  1.2673  63.9641
15000  1.2711  1.2677  63.9415
16500  1.2716  1.2680  63.9137
18000  1.2721  1.2684  63.8911
19500  1.2724  1.2687  63.8749
21000  1.2726  1.2690  63.8628
22500  1.2729  1.2692  63.8497
24000  1.2734  1.2695  63.8270
25500  1.2738  1.2697  63.8030
27000  1.2741  1.2700  63.7907
28500  1.2741  1.2702  63.7882
30000  1.2740  1.2704  63.7958
31500  1.2734  1.2705  63.8246
33000  1.2731  1.2706  63.8405
34500  1.2732  1.2708  63.8355
36000  1.2728  1.2708  63.8546
37500  1.2723  1.2709  63.8811
39000  1.2717  1.2709  63.9088
40500  1.2716  1.2710  63.9164
42000  1.2720  1.2710  63.8954
43500  1.2725  1.2710  63.8708
45000  1.2724  1.2711  63.8768
46500  1.2716  1.2711  63.9145
48000  1.2707  1.2711  63.9598
49500  1.2699  1.2711  64.0020
51000  1.2695  1.2710  64.0228
52500  1.2693  1.2710  64.0294
54000  1.2698  1.2709  64.0062
55500  1.2708  1.2709  63.9532
57000  1.2723  1.2710  63.8822
58500  1.2734  1.2710  63.8240
60000  1.2745  1.2711  63.7682
61500  1.2753  1.2712  63.7275
63000  1.2758  1.2713  63.7041
64500  1.2762  1.2714  63.6826
66000  1.2768  1.2716  63.6564
67500  1.2773  1.2717  63.6309
69000  1.2776  1.2718  63.6140
70500  1.2774  1.2719  63.6256
72000  1.2770  1.2720  63.6468
73500  1.2764  1.2721  63.6772
75000  1.2758  1.2722  63.7060
76500  1.2751  1.2723  63.7374
78000  1.2745  1.2723  63.7687
79500  1.2740  1.2723  63.7924
81000  1.2733  1.2723  63.8294
82500  1.2728  1.2724  63.8568
84000  1.2723  1.2724  63.8788
85500  1.2717  1.2723  63.9120
87000  1.2710  1.2723  63.9443
88500  1.2703  1.2723  63.9802
90000  1.2698  1.2722  64.0079
91500  1.2691  1.2722  64.0405
93000  1.2689  1.2721  64.0535
94500  1.2692  1.2721  64.0351
96000  1.2694  1.2721  64.0247
97500  1.2700  1.2720  63.9982
99000  1.2708  1.2720  63.9533
100500  1.2715  1.2720  63.9220
102000  1.2718  1.2720  63.9040
103500  1.2723  1.2720  63.8824
105000  1.2728  1.2720  63.8560
106500  1.2729  1.2720  63.8515
108000  1.2733  1.2720  63.8316
109500  1.2743  1.2721  63.7774
111000  1.2750  1.2721  63.7446
112500  1.2751  1.2721  63.7404
114000  1.2757  1.2722  63.7118
115500  1.2760  1.2722  63.6929
117000  1.2761  1.2723  63.6895
118500  1.2764  1.2723  63.6772
120000  1.2761  1.2724  63.6911
121500  1.2758  1.2724  63.7067
123000  1.2760  1.2725  63.6960
124500  1.2767  1.2725  63.6582
126000  1.2776  1.2726  63.6133
127500  1.2780  1.2727  63.5944
129000  1.2782  1.2727  63.5859
130500  1.2780  1.2728  63.5964
132000  1.2777  1.2728  63.6090
133500  1.2776  1.2729  63.6151
135000  1.2778  1.2729  63.6059
136500  1.2783  1.2730  63.5791
138000  1.2787  1.2731  63.5589
139500  1.2791  1.2731  63.5390
141000  1.2798  1.2732  63.5061
142500  1.2806  1.2733  63.4669
144000  1.2816  1.2734  63.4186
145500  1.2819  1.2734  63.4035
147000  1.2818  1.2735  63.4090
148500  1.2810  1.2736  63.4459
150000  1.2803  1.2737  63.4791
151500  1.2799  1.2737  63.5009
153000  1.2798  1.2738  63.5068
154500  1.2800  1.2739  63.4952
156000  1.2800  1.2739  63.4967
157500  1.2799  1.2740  63.5016
159000  1.2801  1.2740  63.4930
160500  1.2806  1.2741  63.4666
162000  1.2813  1.2742  63.4293
163500  1.2817  1.2742  63.4125
165000  1.2814  1.2743  63.4279
166500  1.2810  1.2744  63.4467
168000  1.2809  1.2744  63.4524
169500  1.2808  1.2745  63.4551
171000  1.2811  1.2745  63.4410
172500  1.2818  1.2746  63.4069
174000  1.2825  1.2747  63.3707
175500  1.2827  1.2747  63.3599
177000  1.2826  1.2748  63.3690
178500  1.2823  1.2749  63.3823
180000  1.2822  1.2749  63.3853
181500  1.2822  1.2750  63.3885
183000  1.2820  1.2750  63.3971
184500  1.2816  1.2751  63.4152
186000  1.2814  1.2751  63.4286
187500  1.2811  1.2752  63.4434
189000  1.2809  1.2752  63.4513
190500  1.2811  1.2753  63.4391
192000  1.2823  1.2753  63.3832
193500  1.2829  1.2754  63.3525
195000  1.2828  1.2754  63.3565
196500  1.2825  1.2755  63.3724
198000  1.2818  1.2756  63.4086
199500  1.2808  1.2756  63.4582
201000  1.2795  1.2756  63.5212
202500  1.2782  1.2756  63.5844
204000  1.2776  1.2757  63.6165
205500  1.2774  1.2757  63.6250
207000  1.2775  1.2757  63.6180
208500  1.2779  1.2757  63.5981
210000  1.2789  1.2757  63.5502
211500  1.2798  1.2757  63.5065
213000  1.2798  1.2758  63.5077
214500  1.2790  1.2758  63.5449
216000  1.2785  1.2758  63.5723
217500  1.2784  1.2758  63.5774
219000  1.2785  1.2759  63.5688
220500  1.2787  1.2759  63.5589
222000  1.2789  1.2759  63.5494
223500  1.2784  1.2759  63.5729
225000  1.2776  1.2759  63.6150
226500  1.2768  1.2759  63.6557
228000  1.2760  1.2759  63.6942
229500  1.2755  1.2759  63.7217
231000  1.2749  1.2759  63.7479
232500  1.2743  1.2759  63.7774
234000  1.2737  1.2759  63.8080
235500  1.2732  1.2759  63.8370
237000  1.2732  1.2759  63.8367
238500  1.2737  1.2758  63.8086
240000  1.2745  1.2758  63.7718
241500  1.2751  1.2758  63.7378
243000  1.2755  1.2758  63.7193
244500  1.2755  1.2758  63.7181
246000  1.2757  1.2758  63.7093
247500  1.2759  1.2758  63.7008
249000  1.2757  1.2758  63.7084
250500  1.2752  1.2758  63.7356
252000  1.2742  1.2758  63.7826
253500  1.2736  1.2758  63.8168
255000  1.2734  1.2758  63.8238
256500  1.2737  1.2758  63.8097
258000  1.2743  1.2758  63.7797
259500  1.2750  1.2758  63.7429
261000  1.2754  1.2758  63.7233
262500  1.2748  1.2758  63.7538
264000  1.2738  1.2757  63.8047
265500  1.2727  1.2757  63.8617
267000  1.2717  1.2757  63.9079
268500  1.2711  1.2757  63.9427
270000  1.2707  1.2756  63.9608
271500  1.2708  1.2756  63.9557
273000  1.2710  1.2756  63.9477
274500  1.2707  1.2756  63.9620
276000  1.2700  1.2755  63.9967
277500  1.2694  1.2755  64.0259
279000  1.2688  1.2755  64.0569
280500  1.2681  1.2754  64.0931
282000  1.2675  1.2754  64.1210
283500  1.2671  1.2753  64.1445
285000  1.2669  1.2753  64.1544
286500  1.2674  1.2753  64.1287
288000  1.2686  1.2752  64.0663
289500  1.2702  1.2752  63.9838
291000  1.2716  1.2752  63.9146
292500  1.2721  1.2752  63.8893
294000  1.2721  1.2751  63.8907
295500  1.2721  1.2751  63.8894
297000  1.2722  1.2751  63.8848
298500  1.2723  1.2751  63.8787
300000  1.2723  1.2751  63.8794
