894.7821  14.0013  29.5001  9.5000  0.0075  0.7404
894.7880  27.3347  29.5000  9.5000  0.0074  0.7788
894.7875  40.6682  29.5000  9.5001  0.0074  0.7669
894.7850  54.0014  29.5000  9.5001  0.0075  0.7532
894.7831  67.3349  29.5001  9.5000  0.0073  0.7683
894.7797  80.6680  29.5000  9.5000  0.0080  0.7723
894.7812  94.0017  29.5000  9.5001  0.0072  0.7431
894.7762  107.3347  29.4999  9.5001  0.0071  0.7634
894.7775  0.6680  29.5000  9.5001  0.0075  0.7703
891.6597  21.0780  29.5000  9.4997  0.0148  0.9562
891.7143  34.4104  29.5002  9.4998  0.0146  0.9774
891.6960  47.7443  29.4998  9.5003  0.0147  0.9715
891.6899  61.0778  29.5000  9.5004  0.0148  0.9651
891.6525  74.4112  29.4996  9.4997  0.0149  0.9823
891.6535  87.7449  29.4996  9.5003  0.0145  0.9896
891.6650  101.0786  29.5001  9.5001  0.0149  0.9491
891.6355  114.4111  29.4995  9.5005  0.0155  0.9760
891.6355  7.7450  29.5001  9.4999  0.0148  0.9864
889.9763  28.0803  29.4997  9.4991  0.0167  1.0888
890.0516  41.4107  29.5003  9.4996  0.0165  1.0594
890.0284  54.7449  29.4999  9.5004  0.0166  1.0623
890.0251  68.0786  29.5001  9.5004  0.0166  1.0608
889.9867  81.4119  29.4986  9.4994  0.0171  1.0893
889.9772  94.7462  29.4987  9.5006  0.0175  1.0738
889.9905  108.0805  29.5003  9.5003  0.0172  1.0847
889.9603  1.4120  29.4988  9.5009  0.0168  1.0725
889.9583  14.7471  29.5004  9.4996  0.0166  1.0923
889.2502  35.0551  29.4994  9.4985  0.0154  1.1226
889.3222  48.3833  29.5005  9.4993  0.0152  1.0894
889.3049  61.7177  29.5002  9.5005  0.0156  1.0958
889.3049  75.0517  29.5001  9.5003  0.0154  1.0988
889.2680  88.3853  29.4978  9.4993  0.0153  1.1151
889.2556  101.7203  29.4980  9.5009  0.0149  1.1038
889.2659  115.0550  29.5007  9.5005  0.0149  1.1187
889.2407  8.3853  29.4981  9.5011  0.0154  1.1036
889.2372  21.7219  29.5005  9.4995  0.0153  1.1201
888.8776  42.0238  29.4991  9.4981  0.0146  1.1327
888.9352  55.3502  29.5008  9.4992  0.0146  1.0972
888.9270  68.6846  29.5005  9.5007  0.0147  1.1054
888.9303  82.0189  29.5000  9.5003  0.0146  1.1086
888.8974  95.3525  29.4972  9.4992  0.0149  1.1220
888.8755  108.6883  29.4974  9.5011  0.0148  1.1131
888.8983  2.0232  29.5011  9.5005  0.0147  1.1266
888.8676  15.3527  29.4975  9.5013  0.0146  1.1143
888.8616  28.6907  29.5005  9.4995  0.0149  1.1263
888.6251  48.9921  29.4985  9.4979  0.0171  1.1399
888.6603  62.3166  29.5009  9.4990  0.0171  1.1044
888.6661  75.6512  29.5008  9.5009  0.0170  1.1108
888.6779  88.9861  29.4998  9.5002  0.0168  1.1133
888.6409  102.3198  29.4967  9.4991  0.0172  1.1261
888.6094  115.6561  29.4969  9.5012  0.0173  1.1187
888.6492  8.9912  29.5014  9.5006  0.0169  1.1302
888.6086  22.3199  29.4971  9.5013  0.0168  1.1211
888.6010  35.6593  29.5003  9.4996  0.0173  1.1295
888.4186  55.9602  29.4980  9.4977  0.0189  1.1456
888.4296  69.2832  29.5012  9.4989  0.0190  1.1104
888.4501  82.6179  29.5012  9.5010  0.0189  1.1164
888.4680  95.9532  29.4996  9.5002  0.0189  1.1185
888.4263  109.2870  29.4963  9.4991  0.0191  1.1314
888.3885  2.6240  29.4964  9.5012  0.0192  1.1241
888.4462  15.9590  29.5018  9.5007  0.0188  1.1341
888.3954  29.2870  29.4967  9.5013  0.0187  1.1274
888.3837  42.6278  29.5003  9.4997  0.0192  1.1334
888.2294  62.9275  29.4976  9.4975  0.0204  1.1513
888.2205  76.2489  29.5015  9.4987  0.0207  1.1159
888.2540  89.5838  29.5014  9.5011  0.0206  1.1229
888.2815  102.9195  29.4994  9.5001  0.0203  1.1238
888.2303  116.2535  29.4959  9.4992  0.0208  1.1373
888.1912  9.5911  29.4960  9.5012  0.0208  1.1300
888.2639  22.9259  29.5022  9.5008  0.0204  1.1387
888.2036  36.2532  29.4963  9.5013  0.0203  1.1344
888.1857  49.5955  29.5001  9.4997  0.0209  1.1382
888.0612  69.8928  29.4972  9.4974  0.0217  1.1571
888.0259  83.2129  29.5016  9.4986  0.0220  1.1218
888.0718  96.5479  29.5017  9.5012  0.0219  1.1292
888.1080  109.8843  29.4992  9.5001  0.0216  1.1297
888.0459  3.2184  29.4956  9.4993  0.0220  1.1435
888.0051  16.5565  29.4956  9.5012  0.0220  1.1363
888.0978  29.8911  29.5026  9.5009  0.0216  1.1439
888.0248  43.2177  29.4959  9.5012  0.0216  1.1413
888.0023  56.5613  29.5000  9.4998  0.0221  1.1437
887.9033  76.8558  29.4968  9.4972  0.0229  1.1629
887.8469  90.1744  29.5018  9.4986  0.0250  1.1287
887.8994  103.5099  29.5020  9.5013  0.0234  1.1348
887.9485  116.8467  29.4991  9.5000  0.0228  1.1352
887.8739  10.1809  29.4952  9.4994  0.0235  1.1502
887.8327  23.5197  29.4951  9.5012  0.0241  1.1425
887.9431  36.8540  29.5030  9.5010  0.0227  1.1494
887.8579  50.1800  29.4955  9.5013  0.0232  1.1485
887.8300  63.5248  29.4999  9.4999  0.0243  1.1493
887.7566  83.8162  29.4964  9.4971  0.0264  1.1681
887.6755  97.1332  29.5020  9.4985  0.0282  1.1366
887.7456  110.4692  29.5022  9.5013  0.0262  1.1415
887.7971  123.8064  29.4989  9.5000  0.0253  1.1415
887.7158  17.1407  29.4949  9.4996  0.0267  1.1570
887.6719  30.4801  29.4948  9.5011  0.0272  1.1488
887.8014  43.8140  29.5033  9.5011  0.0256  1.1550
887.7029  57.1394  29.4952  9.5013  0.0264  1.1556
887.6721  70.4853  29.4998  9.4999  0.0277  1.1554
887.6229  90.7734  29.4961  9.4970  0.0287  1.1735
887.5129  104.0890  29.5022  9.4985  0.0310  1.1452
887.5967  117.4257  29.5025  9.5014  0.0294  1.1476
887.6610  10.7635  29.4988  9.4999  0.0286  1.1472
887.5667  24.0974  29.4946  9.4997  0.0296  1.1640
887.5248  37.4375  29.4943  9.5011  0.0300  1.1550
887.6670  50.7714  29.5037  9.5012  0.0285  1.1604
887.5563  64.0956  29.4949  9.5012  0.0291  1.1626
887.5265  77.4426  29.4997  9.5000  0.0295  1.1627
887.4976  97.7278  29.4958  9.4969  0.0321  1.1790
887.3678  111.0417  29.5024  9.4985  0.0338  1.1517
887.4641  4.3792  29.5027  9.5014  0.0321  1.1541
887.5336  17.7175  29.4988  9.4999  0.0311  1.1528
887.4304  31.0510  29.4943  9.4999  0.0322  1.1704
887.3903  44.3919  29.4938  9.5010  0.0326  1.1606
887.5437  57.7255  29.5040  9.5013  0.0309  1.1658
887.4245  71.0488  29.4947  9.5013  0.0314  1.1687
887.3881  84.3972  29.4996  9.5000  0.0330  1.1695
887.3824  104.6788  29.4954  9.4968  0.0334  1.1831
887.2382  117.9912  29.5025  9.4985  0.0359  1.1589
887.3416  11.3297  29.5029  9.5014  0.0344  1.1599
887.4191  24.6684  29.4986  9.4998  0.0334  1.1580
887.3049  38.0014  29.4940  9.5000  0.0343  1.1767
887.2675  51.3432  29.4934  9.5010  0.0349  1.1660
887.4302  64.6767  29.5043  9.5014  0.0335  1.1709
887.3039  77.9988  29.4943  9.5013  0.0340  1.1751
887.2651  91.3481  29.4995  9.5000  0.0342  1.1757
887.2795  111.6268  29.4951  9.4967  0.0345  1.1876
887.1194  4.9377  29.5026  9.4985  0.0381  1.1650
887.2296  18.2773  29.5031  9.5014  0.0365  1.1653
887.3121  31.6164  29.4986  9.4997  0.0354  1.1629
887.1912  44.9487  29.4938  9.5002  0.0364  1.1823
887.1538  58.2916  29.4929  9.5009  0.0372  1.1713
887.3286  71.6246  29.5047  9.5016  0.0345  1.1749
887.1955  84.9458  29.4941  9.5013  0.0358  1.1804
887.1569  98.2962  29.4994  9.4999  0.0369  1.1815
887.1877  118.5721  29.4949  9.4966  0.0371  1.1921
887.0122  11.8813  29.5028  9.4985  0.0399  1.1705
887.1310  25.2220  29.5032  9.5014  0.0383  1.1701
887.2175  38.5615  29.4985  9.4996  0.0372  1.1675
887.0897  51.8931  29.4935  9.5003  0.0384  1.1874
887.0540  65.2368  29.4924  9.5008  0.0391  1.1763
887.2349  78.5700  29.5050  9.5017  0.0369  1.1797
887.0968  91.8897  29.4938  9.5013  0.0370  1.1861
887.0530  105.2411  29.4993  9.4999  0.0384  1.1875
887.1062  5.5146  29.4946  9.4966  0.0388  1.1955
886.9177  18.8220  29.5029  9.4985  0.0416  1.1750
887.0394  32.1641  29.5034  9.5014  0.0399  1.1746
887.1300  45.5038  29.4984  9.4995  0.0389  1.1718
886.9969  58.8348  29.4933  9.5005  0.0402  1.1921
886.9655  72.1793  29.4919  9.5007  0.0401  1.1809
887.1516  85.5126  29.5053  9.5018  0.0383  1.1830
887.0098  98.8311  29.4936  9.5013  0.0398  1.1911
886.9663  112.1834  29.4992  9.4998  0.0398  1.1918
887.0305  12.4546  29.4944  9.4965  0.0402  1.1990
886.8337  25.7602  29.5030  9.4985  0.0431  1.1794
886.9611  39.1036  29.5035  9.5014  0.0413  1.1786
887.0522  52.4435  29.4983  9.4994  0.0402  1.1759
886.9133  65.7737  29.4931  9.5006  0.0416  1.1960
886.8824  79.1192  29.4914  9.5006  0.0414  1.1850
887.0790  92.4526  29.5056  9.5019  0.0404  1.1866
886.9315  105.7697  29.4933  9.5014  0.0410  1.1957
886.8852  -0.8770  29.4991  9.4997  0.0417  1.1967
886.9625  19.3920  29.4942  9.4964  0.0414  1.2021
886.7602  32.6958  29.5030  9.4985  0.0443  1.1837
886.8876  46.0408  29.5037  9.5014  0.0427  1.1821
886.9810  59.3809  29.4983  9.4993  0.0416  1.1798
886.8406  72.7102  29.4929  9.5008  0.0427  1.2006
886.8103  86.0568  29.4909  9.5005  0.0431  1.1894
887.0090  99.3901  29.5059  9.5020  0.0401  1.1899
886.8613  112.7060  29.4931  9.5014  0.0419  1.1999
886.8120  6.0602  29.4990  9.4996  0.0430  1.2003
886.9041  26.3273  29.4940  9.4963  0.0426  1.2049
886.6948  39.6294  29.5031  9.4985  0.0454  1.1873
886.8253  52.9757  29.5039  9.5013  0.0437  1.1853
886.9200  66.3160  29.4983  9.4992  0.0426  1.1830
886.7750  79.6444  29.4926  9.5009  0.0441  1.2036
886.7518  92.9921  29.4904  9.5004  0.0436  1.1928
886.9518  106.3255  29.5061  9.5021  0.0418  1.1927
886.8010  119.6400  29.4928  9.5015  0.0427  1.2035
886.7482  12.9952  29.4990  9.4996  0.0440  1.2038
886.8490  33.2605  29.4938  9.4963  0.0436  1.2074
886.6371  46.5609  29.5032  9.4985  0.0464  1.1905
886.7686  59.9086  29.5040  9.5013  0.0447  1.1883
886.8643  73.2490  29.4982  9.4991  0.0434  1.1864
886.7231  86.5765  29.4924  9.5010  0.0450  1.2070
886.6923  99.9255  29.4899  9.5004  0.0450  1.1956
886.8984  113.2590  29.5064  9.5022  0.0431  1.1949
886.7485  6.5723  29.4925  9.5015  0.0440  1.2071
886.6926  19.9281  29.4989  9.4994  0.0450  1.2068
886.8029  40.1919  29.4937  9.4962  0.0444  1.2097
886.5881  53.4906  29.5033  9.4985  0.0474  1.1934
886.7175  66.8398  29.5041  9.5013  0.0457  1.1909
886.8148  80.1803  29.4982  9.4991  0.0447  1.1890
886.6724  93.5070  29.4923  9.5011  0.0458  1.2099
886.6452  106.8571  29.4894  9.5003  0.0458  1.1987
886.8522  120.1906  29.5066  9.5023  0.0431  1.1973
886.7001  13.5026  29.4924  9.5015  0.0448  1.2101
886.6425  26.8592  29.4988  9.4994  0.0460  1.2094
886.7599  47.1216  29.4935  9.4961  0.0450  1.2119
886.5447  60.4187  29.5033  9.4986  0.0482  1.1955
886.6745  73.7693  29.5043  9.5012  0.0462  1.1935
886.7715  87.1098  29.4981  9.4990  0.0452  1.1914
886.6256  100.4356  29.4921  9.5012  0.0459  1.2121
886.6023  113.7870  29.4888  9.5002  0.0466  1.2002
886.8098  7.1209  29.5068  9.5024  0.0448  1.1993
886.6588  20.4314  29.4921  9.5015  0.0456  1.2126
886.5988  33.7885  29.4987  9.4993  0.0466  1.2115
886.7236  54.0498  29.4934  9.4960  0.0456  1.2138
886.5046  67.3452  29.5033  9.4986  0.0485  1.1975
886.6364  80.6972  29.5044  9.5012  0.0472  1.1957
886.7354  94.0379  29.4981  9.4989  0.0456  1.1933
886.5891  107.3629  29.4919  9.5014  0.0462  1.2141
886.5600  120.7155  29.4883  9.5002  0.0469  1.2024
886.7729  14.0496  29.5071  9.5025  0.0454  1.2014
886.6205  27.3587  29.4919  9.5015  0.0462  1.2147
886.5608  40.7164  29.4987  9.4992  0.0472  1.2133
886.6915  60.9767  29.4932  9.4959  0.0461  1.2155
886.4746  74.2704  29.5034  9.4986  0.0490  1.1993
886.6012  87.6240  29.5045  9.5012  0.0480  1.1976
886.7000  100.9647  29.4980  9.4988  0.0464  1.1949
886.5541  114.2889  29.4917  9.5015  0.0468  1.2163
886.5312  7.6427  29.4878  9.5001  0.0478  1.2045
886.7397  20.9770  29.5073  9.5026  0.0460  1.2035
886.5890  34.2847  29.4917  9.5015  0.0468  1.2164
886.5253  47.6430  29.4986  9.4991  0.0479  1.2150
886.6591  67.9023  29.4931  9.4958  0.0465  1.2174
886.4471  81.1946  29.5034  9.4986  0.0500  1.2004
886.5690  94.5495  29.5046  9.5011  0.0485  1.1991
886.6689  107.8904  29.4980  9.4988  0.0474  1.1964
886.5283  121.2136  29.4915  9.5016  0.0467  1.2182
886.5016  14.5689  29.4873  9.5001  0.0483  1.2059
886.7119  27.9032  29.5075  9.5026  0.0465  1.2054
886.5607  41.2095  29.4914  9.5015  0.0474  1.2183
886.4976  54.5683  29.4985  9.4990  0.0484  1.2167
886.6359  74.8270  29.4929  9.4957  0.0474  1.2189
886.4227  88.1177  29.5034  9.4986  0.0500  1.2016
886.5469  101.4741  29.5048  9.5011  0.0490  1.2007
886.6444  114.8149  29.4979  9.4987  0.0471  1.1977
886.5029  8.1378  29.4913  9.5017  0.0486  1.2190
886.4750  21.4939  29.4867  9.5000  0.0488  1.2071
886.6855  34.8284  29.5077  9.5027  0.0470  1.2068
886.5370  48.1333  29.4913  9.5015  0.0476  1.2196
886.4719  61.4926  29.4984  9.4989  0.0487  1.2184
886.6151  81.7507  29.4928  9.4957  0.0478  1.2201
886.3979  95.0402  29.5035  9.4986  0.0515  1.2028
886.5234  108.3975  29.5049  9.5010  0.0481  1.2023
886.6213  121.7386  29.4979  9.4987  0.0474  1.1988
886.4800  15.0608  29.4911  9.5018  0.0490  1.2202
886.4516  28.4181  29.4863  9.5000  0.0492  1.2081
886.6643  41.7527  29.5079  9.5028  0.0475  1.2084
886.5148  55.0562  29.4910  9.5014  0.0481  1.2209
886.4451  68.4161  29.4983  9.4988  0.0498  1.2196
886.5952  88.6737  29.4927  9.4956  0.0482  1.2215
886.3774  101.9617  29.5035  9.4987  0.0513  1.2038
886.5040  115.3204  29.5050  9.5009  0.0491  1.2031
886.6008  8.6617  29.4979  9.4986  0.0482  1.1997
886.4603  21.9831  29.4910  9.5018  0.0494  1.2212
886.4314  35.3414  29.4857  9.5000  0.0495  1.2090
886.6454  48.6761  29.5080  9.5029  0.0476  1.2093
886.4956  61.9783  29.4908  9.5014  0.0482  1.2221
886.4258  75.3385  29.4983  9.4988  0.0494  1.2215
886.5795  95.5958  29.4925  9.4955  0.0484  1.2228
886.3681  108.8824  29.5035  9.4986  0.0514  1.2052
886.4843  2.2427  29.5051  9.5009  0.0496  1.2040
886.5833  15.5839  29.4978  9.4986  0.0486  1.2006
886.4437  28.9047  29.4908  9.5019  0.0496  1.2220
886.4149  42.2640  29.4852  9.4999  0.0498  1.2100
886.6295  55.5989  29.5082  9.5030  0.0481  1.2101
886.4804  68.8997  29.4906  9.5014  0.0482  1.2230
886.4084  82.2603  29.4982  9.4987  0.0498  1.2219
886.5664  102.5174  29.4923  9.4954  0.0489  1.2238
886.3539  115.8026  29.5035  9.4987  0.0513  1.2062
886.4680  9.1643  29.5051  9.5009  0.0499  1.2049
886.5673  22.5056  29.4978  9.4986  0.0488  1.2013
886.4303  35.8256  29.4906  9.5020  0.0498  1.2228
886.3992  49.1860  29.4846  9.4999  0.0500  1.2110
886.6128  62.5210  29.5083  9.5031  0.0486  1.2106
886.4672  75.8205  29.4903  9.5014  0.0492  1.2243
886.3942  89.1814  29.4981  9.4986  0.0503  1.2229
886.5502  109.4383  29.4922  9.4954  0.0482  1.2242
886.3393  122.7225  29.5036  9.4987  0.0515  1.2071
886.4551  16.0852  29.5052  9.5008  0.0501  1.2056
886.5539  29.4266  29.4977  9.4985  0.0490  1.2022
886.4172  42.7460  29.4904  9.5021  0.0500  1.2237
886.3870  56.1074  29.4841  9.4999  0.0503  1.2122
886.6008  69.4424  29.5085  9.5031  0.0482  1.2112
886.4536  82.7405  29.4901  9.5013  0.0488  1.2251
886.3833  96.1021  29.4980  9.4985  0.0508  1.2240
886.5368  116.3588  29.4921  9.4953  0.0486  1.2244
886.3315  9.6418  29.5035  9.4987  0.0518  1.2077
886.4410  23.0058  29.5053  9.5008  0.0503  1.2062
886.5432  36.3472  29.4977  9.4985  0.0492  1.2032
886.4072  49.6660  29.4902  9.5021  0.0502  1.2245
886.3740  63.0285  29.4836  9.4999  0.0507  1.2132
886.5913  76.3635  29.5086  9.5032  0.0487  1.2116
886.4441  89.6604  29.4899  9.5013  0.0498  1.2259
886.3718  103.0221  29.4979  9.4984  0.0503  1.2247
886.5288  3.2789  29.4919  9.4953  0.0492  1.2250
886.3217  16.5607  29.5035  9.4987  0.0519  1.2081
886.4311  29.9259  29.5054  9.5007  0.0505  1.2068
886.5307  43.2673  29.4976  9.4985  0.0494  1.2038
886.3972  56.5857  29.4901  9.5022  0.0507  1.2253
886.3654  69.9489  29.4831  9.4998  0.0508  1.2138
886.5791  83.2842  29.5088  9.5033  0.0491  1.2120
886.4323  96.5797  29.4897  9.5013  0.0495  1.2268
886.3615  109.9420  29.4978  9.4984  0.0510  1.2254
886.5195  10.1987  29.4918  9.4952  0.0493  1.2255
886.3148  23.4794  29.5035  9.4987  0.0520  1.2085
886.4218  36.8456  29.5054  9.5007  0.0506  1.2073
886.5224  50.1871  29.4976  9.4985  0.0497  1.2045
886.3871  63.5048  29.4899  9.5023  0.0505  1.2255
886.3544  76.8691  29.4826  9.4998  0.0508  1.2137
886.5695  90.2042  29.5089  9.5034  0.0491  1.2123
886.4245  103.4986  29.4894  9.5012  0.0491  1.2273
886.3541  -3.1386  29.4977  9.4983  0.0509  1.2256
886.5107  17.1182  29.4917  9.4952  0.0495  1.2258
886.3068  30.3978  29.5035  9.4987  0.0521  1.2085
886.4124  43.7651  29.5055  9.5007  0.0509  1.2079
886.5148  57.1065  29.4975  9.4985  0.0497  1.2049
886.3798  70.4237  29.4897  9.5023  0.0511  1.2261
886.3476  83.7889  29.4821  9.4998  0.0511  1.2140
886.5632  97.1241  29.5090  9.5034  0.0489  1.2125
886.4210  110.4174  29.4892  9.5012  0.0491  1.2276
886.3445  3.7806  29.4977  9.4982  0.0510  1.2257
886.5036  24.0373  29.4915  9.4951  0.0496  1.2261
886.3032  37.3158  29.5035  9.4987  0.0521  1.2085
886.4076  50.6842  29.5056  9.5006  0.0510  1.2086
886.5066  64.0256  29.4975  9.4984  0.0496  1.2053
886.3752  77.3424  29.4896  9.5024  0.0510  1.2263
886.3432  90.7085  29.4816  9.4998  0.0514  1.2143
886.5553  104.0435  29.5091  9.5035  0.0487  1.2134
886.4147  117.3359  29.4890  9.5011  0.0493  1.2278
886.3388  10.6995  29.4976  9.4982  0.0510  1.2258
886.4976  30.9562  29.4914  9.4951  0.0497  1.2266
886.2979  44.2337  29.5035  9.4987  0.0523  1.2085
886.3995  57.6029  29.5056  9.5006  0.0508  1.2091
886.5010  70.9445  29.4974  9.4984  0.0499  1.2053
886.3702  84.2607  29.4894  9.5024  0.0504  1.2264
886.3348  97.6277  29.4811  9.4998  0.0506  1.2148
886.5470  110.9630  29.5092  9.5035  0.0490  1.2141
886.4116  4.2543  29.4888  9.5011  0.0499  1.2283
886.3325  17.6181  29.4975  9.4981  0.0511  1.2260
886.4914  37.8748  29.4913  9.4950  0.0497  1.2273
886.2942  51.1513  29.5035  9.4987  0.0524  1.2085
886.3921  64.5216  29.5057  9.5005  0.0513  1.2095
886.4951  77.8633  29.4974  9.4984  0.0500  1.2055
886.3678  91.1790  29.4892  9.5024  0.0515  1.2267
886.3286  104.5470  29.4806  9.4998  0.0520  1.2151
886.5451  117.8821  29.5094  9.5035  0.0489  1.2144
886.4069  11.1724  29.4886  9.5011  0.0500  1.2285
886.3276  24.5365  29.4974  9.4980  0.0513  1.2265
886.4882  44.7933  29.4911  9.4949  0.0499  1.2279
886.2902  58.0688  29.5034  9.4986  0.0525  1.2086
886.3884  71.4399  29.5058  9.5005  0.0507  1.2098
886.4921  84.7818  29.4974  9.4984  0.0503  1.2056
886.3618  98.0969  29.4890  9.5025  0.0514  1.2265
886.3197  111.4657  29.4801  9.4998  0.0511  1.2155
886.5413  4.8012  29.5095  9.5036  0.0496  1.2154
886.4027  18.0903  29.4884  9.5010  0.0501  1.2286
886.3227  31.4546  29.4973  9.4980  0.0513  1.2270
886.4831  51.7115  29.4909  9.4949  0.0499  1.2283
886.2846  64.9861  29.5035  9.4987  0.0524  1.2086
886.3839  78.3583  29.5059  9.5005  0.0514  1.2101
886.4863  91.7002  29.4974  9.4984  0.0501  1.2057
886.3600  105.0148  29.4889  9.5025  0.0514  1.2265
886.3167  118.3845  29.4797  9.4998  0.0522  1.2156
886.5381  11.7200  29.5095  9.5036  0.0496  1.2157
886.4008  25.0081  29.4882  9.5010  0.0502  1.2287
886.3185  38.3727  29.4973  9.4979  0.0514  1.2275
886.4803  58.6295  29.4908  9.4948  0.0495  1.2286
886.2841  71.9032  29.5034  9.4987  0.0528  1.2087
886.3828  85.2763  29.5059  9.5004  0.0515  1.2102
886.4821  98.6182  29.4973  9.4984  0.0496  1.2056
886.3568  111.9327  29.4888  9.5026  0.0517  1.2265
886.3147  5.3030  29.4792  9.4998  0.0515  1.2156
886.5334  18.6387  29.5097  9.5036  0.0496  1.2159
886.3969  31.9257  29.4880  9.5009  0.0502  1.2288
886.3159  45.2906  29.4971  9.4979  0.0515  1.2279
886.4756  65.5476  29.4907  9.4948  0.0498  1.2292
886.2834  78.8201  29.5033  9.4986  0.0523  1.2092
886.3770  92.1943  29.5059  9.5004  0.0520  1.2104
886.4797  105.5363  29.4973  9.4984  0.0499  1.2058
886.3517  118.8502  29.4886  9.5026  0.0519  1.2263
886.3114  12.2215  29.4787  9.4998  0.0516  1.2160
886.5312  25.5572  29.5097  9.5037  0.0498  1.2158
886.3952  38.8432  29.4878  9.5009  0.0503  1.2290
886.3122  52.2083  29.4971  9.4978  0.0514  1.2283
886.4741  72.4654  29.4906  9.4948  0.0501  1.2291
886.2817  85.7371  29.5033  9.4986  0.0524  1.2096
886.3708  99.1121  29.5060  9.5004  0.0515  1.2104
886.4778  112.4543  29.4972  9.4984  0.0509  1.2059
886.3522  5.7677  29.4885  9.5026  0.0512  1.2275
886.3081  19.1399  29.4782  9.4998  0.0516  1.2165
886.5292  32.4756  29.5098  9.5037  0.0498  1.2157
886.3950  45.7607  29.4877  9.5008  0.0502  1.2294
886.3114  59.1259  29.4970  9.4977  0.0512  1.2286
886.4741  79.3834  29.4904  9.4947  0.0509  1.2292
886.2795  92.6540  29.5033  9.4986  0.0527  1.2101
886.3686  106.0299  29.5061  9.5004  0.0519  1.2104
886.4767  119.3721  29.4972  9.4984  0.0508  1.2065
886.3507  12.6853  29.4883  9.5027  0.0512  1.2278
886.3041  26.0582  29.4778  9.4998  0.0517  1.2172
886.5259  39.3939  29.5099  9.5037  0.0499  1.2155
886.3934  52.6780  29.4875  9.5008  0.0504  1.2296
886.3063  66.0435  29.4969  9.4977  0.0517  1.2286
886.4733  86.3008  29.4903  9.4946  0.0504  1.2291
886.2804  99.5708  29.5033  9.4986  0.0526  1.2102
886.3693  112.9474  29.5061  9.5003  0.0520  1.2104
886.4755  6.2898  29.4972  9.4984  0.0504  1.2067
886.3494  19.6027  29.4882  9.5027  0.0512  1.2279
886.3042  32.9764  29.4773  9.4998  0.0517  1.2175
886.5232  46.3121  29.5100  9.5037  0.0498  1.2153
886.3923  59.5952  29.4873  9.5007  0.0503  1.2297
886.3026  72.9608  29.4968  9.4976  0.0512  1.2286
886.4722  93.2187  29.4902  9.4946  0.0510  1.2291
886.2744  106.4875  29.5033  9.4986  0.0528  1.2100
886.3674  -0.1350  29.5062  9.5003  0.0515  1.2105
886.4727  13.2075  29.4971  9.4984  0.0505  1.2070
886.3480  26.5202  29.4880  9.5027  0.0513  1.2281
886.3029  39.8944  29.4768  9.4998  0.0517  1.2177
886.5219  53.2302  29.5101  9.5038  0.0499  1.2153
886.3875  66.5125  29.4872  9.5007  0.0506  1.2296
886.3057  79.8781  29.4968  9.4976  0.0511  1.2286
886.4686  100.1360  29.4901  9.4946  0.0504  1.2290
886.2775  113.4041  29.5033  9.4986  0.0518  1.2098
886.3658  6.7825  29.5063  9.5003  0.0515  1.2109
886.4697  20.1251  29.4971  9.4985  0.0504  1.2070
886.3468  33.4374  29.4879  9.5028  0.0512  1.2282
886.2988  46.8125  29.4765  9.4998  0.0518  1.2176
886.5209  60.1482  29.5101  9.5038  0.0499  1.2154
886.3893  73.4294  29.4870  9.5006  0.0504  1.2297
886.3054  86.7954  29.4967  9.4975  0.0515  1.2283
886.4661  107.0535  29.4900  9.4945  0.0508  1.2291
886.2775  120.3208  29.5032  9.4986  0.0527  1.2098
886.3639  13.7001  29.5063  9.5003  0.0516  1.2113
886.4689  27.0427  29.4971  9.4985  0.0505  1.2071
886.3470  40.3548  29.4878  9.5028  0.0514  1.2281
886.2973  53.7304  29.4760  9.4998  0.0517  1.2176
886.5190  67.0662  29.5102  9.5038  0.0499  1.2156
886.3873  80.3464  29.4868  9.5006  0.0501  1.2296
886.3046  93.7127  29.4966  9.4975  0.0519  1.2280
886.4657  113.9708  29.4899  9.4945  0.0498  1.2290
886.2773  7.2374  29.5032  9.4986  0.0527  1.2092
886.3619  20.6175  29.5063  9.5003  0.0516  1.2116
886.4672  33.9602  29.4971  9.4985  0.0506  1.2070
886.3467  47.2721  29.4877  9.5028  0.0515  1.2280
886.2950  60.6484  29.4756  9.4998  0.0517  1.2176
886.5195  73.9841  29.5103  9.5038  0.0498  1.2160
886.3888  87.2634  29.4866  9.5005  0.0509  1.2296
886.2980  100.6298  29.4966  9.4974  0.0512  1.2278
886.4645  0.8883  29.4897  9.4944  0.0504  1.2295
886.2770  14.1542  29.5032  9.4986  0.0527  1.2090
886.3607  27.5350  29.5064  9.5003  0.0516  1.2117
886.4655  40.8777  29.4971  9.4985  0.0505  1.2069
886.3461  54.1893  29.4875  9.5028  0.0514  1.2279
886.2942  67.5662  29.4751  9.4998  0.0518  1.2180
886.5190  80.9018  29.5103  9.5038  0.0499  1.2165
886.3876  94.1804  29.4864  9.5005  0.0507  1.2294
886.3002  107.5469  29.4965  9.4973  0.0513  1.2280
886.4624  7.8056  29.4896  9.4944  0.0503  1.2298
886.2778  21.0708  29.5031  9.4985  0.0527  1.2089
886.3591  34.4523  29.5065  9.5003  0.0515  1.2117
886.4650  47.7951  29.4970  9.4985  0.0506  1.2068
886.3452  61.1064  29.4874  9.5029  0.0512  1.2279
886.2927  74.4839  29.4747  9.4998  0.0519  1.2180
886.5206  87.8196  29.5104  9.5038  0.0498  1.2169
886.3818  101.0975  29.4863  9.5005  0.0514  1.2291
886.2961  114.4642  29.4965  9.4973  0.0525  1.2281
886.4594  14.7230  29.4895  9.4943  0.0504  1.2303
886.2772  27.9876  29.5031  9.4985  0.0527  1.2090
886.3569  41.3697  29.5065  9.5003  0.0516  1.2117
886.4652  54.7125  29.4970  9.4985  0.0506  1.2067
886.3452  68.0236  29.4872  9.5029  0.0515  1.2276
886.2917  81.4016  29.4743  9.4999  0.0519  1.2178
886.5190  94.7374  29.5105  9.5038  0.0501  1.2171
886.3909  108.0141  29.4861  9.5004  0.0506  1.2291
886.2996  1.3812  29.4964  9.4972  0.0517  1.2287
886.4589  21.6402  29.4894  9.4942  0.0504  1.2305
886.2775  34.9042  29.5031  9.4985  0.0526  1.2091
886.3575  48.2870  29.5066  9.5003  0.0516  1.2117
886.4631  61.6298  29.4970  9.4986  0.0505  1.2066
886.3453  74.9406  29.4871  9.5029  0.0513  1.2274
886.2904  88.3192  29.4738  9.4999  0.0518  1.2175
886.5162  101.6550  29.5106  9.5038  0.0496  1.2172
886.3857  114.9310  29.4859  9.5003  0.0503  1.2292
886.2980  8.2983  29.4963  9.4972  0.0518  1.2289
886.4570  28.5574  29.4893  9.4942  0.0504  1.2306
886.2787  41.8208  29.5031  9.4985  0.0526  1.2093
886.3551  55.2043  29.5066  9.5003  0.0516  1.2117
886.4636  68.5471  29.4970  9.4986  0.0504  1.2064
886.3444  81.8578  29.4870  9.5029  0.0517  1.2274
886.2899  95.2368  29.4734  9.4999  0.0517  1.2176
886.5129  108.5727  29.5106  9.5038  0.0502  1.2172
886.3893  1.8479  29.4857  9.5003  0.0505  1.2293
886.2971  15.2154  29.4962  9.4971  0.0518  1.2290
886.4559  35.4746  29.4892  9.4942  0.0504  1.2307
886.2797  48.7374  29.5031  9.4984  0.0527  1.2094
886.3533  62.1215  29.5066  9.5002  0.0518  1.2115
886.4596  75.4643  29.4970  9.4986  0.0503  1.2063
886.3445  88.7748  29.4869  9.5030  0.0512  1.2279
886.2878  102.1544  29.4730  9.4999  0.0517  1.2181
886.5126  115.4903  29.5107  9.5038  0.0502  1.2170
886.3870  8.7649  29.4856  9.5002  0.0504  1.2298
886.2957  22.1325  29.4962  9.4971  0.0518  1.2293
886.4562  42.3917  29.4891  9.4941  0.0504  1.2306
886.2792  55.6540  29.5031  9.4984  0.0526  1.2097
886.3505  69.0386  29.5067  9.5002  0.0514  1.2115
886.4623  82.3815  29.4970  9.4986  0.0504  1.2068
886.3439  95.6919  29.4867  9.5030  0.0512  1.2281
886.2873  109.0721  29.4726  9.4999  0.0518  1.2185
886.5165  2.4080  29.5107  9.5038  0.0501  1.2167
886.3872  15.6818  29.4854  9.5002  0.0505  1.2299
886.2953  29.0496  29.4961  9.4970  0.0518  1.2292
886.4543  49.3088  29.4890  9.4941  0.0504  1.2306
886.2786  62.5706  29.5031  9.4984  0.0525  1.2095
886.3529  75.9557  29.5067  9.5002  0.0518  1.2114
886.4623  89.2987  29.4970  9.4986  0.0503  1.2068
886.3429  102.6090  29.4866  9.5030  0.0514  1.2280
886.2867  115.9896  29.4722  9.4999  0.0523  1.2188
886.5143  9.3257  29.5108  9.5038  0.0500  1.2166
886.3874  22.5988  29.4853  9.5001  0.0504  1.2299
886.2953  35.9666  29.4961  9.4970  0.0519  1.2292
886.4525  56.2259  29.4889  9.4940  0.0504  1.2305
886.2763  69.4872  29.5030  9.4984  0.0530  1.2095
886.3503  82.8728  29.5067  9.5002  0.0520  1.2114
886.4587  96.2160  29.4969  9.4987  0.0506  1.2069
886.3438  109.5261  29.4865  9.5030  0.0511  1.2281
886.2885  2.9072  29.4718  9.4999  0.0519  1.2189
886.5131  16.2433  29.5109  9.5038  0.0500  1.2164
886.3868  29.5157  29.4851  9.5001  0.0505  1.2299
886.2961  42.8836  29.4960  9.4970  0.0519  1.2290
886.4535  63.1429  29.4888  9.4940  0.0504  1.2304
886.2797  76.4037  29.5030  9.4984  0.0531  1.2093
886.3516  89.7898  29.5068  9.5002  0.0517  1.2116
886.4577  103.1331  29.4969  9.4987  0.0504  1.2069
886.3422  116.4433  29.4863  9.5030  0.0524  1.2281
886.2876  9.8248  29.4714  9.4999  0.0520  1.2188
886.5122  23.1609  29.5110  9.5039  0.0501  1.2164
886.3885  36.4325  29.4850  9.5000  0.0503  1.2299
886.2958  49.8006  29.4959  9.4969  0.0518  1.2288
886.4550  70.0600  29.4887  9.4940  0.0504  1.2305
886.2776  83.3201  29.5030  9.4983  0.0526  1.2091
886.3495  96.7069  29.5068  9.5002  0.0516  1.2120
886.4624  110.0501  29.4969  9.4987  0.0504  1.2069
886.3445  3.3602  29.4863  9.5030  0.0514  1.2283
886.2875  16.7424  29.4711  9.4999  0.0519  1.2187
886.5106  30.0785  29.5111  9.5039  0.0501  1.2167
886.3873  43.3495  29.4848  9.5000  0.0504  1.2298
886.2963  56.7175  29.4958  9.4969  0.0519  1.2285
886.4530  76.9771  29.4886  9.4939  0.0513  1.2304
886.2786  90.2366  29.5030  9.4983  0.0529  1.2089
886.3485  103.6240  29.5068  9.5002  0.0517  1.2122
886.4587  116.9675  29.4969  9.4987  0.0517  1.2069
886.3442  10.2774  29.4861  9.5030  0.0514  1.2283
886.2870  23.6600  29.4707  9.4999  0.0519  1.2187
886.5124  36.9960  29.5111  9.5038  0.0500  1.2173
886.3895  50.2663  29.4846  9.4999  0.0503  1.2297
886.2939  63.6346  29.4958  9.4968  0.0521  1.2280
886.4546  83.8940  29.4885  9.4939  0.0506  1.2306
886.2800  97.1531  29.5029  9.4983  0.0528  1.2084
886.3478  110.5409  29.5069  9.5002  0.0520  1.2120
886.4604  123.8845  29.4969  9.4987  0.0506  1.2067
886.3432  17.1945  29.4860  9.5030  0.0514  1.2282
886.2850  30.5776  29.4703  9.5000  0.0520  1.2186
886.5112  43.9136  29.5111  9.5038  0.0501  1.2177
886.3903  57.1833  29.4845  9.4999  0.0505  1.2295
886.2925  70.5514  29.4958  9.4968  0.0520  1.2281
886.4525  90.8111  29.4884  9.4938  0.0505  1.2312
886.2780  104.0696  29.5029  9.4983  0.0530  1.2083
886.3462  117.4579  29.5069  9.5002  0.0521  1.2120
886.4606  10.8018  29.4969  9.4987  0.0507  1.2068
886.3436  24.1116  29.4859  9.5030  0.0514  1.2281
886.2825  37.4952  29.4700  9.5000  0.0521  1.2184
886.5104  50.8310  29.5111  9.5038  0.0500  1.2181
886.3901  64.1001  29.4844  9.4998  0.0506  1.2291
886.2929  77.4682  29.4957  9.4967  0.0516  1.2283
886.4526  97.7281  29.4883  9.4938  0.0510  1.2314
886.2811  110.9861  29.5029  9.4983  0.0528  1.2082
886.3496  4.3751  29.5069  9.5002  0.0518  1.2126
886.4590  17.7190  29.4969  9.4988  0.0507  1.2067
886.3438  31.0288  29.4858  9.5031  0.0514  1.2279
886.2834  44.4127  29.4696  9.5000  0.0521  1.2184
886.5114  57.7486  29.5112  9.5038  0.0502  1.2183
886.3883  71.0169  29.4842  9.4998  0.0503  1.2289
886.2930  84.3851  29.4956  9.4967  0.0520  1.2286
886.4540  104.6450  29.4882  9.4938  0.0497  1.2316
886.2814  117.9024  29.5028  9.4982  0.0518  1.2082
886.3471  11.2922  29.5070  9.5002  0.0518  1.2126
886.4591  24.6363  29.4968  9.4988  0.0507  1.2066
886.3433  37.9459  29.4857  9.5031  0.0513  1.2279
886.2836  51.3301  29.4692  9.5000  0.0521  1.2183
886.5087  64.6660  29.5113  9.5038  0.0500  1.2182
886.3879  77.9335  29.4840  9.4997  0.0503  1.2289
886.2911  91.3019  29.4956  9.4966  0.0520  1.2290
886.4531  111.5620  29.4881  9.4937  0.0500  1.2318
886.2805  4.8191  29.5028  9.4983  0.0527  1.2089
886.3475  18.2093  29.5070  9.5002  0.0518  1.2125
886.4579  31.5535  29.4969  9.4988  0.0507  1.2065
886.3437  44.8630  29.4855  9.5031  0.0514  1.2280
886.2819  58.2476  29.4689  9.5000  0.0518  1.2183
886.5101  71.5834  29.5113  9.5038  0.0501  1.2181
886.3886  84.8504  29.4839  9.4997  0.0509  1.2289
886.2912  98.2187  29.4955  9.4966  0.0516  1.2292
886.4523  118.4790  29.4880  9.4937  0.0510  1.2320
886.2809  11.7358  29.5028  9.4982  0.0526  1.2091
886.3471  25.1265  29.5070  9.5002  0.0518  1.2124
886.4576  38.4707  29.4968  9.4988  0.0506  1.2065
886.3434  51.7801  29.4854  9.5031  0.0515  1.2281
886.2810  65.1651  29.4685  9.5000  0.0521  1.2187
886.5093  78.5008  29.5113  9.5038  0.0504  1.2177
886.3885  91.7671  29.4837  9.4996  0.0507  1.2293
886.2925  105.1356  29.4954  9.4965  0.0518  1.2294
886.4513  5.3959  29.4879  9.4936  0.0505  1.2316
886.2825  18.6524  29.5027  9.4982  0.0527  1.2091
886.3476  32.0436  29.5070  9.5002  0.0519  1.2122
886.4561  45.3879  29.4968  9.4989  0.0507  1.2067
886.3433  58.6973  29.4853  9.5031  0.0513  1.2283
886.2802  72.0825  29.4681  9.5000  0.0521  1.2191
886.5105  85.4182  29.5114  9.5038  0.0500  1.2173
886.3877  98.6838  29.4836  9.4996  0.0501  1.2293
886.2914  112.0524  29.4954  9.4965  0.0519  1.2294
886.4485  12.3129  29.4879  9.4936  0.0504  1.2315
886.2831  25.5690  29.5027  9.4982  0.0526  1.2091
886.3454  38.9607  29.5071  9.5003  0.0519  1.2122
886.4565  52.3050  29.4968  9.4989  0.0507  1.2070
886.3427  65.6144  29.4852  9.5031  0.0515  1.2283
886.2804  78.9998  29.4677  9.5000  0.0518  1.2194
886.5088  92.3357  29.5114  9.5038  0.0506  1.2169
886.3893  105.6006  29.4834  9.4995  0.0507  1.2293
886.2925  -1.0307  29.4953  9.4965  0.0518  1.2294
886.4482  19.2298  29.4878  9.4936  0.0506  1.2315
886.2822  32.4857  29.5027  9.4982  0.0527  1.2089
886.3457  45.8777  29.5071  9.5003  0.0517  1.2123
886.4580  59.2223  29.4968  9.4989  0.0509  1.2071
886.3430  72.5314  29.4851  9.5031  0.0515  1.2283
886.2788  85.9173  29.4674  9.5000  0.0524  1.2195
886.5111  99.2530  29.5115  9.5038  0.0499  1.2169
886.3893  112.5173  29.4832  9.4995  0.0502  1.2294
886.2932  5.8862  29.4953  9.4964  0.0518  1.2290
886.4471  26.1467  29.4877  9.4935  0.0505  1.2314
886.2824  39.4023  29.5027  9.4982  0.0527  1.2086
886.3439  52.7949  29.5072  9.5003  0.0518  1.2125
886.4545  66.1394  29.4968  9.4989  0.0508  1.2070
886.3437  79.4486  29.4850  9.5031  0.0519  1.2282
886.2797  92.8346  29.4671  9.5000  0.0514  1.2197
886.5070  106.1704  29.5115  9.5038  0.0504  1.2168
886.3884  119.4341  29.4830  9.4994  0.0506  1.2293
886.2936  12.8031  29.4952  9.4964  0.0518  1.2288
886.4462  33.0636  29.4877  9.4935  0.0505  1.2313
886.2836  46.3190  29.5027  9.4982  0.0527  1.2083
886.3444  59.7119  29.5071  9.5003  0.0520  1.2128
886.4568  73.0564  29.4968  9.4990  0.0501  1.2069
886.3418  86.3657  29.4849  9.5031  0.0521  1.2281
886.2806  99.7518  29.4667  9.5000  0.0514  1.2198
886.5116  113.0876  29.5115  9.5037  0.0495  1.2170
886.3910  6.3509  29.4829  9.4994  0.0504  1.2294
886.2931  19.7200  29.4951  9.4964  0.0519  1.2285
886.4474  39.9805  29.4876  9.4935  0.0504  1.2313
886.2823  53.2356  29.5026  9.4982  0.0526  1.2079
886.3405  66.6290  29.5072  9.5003  0.0518  1.2128
886.4562  79.9735  29.4968  9.4990  0.0508  1.2067
886.3442  93.2826  29.4847  9.5031  0.0511  1.2280
886.2807  106.6694  29.4664  9.5000  0.0521  1.2196
886.5107  120.0051  29.5115  9.5037  0.0507  1.2177
886.3916  13.2678  29.4827  9.4993  0.0504  1.2293
886.2922  26.6369  29.4951  9.4963  0.0518  1.2281
886.4467  46.8974  29.4875  9.4934  0.0505  1.2314
886.2858  60.1522  29.5026  9.4981  0.0527  1.2077
886.3428  73.5459  29.5072  9.5003  0.0517  1.2126
886.4538  86.8905  29.4967  9.4990  0.0505  1.2067
886.3425  100.1997  29.4847  9.5031  0.0511  1.2278
886.2793  113.5867  29.4660  9.5000  0.0527  1.2194
886.5096  6.9225  29.5115  9.5037  0.0502  1.2182
886.3931  20.1847  29.4826  9.4993  0.0504  1.2291
886.2927  33.5538  29.4950  9.4963  0.0519  1.2282
886.4450  53.8142  29.4874  9.4934  0.0505  1.2318
886.2844  67.0688  29.5026  9.4981  0.0525  1.2076
886.3422  80.4627  29.5072  9.5003  0.0515  1.2125
886.4545  93.8077  29.4968  9.4990  0.0510  1.2065
886.3429  107.1167  29.4845  9.5031  0.0508  1.2278
886.2758  120.5041  29.4657  9.5000  0.0519  1.2197
886.5093  13.8398  29.5116  9.5037  0.0501  1.2186
886.3940  27.1016  29.4824  9.4992  0.0504  1.2289
886.2920  40.4707  29.4950  9.4963  0.0520  1.2284
886.4450  60.7312  29.4874  9.4934  0.0506  1.2321
886.2802  73.9854  29.5025  9.4981  0.0525  1.2074
886.3432  87.3797  29.5071  9.5003  0.0520  1.2125
886.4535  100.7248  29.4968  9.4991  0.0504  1.2063
886.3423  114.0338  29.4844  9.5031  0.0510  1.2278
886.2784  7.4215  29.4654  9.5000  0.0521  1.2190
886.5095  20.7572  29.5116  9.5037  0.0502  1.2188
886.3928  34.0185  29.4823  9.4992  0.0504  1.2288
886.2925  47.3875  29.4949  9.4963  0.0519  1.2287
886.4467  67.6480  29.4872  9.4933  0.0506  1.2326
886.2839  80.9019  29.5025  9.4981  0.0528  1.2074
886.3419  94.2967  29.5072  9.5003  0.0518  1.2126
886.4584  107.6419  29.4967  9.4991  0.0506  1.2063
886.3452  120.9508  29.4843  9.5031  0.0508  1.2276
886.2776  14.3389  29.4651  9.5000  0.0521  1.2190
886.5096  27.6746  29.5116  9.5036  0.0502  1.2188
886.3940  40.9353  29.4821  9.4991  0.0504  1.2287
886.2910  54.3044  29.4949  9.4962  0.0519  1.2289
886.4468  74.5648  29.4872  9.4933  0.0509  1.2327
886.2848  87.8183  29.5024  9.4981  0.0521  1.2077
886.3412  101.2137  29.5072  9.5003  0.0521  1.2126
886.4562  114.5590  29.4967  9.4991  0.0515  1.2061
886.3441  7.8681  29.4842  9.5031  0.0514  1.2279
886.2775  21.2563  29.4648  9.5000  0.0521  1.2189
886.5090  34.5920  29.5116  9.5036  0.0502  1.2185
886.3950  47.8523  29.4820  9.4991  0.0505  1.2288
886.2887  61.2214  29.4949  9.4962  0.0521  1.2291
886.4489  81.4816  29.4871  9.4933  0.0502  1.2330
886.2841  94.7351  29.5024  9.4981  0.0531  1.2082
886.3409  108.1304  29.5072  9.5003  0.0509  1.2127
886.4535  121.4761  29.4968  9.4991  0.0503  1.2060
886.3438  14.7852  29.4841  9.5031  0.0513  1.2281
886.2761  28.1737  29.4645  9.5000  0.0520  1.2191
886.5087  41.5093  29.5116  9.5036  0.0503  1.2182
886.3942  54.7692  29.4819  9.4990  0.0506  1.2291
886.2924  68.1380  29.4947  9.4962  0.0517  1.2294
886.4467  88.3985  29.4871  9.4933  0.0507  1.2328
886.2816  101.6515  29.5024  9.4981  0.0524  1.2084
886.3392  115.0477  29.5073  9.5004  0.0529  1.2125
886.4548  8.3932  29.4967  9.4991  0.0507  1.2064
886.3452  21.7024  29.4840  9.5031  0.0514  1.2283
886.2766  35.0911  29.4642  9.5000  0.0520  1.2194
886.5077  48.4266  29.5117  9.5036  0.0500  1.2180
886.3923  61.6860  29.4817  9.4990  0.0503  1.2293
886.2903  75.0549  29.4947  9.4961  0.0519  1.2293
886.4484  95.3152  29.4870  9.4932  0.0499  1.2326
886.2834  108.5682  29.5024  9.4981  0.0530  1.2087
886.3422  1.9645  29.5072  9.5004  0.0519  1.2127
886.4545  15.3104  29.4967  9.4992  0.0507  1.2068
886.3444  28.6195  29.4839  9.5031  0.0514  1.2284
886.2761  42.0085  29.4639  9.5000  0.0521  1.2199
886.5082  55.3439  29.5116  9.5036  0.0500  1.2177
886.3931  68.6027  29.4816  9.4989  0.0503  1.2289
886.2892  81.9717  29.4947  9.4961  0.0520  1.2292
886.4477  102.2321  29.4869  9.4932  0.0500  1.2325
886.2817  115.4848  29.5023  9.4981  0.0533  1.2085
886.3413  8.8816  29.5072  9.5004  0.0519  1.2128
886.4536  22.2275  29.4967  9.4992  0.0507  1.2069
886.3451  35.5366  29.4838  9.5031  0.0513  1.2285
886.2773  48.9258  29.4635  9.4999  0.0521  1.2199
886.5093  62.2611  29.5116  9.5035  0.0500  1.2176
886.3952  75.5195  29.4814  9.4989  0.0502  1.2288
886.2929  88.8884  29.4946  9.4961  0.0516  1.2292
886.4473  109.1489  29.4869  9.4932  0.0501  1.2324
886.2842  122.4015  29.5022  9.4981  0.0541  1.2084
886.3422  15.7986  29.5072  9.5004  0.0519  1.2131
886.4534  29.1447  29.4967  9.4992  0.0507  1.2070
886.3440  42.4538  29.4837  9.5031  0.0514  1.2285
886.2761  55.8433  29.4633  9.4999  0.0523  1.2199
886.5085  69.1785  29.5117  9.5035  0.0504  1.2175
886.3925  82.4363  29.4813  9.4988  0.0502  1.2287
886.2916  95.8053  29.4945  9.4960  0.0526  1.2288
886.4415  116.0656  29.4868  9.4931  0.0495  1.2322
886.2853  9.3180  29.5022  9.4981  0.0526  1.2079
886.3410  22.7157  29.5073  9.5004  0.0518  1.2134
886.4536  36.0618  29.4966  9.4992  0.0508  1.2069
886.3430  49.3711  29.4836  9.5031  0.0515  1.2283
886.2753  62.7606  29.4630  9.4999  0.0524  1.2199
886.5075  76.0957  29.5116  9.5035  0.0504  1.2175
886.3926  89.3531  29.4811  9.4988  0.0507  1.2286
886.2933  102.7221  29.4945  9.4960  0.0518  1.2284
886.4453  2.9826  29.4868  9.4931  0.0505  1.2321
886.2861  16.2347  29.5022  9.4981  0.0526  1.2076
886.3411  29.6327  29.5072  9.5004  0.0518  1.2135
886.4530  42.9790  29.4967  9.4993  0.0508  1.2069
886.3435  56.2881  29.4834  9.5031  0.0514  1.2283
886.2751  69.6779  29.4626  9.4999  0.0522  1.2201
886.5083  83.0130  29.5117  9.5035  0.0503  1.2181
886.3918  96.2697  29.4810  9.4987  0.0502  1.2284
886.2912  109.6388  29.4944  9.4960  0.0513  1.2282
886.4435  9.8995  29.4867  9.4931  0.0505  1.2322
886.2856  23.1514  29.5021  9.4981  0.0527  1.2074
886.3390  36.5498  29.5073  9.5004  0.0520  1.2135
886.4526  49.8961  29.4966  9.4993  0.0509  1.2068
886.3449  63.2052  29.4833  9.5031  0.0514  1.2281
886.2748  76.5952  29.4624  9.4999  0.0522  1.2200
886.5102  89.9302  29.5116  9.5035  0.0499  1.2186
886.3931  103.1865  29.4807  9.4986  0.0507  1.2283
886.2919  -3.4444  29.4943  9.4960  0.0519  1.2280
886.4441  16.8162  29.4866  9.4930  0.0506  1.2326
886.2847  30.0681  29.5021  9.4981  0.0526  1.2072
886.3388  43.4668  29.5072  9.5004  0.0520  1.2135
886.4526  56.8131  29.4966  9.4993  0.0505  1.2067
886.3445  70.1224  29.4833  9.5031  0.0512  1.2279
886.2723  83.5125  29.4621  9.4999  0.0521  1.2201
886.5093  96.8474  29.5117  9.5034  0.0498  1.2188
886.3961  110.1033  29.4807  9.4986  0.0505  1.2282
886.2919  3.4724  29.4943  9.4960  0.0518  1.2283
886.4423  23.7330  29.4866  9.4930  0.0505  1.2330
886.2863  36.9848  29.5021  9.4981  0.0526  1.2073
886.3391  50.3838  29.5072  9.5005  0.0518  1.2134
886.4521  63.7303  29.4966  9.4993  0.0507  1.2065
886.3476  77.0395  29.4832  9.5031  0.0514  1.2278
886.2733  90.4299  29.4618  9.4999  0.0525  1.2201
886.5056  103.7647  29.5117  9.5034  0.0499  1.2190
886.3949  117.0199  29.4805  9.4985  0.0499  1.2282
886.2909  10.3893  29.4943  9.4960  0.0519  1.2285
886.4420  30.6499  29.4866  9.4930  0.0505  1.2332
886.2866  43.9015  29.5020  9.4981  0.0526  1.2074
886.3369  57.3009  29.5073  9.5005  0.0519  1.2134
886.4530  70.6473  29.4965  9.4993  0.0505  1.2063
886.3483  83.9565  29.4831  9.5031  0.0506  1.2275
886.2734  97.3471  29.4615  9.4999  0.0526  1.2196
886.5089  110.6818  29.5116  9.5034  0.0496  1.2190
886.3969  3.9368  29.4803  9.4985  0.0503  1.2284
886.2900  17.3061  29.4942  9.4959  0.0519  1.2287
886.4414  37.5667  29.4865  9.4929  0.0505  1.2333
886.2861  50.8183  29.5020  9.4981  0.0527  1.2077
886.3364  64.2178  29.5072  9.5005  0.0515  1.2134
886.4541  77.5644  29.4966  9.4994  0.0507  1.2060
886.3464  90.8737  29.4830  9.5031  0.0518  1.2277
886.2732  104.2643  29.4612  9.4998  0.0518  1.2195
886.5085  117.5991  29.5117  9.5034  0.0506  1.2190
886.3969  10.8538  29.4802  9.4985  0.0504  1.2285
886.2897  24.2229  29.4942  9.4959  0.0518  1.2289
886.4409  44.4834  29.4865  9.4929  0.0506  1.2334
886.2875  57.7349  29.5020  9.4980  0.0522  1.2078
886.3361  71.1347  29.5072  9.5005  0.0517  1.2130
886.4534  84.4814  29.4965  9.4994  0.0504  1.2060
886.3464  97.7909  29.4829  9.5031  0.0517  1.2282
886.2737  111.1817  29.4610  9.4998  0.0525  1.2197
886.5070  4.5163  29.5117  9.5034  0.0502  1.2186
886.3970  17.7706  29.4800  9.4984  0.0504  1.2288
886.2898  31.1398  29.4941  9.4959  0.0519  1.2290
886.4413  51.4002  29.4864  9.4929  0.0507  1.2334
886.2865  64.6515  29.5019  9.4980  0.0525  1.2080
886.3364  78.0517  29.5072  9.5005  0.0522  1.2129
886.4536  91.3984  29.4965  9.4994  0.0500  1.2062
886.3468  104.7078  29.4827  9.5031  0.0507  1.2281
886.2712  118.0991  29.4607  9.4998  0.0526  1.2201
886.5070  11.4336  29.5116  9.5033  0.0502  1.2184
886.3984  24.6875  29.4799  9.4984  0.0504  1.2288
886.2905  38.0565  29.4941  9.4959  0.0518  1.2292
886.4416  58.3168  29.4863  9.4928  0.0505  1.2333
886.2849  71.5682  29.5019  9.4981  0.0528  1.2081
886.3364  84.9685  29.5072  9.5005  0.0511  1.2127
886.4514  98.3155  29.4965  9.4994  0.0501  1.2064
886.3453  111.6250  29.4826  9.5031  0.0515  1.2281
886.2732  5.0163  29.4604  9.4998  0.0521  1.2204
886.5056  18.3508  29.5117  9.5033  0.0501  1.2182
886.3976  31.6044  29.4798  9.4983  0.0503  1.2288
886.2910  44.9733  29.4940  9.4959  0.0521  1.2291
886.4412  65.2336  29.4863  9.4928  0.0506  1.2334
886.2865  78.4848  29.5018  9.4980  0.0529  1.2080
886.3397  91.8856  29.5072  9.5005  0.0525  1.2129
886.4528  105.2326  29.4965  9.4995  0.0508  1.2065
886.3471  118.5421  29.4825  9.5031  0.0516  1.2282
886.2733  11.9336  29.4601  9.4998  0.0522  1.2206
886.5056  25.2680  29.5117  9.5033  0.0502  1.2180
886.3989  38.5213  29.4796  9.4983  0.0505  1.2287
886.2903  51.8901  29.4939  9.4959  0.0519  1.2289
886.4425  72.1504  29.4862  9.4928  0.0506  1.2333
886.2855  85.4013  29.5018  9.4980  0.0523  1.2079
886.3342  98.8023  29.5072  9.5006  0.0513  1.2130
886.4517  112.1497  29.4965  9.4995  0.0509  1.2065
886.3452  5.4593  29.4824  9.5030  0.0514  1.2284
886.2733  18.8510  29.4599  9.4998  0.0522  1.2206
886.5046  32.1852  29.5116  9.5032  0.0501  1.2180
886.3987  45.4382  29.4795  9.4982  0.0503  1.2286
886.2924  58.8068  29.4939  9.4959  0.0520  1.2288
886.4413  79.0672  29.4862  9.4928  0.0509  1.2332
886.2870  92.3179  29.5017  9.4980  0.0522  1.2077
886.3368  105.7194  29.5072  9.5006  0.0525  1.2134
886.4513  119.0665  29.4964  9.4995  0.0499  1.2064
886.3456  12.3764  29.4823  9.5030  0.0514  1.2283
886.2734  25.7683  29.4596  9.4997  0.0521  1.2205
886.5048  39.1024  29.5116  9.5032  0.0502  1.2183
886.3991  52.3551  29.4793  9.4982  0.0505  1.2284
886.2919  65.7236  29.4939  9.4958  0.0519  1.2284
886.4416  85.9839  29.4862  9.4928  0.0510  1.2331
886.2853  99.2346  29.5016  9.4980  0.0522  1.2074
886.3334  112.6364  29.5072  9.5006  0.0530  1.2135
886.4508  5.9838  29.4965  9.4995  0.0507  1.2066
886.3448  19.2936  29.4823  9.5030  0.0513  1.2282
886.2714  32.6856  29.4594  9.4997  0.0520  1.2204
886.5029  46.0196  29.5116  9.5032  0.0503  1.2188
886.3995  59.2720  29.4792  9.4981  0.0505  1.2283
886.2919  72.6404  29.4938  9.4958  0.0520  1.2282
886.4397  92.9006  29.4861  9.4927  0.0503  1.2331
886.2845  106.1514  29.5016  9.4980  0.0530  1.2069
886.3367  -0.4468  29.5072  9.5006  0.0519  1.2135
886.4516  12.9009  29.4965  9.4995  0.0507  1.2065
886.3449  26.2108  29.4822  9.5030  0.0513  1.2281
886.2709  39.6030  29.4591  9.4997  0.0522  1.2202
886.5049  52.9367  29.5116  9.5031  0.0501  1.2193
886.3961  66.1888  29.4790  9.4981  0.0503  1.2279
886.2899  79.5570  29.4937  9.4958  0.0520  1.2280
886.4423  99.8174  29.4861  9.4927  0.0516  1.2333
886.2853  113.0680  29.5015  9.4980  0.0533  1.2068
886.3364  6.4702  29.5071  9.5006  0.0520  1.2140
886.4490  19.8181  29.4965  9.4996  0.0507  1.2064
886.3452  33.1280  29.4820  9.5030  0.0514  1.2280
886.2711  46.5203  29.4589  9.4997  0.0522  1.2200
886.5035  59.8539  29.5116  9.5031  0.0499  1.2197
886.3994  73.1055  29.4789  9.4980  0.0502  1.2278
886.2892  86.4738  29.4937  9.4958  0.0517  1.2280
886.4411  106.7339  29.4860  9.4927  0.0494  1.2338
886.2834  119.9846  29.5015  9.4981  0.0528  1.2067
886.3356  13.3872  29.5072  9.5006  0.0519  1.2140
886.4497  26.7351  29.4964  9.4996  0.0508  1.2062
886.3452  40.0452  29.4820  9.5029  0.0514  1.2279
886.2717  53.4375  29.4586  9.4997  0.0520  1.2200
886.5037  66.7711  29.5115  9.5031  0.0505  1.2196
886.3976  80.0222  29.4787  9.4980  0.0504  1.2278
886.2910  93.3906  29.4937  9.4958  0.0524  1.2282
886.4408  113.6508  29.4860  9.4927  0.0505  1.2340
886.2867  6.9012  29.5014  9.4981  0.0526  1.2072
886.3356  20.3043  29.5071  9.5006  0.0519  1.2140
886.4489  33.6522  29.4964  9.4996  0.0507  1.2063
886.3456  46.9623  29.4819  9.5029  0.0514  1.2279
886.2715  60.3548  29.4583  9.4996  0.0521  1.2198
886.5040  73.6881  29.5115  9.5031  0.0500  1.2196
886.3975  86.9389  29.4786  9.4979  0.0501  1.2275
886.2909  100.3074  29.4936  9.4958  0.0522  1.2284
886.4407  0.5675  29.4859  9.4926  0.0506  1.2340
886.2880  13.8180  29.5014  9.4981  0.0526  1.2075
886.3354  27.2213  29.5071  9.5006  0.0520  1.2139
886.4485  40.5694  29.4964  9.4996  0.0509  1.2063
886.3445  53.8795  29.4818  9.5029  0.0514  1.2280
886.2699  67.2721  29.4581  9.4996  0.0523  1.2198
886.5023  80.6052  29.5115  9.5031  0.0499  1.2195
886.3958  93.8556  29.4784  9.4979  0.0500  1.2277
886.2900  107.2240  29.4935  9.4958  0.0524  1.2287
886.4399  7.4842  29.4859  9.4926  0.0506  1.2341
886.2878  20.7348  29.5014  9.4981  0.0525  1.2077
886.3347  34.1383  29.5071  9.5007  0.0519  1.2136
886.4489  47.4864  29.4964  9.4996  0.0507  1.2063
886.3452  60.7967  29.4817  9.5029  0.0517  1.2281
886.2695  74.1893  29.4579  9.4996  0.0521  1.2198
886.5024  87.5223  29.5114  9.5030  0.0501  1.2193
886.3989  100.7723  29.4782  9.4979  0.0494  1.2280
886.2905  114.1407  29.4934  9.4957  0.0523  1.2292
886.4384  14.4010  29.4859  9.4926  0.0505  1.2342
886.2888  27.6515  29.5013  9.4981  0.0525  1.2078
886.3331  41.0553  29.5071  9.5007  0.0519  1.2135
886.4486  54.4035  29.4963  9.4997  0.0507  1.2062
886.3440  67.7137  29.4816  9.5029  0.0511  1.2282
886.2681  81.1065  29.4576  9.4996  0.0521  1.2202
886.5059  94.4393  29.5114  9.5030  0.0503  1.2188
886.3978  107.6892  29.4781  9.4978  0.0507  1.2279
886.2905  1.0574  29.4934  9.4958  0.0519  1.2290
886.4377  21.3177  29.4859  9.4926  0.0506  1.2341
886.2875  34.5683  29.5012  9.4981  0.0526  1.2077
886.3354  47.9722  29.5070  9.5007  0.0519  1.2135
886.4500  61.3205  29.4963  9.4997  0.0506  1.2063
886.3463  74.6309  29.4815  9.5029  0.0515  1.2281
886.2707  88.0236  29.4573  9.4995  0.0516  1.2206
886.5009  101.3565  29.5114  9.5030  0.0510  1.2184
886.3964  114.6057  29.4779  9.4978  0.0493  1.2278
886.2914  7.9742  29.4934  9.4957  0.0519  1.2289
886.4374  28.2344  29.4858  9.4925  0.0505  1.2340
886.2872  41.4850  29.5012  9.4981  0.0526  1.2077
886.3352  54.8893  29.5070  9.5007  0.0520  1.2136
886.4467  68.2376  29.4963  9.4997  0.0508  1.2063
886.3457  81.5479  29.4814  9.5029  0.0511  1.2282
886.2699  94.9410  29.4571  9.4995  0.0521  1.2207
886.5060  108.2734  29.5113  9.5030  0.0499  1.2183
886.3995  1.5226  29.4778  9.4977  0.0503  1.2281
886.2910  14.8909  29.4934  9.4957  0.0518  1.2289
886.4369  35.1511  29.4858  9.4925  0.0505  1.2339
886.2873  48.4018  29.5012  9.4981  0.0525  1.2074
886.3333  61.8063  29.5070  9.5007  0.0521  1.2139
886.4471  75.1547  29.4964  9.4997  0.0512  1.2064
886.3434  88.4652  29.4814  9.5029  0.0517  1.2281
886.2697  101.8582  29.4569  9.4995  0.0524  1.2209
886.5054  115.1905  29.5113  9.5029  0.0500  1.2182
886.4000  8.4395  29.4776  9.4977  0.0504  1.2283
886.2908  21.8077  29.4933  9.4957  0.0519  1.2287
886.4370  42.0678  29.4858  9.4925  0.0505  1.2338
886.2887  55.3185  29.5011  9.4981  0.0526  1.2070
886.3364  68.7231  29.5070  9.5007  0.0519  1.2139
886.4502  82.0717  29.4963  9.4997  0.0510  1.2062
886.3430  95.3821  29.4813  9.5028  0.0512  1.2280
886.2686  108.7754  29.4566  9.4994  0.0522  1.2210
886.5040  2.1075  29.5113  9.5029  0.0503  1.2186
886.4014  15.3563  29.4775  9.4976  0.0503  1.2281
886.2911  28.7244  29.4932  9.4957  0.0519  1.2284
886.4366  48.9845  29.4857  9.4925  0.0506  1.2338
886.2886  62.2351  29.5011  9.4981  0.0523  1.2069
886.3337  75.6400  29.5070  9.5007  0.0519  1.2139
886.4519  88.9887  29.4963  9.4998  0.0508  1.2061
886.3444  102.2993  29.4812  9.5028  0.0522  1.2277
886.2682  115.6927  29.4564  9.4994  0.0528  1.2209
886.5035  9.0246  29.5113  9.5029  0.0502  1.2192
886.4030  22.2732  29.4773  9.4976  0.0504  1.2279
886.2909  35.6411  29.4932  9.4957  0.0519  1.2280
886.4358  55.9012  29.4857  9.4925  0.0506  1.2338
886.2875  69.1518  29.5010  9.4981  0.0523  1.2067
886.3325  82.5569  29.5069  9.5007  0.0521  1.2138
886.4490  95.9058  29.4963  9.4998  0.0510  1.2060
886.3437  109.2163  29.4811  9.5028  0.0508  1.2278
886.2680  122.6102  29.4562  9.4994  0.0543  1.2208
886.5038  15.9417  29.5112  9.5028  0.0503  1.2197
886.4015  29.1901  29.4772  9.4976  0.0503  1.2277
886.2913  42.5578  29.4932  9.4957  0.0519  1.2277
886.4349  62.8178  29.4856  9.4925  0.0502  1.2339
886.2892  76.0685  29.5009  9.4981  0.0526  1.2064
886.3328  89.4738  29.5069  9.5007  0.0523  1.2137
886.4462  102.8228  29.4962  9.4998  0.0512  1.2059
886.3427  116.1334  29.4810  9.5028  0.0514  1.2277
886.2695  9.5271  29.4559  9.4994  0.0522  1.2204
886.5037  22.8588  29.5112  9.5028  0.0501  1.2201
886.4043  36.1068  29.4770  9.4975  0.0502  1.2276
886.2914  49.4745  29.4931  9.4957  0.0519  1.2280
886.4377  69.7345  29.4856  9.4925  0.0504  1.2345
886.2860  82.9852  29.5009  9.4981  0.0529  1.2064
886.3337  96.3906  29.5068  9.5007  0.0522  1.2137
886.4487  109.7398  29.4962  9.4998  0.0507  1.2058
886.3461  3.0506  29.4809  9.5028  0.0515  1.2277
886.2686  16.4444  29.4557  9.4993  0.0522  1.2202
886.5023  29.7759  29.5111  9.5028  0.0503  1.2203
886.4025  43.0238  29.4770  9.4975  0.0504  1.2274
886.2917  56.3911  29.4931  9.4957  0.0517  1.2282
886.4348  76.6512  29.4856  9.4925  0.0509  1.2347
886.2861  89.9019  29.5008  9.4981  0.0532  1.2064
886.3312  103.3075  29.5068  9.5008  0.0518  1.2138
886.4465  116.6569  29.4962  9.4998  0.0517  1.2059
886.3440  9.9677  29.4808  9.5028  0.0514  1.2277
886.2676  23.3617  29.4555  9.4993  0.0522  1.2200
886.5020  36.6930  29.5111  9.5027  0.0502  1.2202
886.4028  49.9406  29.4768  9.4974  0.0501  1.2275
886.2905  63.3079  29.4930  9.4957  0.0518  1.2284
886.4386  83.5678  29.4855  9.4925  0.0506  1.2348
886.2866  96.8183  29.5007  9.4981  0.0521  1.2066
886.3319  110.2242  29.5068  9.5008  0.0513  1.2138
886.4492  123.5740  29.4962  9.4998  0.0516  1.2058
886.3444  16.8849  29.4807  9.5027  0.0514  1.2279
886.2683  30.2789  29.4553  9.4993  0.0522  1.2199
886.5029  43.6100  29.5110  9.5027  0.0503  1.2199
886.4028  56.8575  29.4766  9.4974  0.0504  1.2275
886.2917  70.2246  29.4930  9.4957  0.0523  1.2286
886.4377  90.4845  29.4856  9.4925  0.0504  1.2350
886.2849  103.7350  29.5007  9.4981  0.0518  1.2070
886.3322  117.1411  29.5067  9.5008  0.0506  1.2136
886.4478  10.4909  29.4961  9.4998  0.0508  1.2060
886.3427  23.8020  29.4807  9.5027  0.0514  1.2282
886.2678  37.1962  29.4550  9.4992  0.0522  1.2199
886.5022  50.5271  29.5110  9.5027  0.0503  1.2195
886.4006  63.7743  29.4765  9.4974  0.0503  1.2276
886.2922  77.1411  29.4929  9.4957  0.0513  1.2290
886.4346  97.4012  29.4855  9.4925  0.0509  1.2352
886.2867  110.6516  29.5006  9.4981  0.0520  1.2073
886.3326  4.0582  29.5068  9.5008  0.0519  1.2139
886.4462  17.4080  29.4961  9.4998  0.0508  1.2059
886.3425  30.7192  29.4806  9.5027  0.0514  1.2283
886.2666  44.1134  29.4549  9.4992  0.0522  1.2201
886.5004  57.4441  29.5110  9.5026  0.0502  1.2194
886.4010  70.6911  29.4764  9.4973  0.0506  1.2275
886.2889  84.0578  29.4929  9.4957  0.0519  1.2292
886.4393  104.3178  29.4855  9.4925  0.0509  1.2351
886.2863  117.5684  29.5006  9.4981  0.0527  1.2076
886.3320  10.9752  29.5067  9.5008  0.0520  1.2139
886.4462  24.3251  29.4961  9.4998  0.0508  1.2060
886.3427  37.6363  29.4805  9.5027  0.0514  1.2284
886.2690  51.0306  29.4546  9.4992  0.0523  1.2204
886.5028  64.3610  29.5108  9.5026  0.0503  1.2190
886.4033  77.6076  29.4761  9.4973  0.0504  1.2274
886.2917  90.9744  29.4928  9.4957  0.0518  1.2291
886.4369  111.2344  29.4855  9.4925  0.0510  1.2349
886.2883  4.4851  29.5005  9.4981  0.0525  1.2074
886.3324  17.8922  29.5067  9.5008  0.0520  1.2140
886.4463  31.2421  29.4961  9.4998  0.0507  1.2062
886.3435  44.5534  29.4804  9.5027  0.0513  1.2285
886.2692  57.9478  29.4544  9.4991  0.0522  1.2208
886.5018  71.2780  29.5108  9.5026  0.0503  1.2189
886.3994  84.5242  29.4760  9.4972  0.0498  1.2274
886.2917  97.8911  29.4928  9.4957  0.0515  1.2290
886.4360  118.1512  29.4855  9.4925  0.0508  1.2348
886.2875  11.4018  29.5004  9.4981  0.0526  1.2072
886.3328  24.8092  29.5066  9.5008  0.0520  1.2143
886.4441  38.1592  29.4961  9.4999  0.0508  1.2063
886.3427  51.4705  29.4803  9.5027  0.0514  1.2284
886.2671  64.8650  29.4542  9.4991  0.0519  1.2210
886.4984  78.1950  29.5108  9.5026  0.0504  1.2186
886.3987  91.4410  29.4759  9.4972  0.0498  1.2273
886.2930  104.8078  29.4927  9.4957  0.0518  1.2289
886.4365  5.0677  29.4854  9.4925  0.0506  1.2344
886.2876  18.3186  29.5004  9.4981  0.0525  1.2069
886.3322  31.7261  29.5066  9.5008  0.0519  1.2145
886.4452  45.0762  29.4961  9.4999  0.0508  1.2063
886.3409  58.3877  29.4803  9.5026  0.0514  1.2283
886.2672  71.7822  29.4540  9.4991  0.0521  1.2212
886.4998  85.1119  29.5108  9.5025  0.0502  1.2189
886.4003  98.3577  29.4757  9.4972  0.0506  1.2272
886.2909  111.7245  29.4926  9.4956  0.0529  1.2283
886.4357  11.9844  29.4854  9.4925  0.0506  1.2344
886.2880  25.2354  29.5003  9.4981  0.0526  1.2066
886.3318  38.6431  29.5066  9.5008  0.0519  1.2146
886.4441  51.9933  29.4961  9.4999  0.0508  1.2061
886.3427  65.3047  29.4801  9.5026  0.0512  1.2278
886.2663  78.6994  29.4538  9.4990  0.0526  1.2210
886.4995  92.0289  29.5107  9.5025  0.0507  1.2195
886.4028  105.2745  29.4756  9.4971  0.0511  1.2270
886.2927  -1.3589  29.4926  9.4956  0.0519  1.2282
886.4343  18.9010  29.4854  9.4925  0.0506  1.2345
886.2866  32.1522  29.5003  9.4981  0.0525  1.2063
886.3307  45.5600  29.5065  9.5008  0.0519  1.2147
886.4451  58.9103  29.4960  9.4999  0.0509  1.2061
886.3431  72.2218  29.4801  9.5026  0.0512  1.2278
886.2659  85.6165  29.4536  9.4990  0.0522  1.2209
886.5024  98.9457  29.5106  9.5025  0.0500  1.2199
886.4016  112.1911  29.4754  9.4971  0.0506  1.2270
886.2921  5.5577  29.4925  9.4956  0.0519  1.2277
886.4341  25.8177  29.4854  9.4925  0.0505  1.2345
886.2874  39.0690  29.5003  9.4981  0.0526  1.2062
886.3301  52.4769  29.5065  9.5008  0.0518  1.2147
886.4443  65.8274  29.4960  9.4999  0.0508  1.2058
886.3420  79.1388  29.4800  9.5026  0.0511  1.2278
886.2650  92.5337  29.4533  9.4990  0.0526  1.2207
886.5043  105.8627  29.5106  9.5025  0.0504  1.2202
886.4037  119.1078  29.4752  9.4971  0.0500  1.2270
886.2916  12.4744  29.4925  9.4956  0.0519  1.2279
886.4325  32.7344  29.4854  9.4925  0.0506  1.2348
886.2885  45.9857  29.5002  9.4981  0.0525  1.2062
886.3295  59.3938  29.5065  9.5008  0.0518  1.2146
886.4445  72.7443  29.4960  9.4999  0.0505  1.2055
886.3427  86.0558  29.4799  9.5026  0.0512  1.2278
886.2661  99.4508  29.4531  9.4989  0.0519  1.2209
886.5002  112.7797  29.5105  9.5025  0.0505  1.2202
886.4042  6.0245  29.4751  9.4970  0.0504  1.2271
886.2912  19.3910  29.4925  9.4956  0.0519  1.2281
886.4330  39.6509  29.4853  9.4925  0.0505  1.2351
886.2907  52.9024  29.5001  9.4981  0.0525  1.2064
886.3309  66.3107  29.5064  9.5008  0.0518  1.2142
886.4457  79.6612  29.4959  9.4999  0.0503  1.2058
886.3422  92.9730  29.4799  9.5026  0.0517  1.2275
886.2649  106.3679  29.4529  9.4989  0.0521  1.2208
886.5013  119.6964  29.5105  9.5024  0.0494  1.2203
886.4047  12.9413  29.4750  9.4970  0.0503  1.2271
886.2908  26.3076  29.4924  9.4956  0.0518  1.2284
886.4320  46.5676  29.4854  9.4925  0.0506  1.2353
886.2892  59.8191  29.5000  9.4981  0.0522  1.2066
886.3306  73.2276  29.5063  9.5008  0.0519  1.2142
886.4462  86.5784  29.4959  9.4999  0.0509  1.2056
886.3403  99.8899  29.4798  9.5026  0.0514  1.2278
886.2671  113.2851  29.4527  9.4989  0.0527  1.2204
886.5031  6.6135  29.5104  9.5024  0.0503  1.2202
886.4044  19.8581  29.4748  9.4970  0.0503  1.2271
886.2905  33.2242  29.4924  9.4956  0.0518  1.2284
886.4328  53.4843  29.4853  9.4925  0.0507  1.2355
886.2866  66.7358  29.5000  9.4981  0.0524  1.2066
886.3288  80.1443  29.5063  9.5008  0.0514  1.2139
886.4433  93.4953  29.4959  9.4999  0.0508  1.2054
886.3423  106.8069  29.4797  9.5025  0.0508  1.2281
886.2655  120.2023  29.4525  9.4988  0.0531  1.2201
886.5026  13.5305  29.5104  9.5023  0.0503  1.2199
886.4049  26.7750  29.4747  9.4970  0.0503  1.2274
886.2910  40.1408  29.4923  9.4956  0.0519  1.2287
886.4303  60.4008  29.4854  9.4925  0.0506  1.2355
886.2880  73.6525  29.4999  9.4981  0.0525  1.2070
886.3298  87.0613  29.5062  9.5008  0.0521  1.2139
886.4451  100.4123  29.4959  9.4999  0.0512  1.2055
886.3420  113.7241  29.4796  9.5025  0.0523  1.2281
886.2660  7.1194  29.4523  9.4988  0.0522  1.2203
886.5022  20.4475  29.5103  9.5023  0.0502  1.2196
886.4047  33.6917  29.4745  9.4969  0.0503  1.2274
886.2907  47.0574  29.4923  9.4956  0.0517  1.2289
886.4316  67.3174  29.4853  9.4925  0.0504  1.2360
886.2869  80.5692  29.4998  9.4981  0.0528  1.2073
886.3275  93.9781  29.5062  9.5009  0.0517  1.2137
886.4420  107.3293  29.4959  9.4999  0.0511  1.2056
886.3418  120.6410  29.4796  9.5025  0.0516  1.2281
886.2655  14.0366  29.4521  9.4987  0.0522  1.2206
886.5022  27.3644  29.5102  9.5023  0.0503  1.2194
886.4045  40.6085  29.4744  9.4969  0.0504  1.2275
886.2919  53.9740  29.4922  9.4956  0.0518  1.2289
886.4326  74.2339  29.4853  9.4925  0.0504  1.2357
886.2860  87.4857  29.4998  9.4981  0.0523  1.2073
886.3284  100.8950  29.5062  9.5009  0.0523  1.2139
886.4435  114.2461  29.4959  9.5000  0.0500  1.2057
886.3425  7.5581  29.4795  9.5025  0.0514  1.2285
886.2663  20.9537  29.4519  9.4987  0.0522  1.2210
886.5007  34.2814  29.5102  9.5022  0.0502  1.2193
886.4065  47.5253  29.4742  9.4969  0.0503  1.2275
886.2917  60.8906  29.4922  9.4956  0.0518  1.2289
886.4338  81.1505  29.4853  9.4925  0.0507  1.2355
886.2829  94.4025  29.4997  9.4982  0.0528  1.2070
886.3281  107.8118  29.5061  9.5009  0.0520  1.2140
886.4438  121.1632  29.4958  9.5000  0.0505  1.2059
886.3412  14.4752  29.4794  9.5025  0.0514  1.2284
886.2659  27.8709  29.4517  9.4987  0.0522  1.2211
886.5009  41.1983  29.5101  9.5022  0.0501  1.2191
886.4067  54.4421  29.4741  9.4968  0.0504  1.2273
886.2907  67.8071  29.4921  9.4956  0.0518  1.2289
886.4314  88.0671  29.4853  9.4926  0.0503  1.2354
886.2863  101.3193  29.4996  9.4982  0.0543  1.2069
886.3311  114.7286  29.5061  9.5008  0.0523  1.2145
886.4427  8.0803  29.4959  9.5000  0.0507  1.2060
886.3419  21.3923  29.4793  9.5024  0.0514  1.2283
886.2653  34.7881  29.4515  9.4986  0.0522  1.2209
886.5000  48.1153  29.5101  9.5022  0.0502  1.2194
886.4050  61.3588  29.4739  9.4968  0.0503  1.2272
886.2893  74.7238  29.4921  9.4956  0.0523  1.2285
886.4303  94.9837  29.4853  9.4926  0.0505  1.2353
886.2872  108.2356  29.4995  9.4982  0.0522  1.2066
886.3297  1.6455  29.5060  9.5009  0.0520  1.2148
886.4427  14.9974  29.4958  9.5000  0.0508  1.2059
886.3412  28.3094  29.4793  9.5024  0.0514  1.2283
886.2675  41.7052  29.4513  9.4986  0.0523  1.2208
886.4995  55.0322  29.5100  9.5022  0.0503  1.2198
886.4045  68.2754  29.4738  9.4968  0.0500  1.2266
886.2928  81.6402  29.4920  9.4956  0.0515  1.2282
886.4294  101.9002  29.4853  9.4926  0.0504  1.2352
886.2868  115.1524  29.4995  9.4982  0.0525  1.2063
886.3281  8.5625  29.5060  9.5008  0.0521  1.2150
886.4421  21.9144  29.4958  9.5000  0.0509  1.2059
886.3416  35.2265  29.4792  9.5024  0.0514  1.2281
886.2646  48.6224  29.4511  9.4986  0.0522  1.2208
886.5006  61.9491  29.5100  9.5021  0.0503  1.2204
886.4037  75.1922  29.4737  9.4968  0.0503  1.2265
886.2910  88.5568  29.4920  9.4956  0.0517  1.2278
886.4307  108.8167  29.4853  9.4926  0.0499  1.2353
886.2838  122.0690  29.4994  9.4982  0.0529  1.2060
886.3278  15.4794  29.5059  9.5008  0.0520  1.2151
886.4421  28.8315  29.4958  9.5000  0.0509  1.2058
886.3406  42.1435  29.4791  9.5024  0.0514  1.2280
886.2634  55.5395  29.4510  9.4985  0.0521  1.2207
886.5011  68.8660  29.5099  9.5021  0.0501  1.2206
886.4012  82.1087  29.4735  9.4967  0.0502  1.2265
886.2907  95.4733  29.4920  9.4956  0.0517  1.2277
886.4291  115.7336  29.4853  9.4926  0.0520  1.2356
886.2867  8.9858  29.4994  9.4982  0.0526  1.2061
886.3281  22.3963  29.5059  9.5008  0.0520  1.2151
886.4421  35.7484  29.4957  9.5000  0.0507  1.2057
886.3414  49.0606  29.4791  9.5023  0.0515  1.2279
886.2629  62.4566  29.4507  9.4985  0.0522  1.2205
886.4987  75.7828  29.5098  9.5021  0.0504  1.2205
886.4034  89.0253  29.4733  9.4967  0.0502  1.2265
886.2924  102.3898  29.4919  9.4956  0.0517  1.2280
886.4319  2.6499  29.4853  9.4926  0.0506  1.2357
886.2876  15.9026  29.4993  9.4982  0.0525  1.2063
886.3268  29.3132  29.5058  9.5008  0.0520  1.2150
886.4406  42.6655  29.4957  9.5000  0.0509  1.2055
886.3420  55.9777  29.4789  9.5023  0.0516  1.2278
886.2626  69.3737  29.4506  9.4984  0.0524  1.2210
886.4999  82.6997  29.5097  9.5021  0.0508  1.2205
886.4020  95.9420  29.4732  9.4967  0.0496  1.2262
886.2885  109.3064  29.4919  9.4956  0.0521  1.2281
886.4298  9.5666  29.4852  9.4926  0.0506  1.2361
886.2882  22.8193  29.4992  9.4982  0.0526  1.2066
886.3273  36.2301  29.5058  9.5008  0.0519  1.2149
886.4413  49.5825  29.4957  9.5000  0.0509  1.2055
886.3405  62.8948  29.4789  9.5023  0.0516  1.2280
886.2632  76.2908  29.4504  9.4984  0.0527  1.2207
886.5005  89.6165  29.5097  9.5020  0.0499  1.2204
886.4028  102.8586  29.4731  9.4966  0.0500  1.2264
886.2905  -3.7771  29.4918  9.4956  0.0519  1.2282
886.4291  16.4832  29.4853  9.4926  0.0507  1.2363
886.2883  29.7361  29.4991  9.4982  0.0525  1.2067
886.3264  43.1470  29.5057  9.5008  0.0518  1.2147
886.4403  56.4995  29.4957  9.5000  0.0509  1.2054
886.3385  69.8118  29.4789  9.5023  0.0515  1.2281
886.2619  83.2079  29.4502  9.4984  0.0523  1.2203
886.5012  96.5332  29.5096  9.5020  0.0491  1.2202
886.4047  109.7752  29.4729  9.4966  0.0498  1.2265
886.2911  3.1395  29.4918  9.4956  0.0518  1.2286
886.4286  23.3997  29.4853  9.4926  0.0506  1.2363
886.2877  36.6528  29.4991  9.4982  0.0526  1.2068
886.3262  50.0639  29.5057  9.5008  0.0521  1.2145
886.4394  63.4165  29.4957  9.5000  0.0510  1.2052
886.3396  76.7287  29.4788  9.5023  0.0512  1.2280
886.2637  90.1249  29.4500  9.4983  0.0524  1.2204
886.5009  103.4500  29.5095  9.5020  0.0494  1.2198
886.4040  116.6918  29.4727  9.4966  0.0494  1.2266
886.2908  10.0560  29.4918  9.4956  0.0519  1.2288
886.4263  30.3164  29.4853  9.4926  0.0506  1.2363
886.2885  43.5696  29.4990  9.4982  0.0525  1.2069
886.3268  56.9807  29.5057  9.5008  0.0519  1.2145
886.4431  70.3334  29.4956  9.5000  0.0508  1.2053
886.3397  83.6458  29.4787  9.5022  0.0515  1.2280
886.2610  97.0419  29.4498  9.4983  0.0519  1.2209
886.4984  110.3669  29.5094  9.5020  0.0496  1.2192
886.4060  3.6085  29.4726  9.4966  0.0503  1.2270
886.2910  16.9726  29.4917  9.4956  0.0519  1.2288
886.4272  37.2329  29.4853  9.4926  0.0506  1.2362
886.2868  50.4863  29.4990  9.4982  0.0525  1.2069
886.3256  63.8977  29.5056  9.5008  0.0522  1.2146
886.4421  77.2505  29.4956  9.5000  0.0513  1.2055
886.3369  90.5627  29.4787  9.5022  0.0517  1.2281
886.2637  103.9592  29.4497  9.4983  0.0522  1.2212
886.5016  117.2838  29.5094  9.5020  0.0501  1.2193
886.4061  10.5253  29.4724  9.4966  0.0503  1.2270
886.2924  23.8891  29.4916  9.4956  0.0519  1.2287
886.4262  44.1495  29.4853  9.4926  0.0508  1.2361
886.2861  57.4031  29.4989  9.4982  0.0525  1.2067
886.3253  70.8145  29.5055  9.5008  0.0523  1.2145
886.4409  84.1673  29.4956  9.5000  0.0506  1.2055
886.3378  97.4796  29.4786  9.5022  0.0512  1.2280
886.2632  110.8762  29.4495  9.4982  0.0521  1.2213
886.5026  4.2007  29.5093  9.5019  0.0504  1.2192
886.4079  17.4420  29.4722  9.4965  0.0503  1.2269
886.2917  30.8057  29.4916  9.4956  0.0520  1.2286
886.4269  51.0660  29.4853  9.4926  0.0506  1.2360
886.2852  64.3198  29.4988  9.4982  0.0526  1.2064
886.3244  77.7312  29.5054  9.5008  0.0521  1.2148
886.4387  91.0843  29.4956  9.5000  0.0506  1.2056
886.3411  104.3966  29.4785  9.5022  0.0519  1.2279
886.2648  117.7933  29.4493  9.4982  0.0527  1.2214
886.5009  11.1176  29.5093  9.5019  0.0503  1.2195
886.4062  24.3588  29.4721  9.4965  0.0502  1.2268
886.2914  37.7221  29.4916  9.4956  0.0517  1.2284
886.4272  57.9826  29.4853  9.4926  0.0508  1.2359
886.2860  71.2365  29.4988  9.4982  0.0528  1.2064
886.3231  84.6480  29.5054  9.5008  0.0518  1.2148
886.4417  98.0013  29.4956  9.5000  0.0514  1.2054
886.3378  111.3135  29.4784  9.5022  0.0516  1.2278
886.2650  4.7104  29.4491  9.4981  0.0523  1.2212
886.5005  18.0345  29.5092  9.5018  0.0503  1.2201
886.4070  31.2755  29.4720  9.4965  0.0503  1.2266
886.2922  44.6387  29.4915  9.4956  0.0520  1.2282
886.4266  64.8992  29.4853  9.4926  0.0509  1.2360
886.2851  78.1531  29.4987  9.4982  0.0528  1.2061
886.3242  91.5648  29.5053  9.5008  0.0522  1.2147
886.4409  104.9182  29.4955  9.5000  0.0510  1.2053
886.3391  118.2303  29.4784  9.5021  0.0503  1.2278
886.2631  11.6275  29.4490  9.4981  0.0522  1.2211
886.5020  24.9513  29.5091  9.5018  0.0502  1.2205
886.4069  38.1922  29.4719  9.4965  0.0503  1.2264
886.2913  51.5551  29.4915  9.4956  0.0517  1.2277
886.4294  71.8155  29.4852  9.4926  0.0503  1.2361
886.2846  85.0695  29.4986  9.4982  0.0519  1.2057
886.3232  98.4816  29.5052  9.5008  0.0522  1.2147
886.4395  111.8352  29.4955  9.5000  0.0516  1.2052
886.3400  5.1475  29.4783  9.5021  0.0514  1.2280
886.2626  18.5446  29.4488  9.4981  0.0523  1.2210
886.5001  31.8683  29.5091  9.5018  0.0503  1.2209
886.4082  45.1089  29.4717  9.4965  0.0503  1.2263
886.2911  58.4717  29.4915  9.4956  0.0519  1.2276
886.4285  78.7321  29.4853  9.4926  0.0503  1.2361
886.2830  91.9863  29.4985  9.4982  0.0526  1.2058
886.3228  105.3985  29.5052  9.5008  0.0530  1.2148
886.4394  118.7520  29.4955  9.5000  0.0507  1.2050
886.3384  12.0646  29.4783  9.5021  0.0514  1.2279
886.2635  25.4617  29.4486  9.4980  0.0523  1.2209
886.5013  38.7851  29.5090  9.5018  0.0502  1.2211
886.4079  52.0257  29.4715  9.4965  0.0506  1.2261
886.2899  65.3882  29.4915  9.4956  0.0517  1.2279
886.4275  85.6486  29.4853  9.4926  0.0504  1.2366
886.2847  98.9028  29.4984  9.4982  0.0526  1.2056
886.3234  112.3153  29.5052  9.5008  0.0522  1.2148
886.4391  5.6691  29.4955  9.5000  0.0509  1.2051
886.3386  18.9816  29.4782  9.5021  0.0514  1.2279
886.2619  32.3788  29.4484  9.4980  0.0522  1.2206
886.5007  45.7020  29.5089  9.5017  0.0502  1.2210
886.4103  58.9423  29.4714  9.4964  0.0503  1.2262
886.2919  72.3047  29.4914  9.4956  0.0521  1.2280
886.4263  92.5652  29.4853  9.4927  0.0507  1.2367
886.2851  105.8195  29.4984  9.4982  0.0524  1.2057
886.3212  -0.7680  29.5051  9.5008  0.0520  1.2147
886.4396  12.5861  29.4954  9.5000  0.0508  1.2051
886.3403  25.8987  29.4781  9.5020  0.0514  1.2280
886.2638  39.2958  29.4482  9.4979  0.0522  1.2203
886.5019  52.6188  29.5088  9.5017  0.0502  1.2207
886.4045  65.8590  29.4713  9.4964  0.0505  1.2260
886.2916  79.2211  29.4914  9.4956  0.0518  1.2281
886.4279  99.4818  29.4853  9.4927  0.0506  1.2368
886.2858  112.7362  29.4983  9.4982  0.0531  1.2062
886.3249  6.1489  29.5050  9.5008  0.0521  1.2149
886.4379  19.5031  29.4954  9.5000  0.0509  1.2051
886.3400  32.8157  29.4780  9.5020  0.0514  1.2282
886.2614  46.2130  29.4482  9.4979  0.0521  1.2203
886.5026  59.5357  29.5088  9.5017  0.0503  1.2204
886.4059  72.7756  29.4711  9.4964  0.0506  1.2260
886.2910  86.1376  29.4913  9.4956  0.0518  1.2285
886.4264  106.3982  29.4852  9.4927  0.0508  1.2370
886.2846  119.6527  29.4982  9.4982  0.0517  1.2067
886.3248  13.0658  29.5050  9.5008  0.0521  1.2149
886.4387  26.4201  29.4954  9.5000  0.0509  1.2049
886.3398  39.7327  29.4780  9.5020  0.0515  1.2284
886.2617  53.1301  29.4480  9.4979  0.0525  1.2202
886.4999  66.4524  29.5087  9.5017  0.0500  1.2201
886.4058  79.6921  29.4709  9.4964  0.0501  1.2262
886.2939  93.0540  29.4913  9.4956  0.0515  1.2290
886.4268  113.3148  29.4853  9.4927  0.0509  1.2371
886.2854  6.5695  29.4982  9.4982  0.0525  1.2069
886.3246  19.9826  29.5049  9.5008  0.0520  1.2149
886.4375  33.3371  29.4954  9.5000  0.0509  1.2050
886.3397  46.6497  29.4779  9.5019  0.0515  1.2284
886.2614  60.0471  29.4478  9.4979  0.0523  1.2204
886.4999  73.3693  29.5086  9.5017  0.0506  1.2196
886.4065  86.6087  29.4708  9.4964  0.0498  1.2261
886.2902  99.9706  29.4913  9.4956  0.0521  1.2290
886.4266  0.2313  29.4853  9.4927  0.0506  1.2370
886.2852  13.4862  29.4981  9.4983  0.0525  1.2067
886.3245  26.8995  29.5049  9.5007  0.0520  1.2150
886.4369  40.2541  29.4954  9.5000  0.0509  1.2054
886.3393  53.5668  29.4779  9.5019  0.0513  1.2285
886.2616  66.9641  29.4476  9.4978  0.0519  1.2211
886.5005  80.2861  29.5086  9.5016  0.0507  1.2196
886.4048  93.5253  29.4706  9.4963  0.0502  1.2260
886.2929  106.8870  29.4912  9.4956  0.0524  1.2289
886.4250  7.1479  29.4853  9.4927  0.0506  1.2367
886.2858  20.4030  29.4981  9.4983  0.0525  1.2066
886.3243  33.8164  29.5048  9.5007  0.0521  1.2152
886.4373  47.1711  29.4954  9.5000  0.0509  1.2055
886.3390  60.4838  29.4778  9.5019  0.0513  1.2284
886.2623  73.8811  29.4474  9.4978  0.0519  1.2212
886.5012  87.2027  29.5084  9.5016  0.0504  1.2194
886.4042  100.4420  29.4705  9.4963  0.0504  1.2260
886.2931  113.8035  29.4912  9.4956  0.0514  1.2288
886.4252  14.0644  29.4853  9.4927  0.0506  1.2367
886.2863  27.3197  29.4979  9.4983  0.0526  1.2063
886.3246  40.7333  29.5047  9.5007  0.0522  1.2155
886.4357  54.0881  29.4953  9.5000  0.0509  1.2056
886.3363  67.4008  29.4778  9.5019  0.0514  1.2279
886.2606  80.7983  29.4473  9.4977  0.0525  1.2213
886.4987  94.1195  29.5084  9.5016  0.0502  1.2195
886.4056  107.3585  29.4703  9.4963  0.0504  1.2258
886.2933  0.7200  29.4912  9.4956  0.0518  1.2284
886.4252  20.9810  29.4852  9.4927  0.0507  1.2366
886.2850  34.2364  29.4979  9.4983  0.0525  1.2060
886.3224  47.6501  29.5047  9.5007  0.0519  1.2155
886.4364  61.0050  29.4953  9.5000  0.0508  1.2055
886.3365  74.3178  29.4777  9.5018  0.0517  1.2277
886.2620  87.7154  29.4472  9.4977  0.0527  1.2213
886.5011  101.0361  29.5083  9.5016  0.0496  1.2200
886.4113  114.2749  29.4701  9.4963  0.0492  1.2257
886.2913  7.6365  29.4912  9.4956  0.0518  1.2281
886.4247  27.8975  29.4853  9.4927  0.0505  1.2365
886.2860  41.1532  29.4978  9.4983  0.0525  1.2057
886.3212  54.5670  29.5046  9.5007  0.0523  1.2157
886.4372  67.9220  29.4953  9.5000  0.0509  1.2051
886.3366  81.2346  29.4777  9.5018  0.0515  1.2277
886.2605  94.6323  29.4470  9.4977  0.0527  1.2213
886.4979  107.9531  29.5082  9.5016  0.0508  1.2205
886.4083  1.1916  29.4700  9.4962  0.0503  1.2258
886.2915  14.5530  29.4911  9.4956  0.0518  1.2276
886.4235  34.8140  29.4853  9.4928  0.0506  1.2366
886.2853  48.0699  29.4978  9.4982  0.0525  1.2056
886.3225  61.4838  29.5046  9.5007  0.0522  1.2157
886.4380  74.8389  29.4953  9.5000  0.0506  1.2050
886.3381  88.1516  29.4776  9.5018  0.0518  1.2277
886.2615  101.5493  29.4469  9.4976  0.0517  1.2211
886.4991  114.8698  29.5081  9.5016  0.0507  1.2208
886.4091  8.1083  29.4699  9.4962  0.0503  1.2258
886.2909  21.4695  29.4911  9.4956  0.0518  1.2274
886.4240  41.7306  29.4853  9.4928  0.0506  1.2366
886.2851  54.9866  29.4977  9.4982  0.0525  1.2056
886.3225  68.4005  29.5045  9.5007  0.0517  1.2153
886.4364  81.7559  29.4953  9.5000  0.0507  1.2049
886.3397  95.0684  29.4775  9.5018  0.0517  1.2276
886.2596  108.4664  29.4467  9.4976  0.0520  1.2210
886.5012  1.7866  29.5081  9.5015  0.0503  1.2212
886.4082  15.0250  29.4698  9.4963  0.0502  1.2257
886.2914  28.3859  29.4911  9.4956  0.0518  1.2276
886.4228  48.6470  29.4852  9.4928  0.0507  1.2369
886.2853  61.9033  29.4976  9.4983  0.0523  1.2055
886.3219  75.3173  29.5044  9.5007  0.0519  1.2151
886.4360  88.6728  29.4952  9.5000  0.0508  1.2047
886.3366  101.9854  29.4774  9.5017  0.0515  1.2273
886.2603  115.3834  29.4465  9.4975  0.0528  1.2211
886.5009  8.7034  29.5080  9.5015  0.0503  1.2211
886.4100  21.9417  29.4695  9.4962  0.0503  1.2257
886.2905  35.3025  29.4911  9.4956  0.0519  1.2277
886.4210  55.5636  29.4853  9.4928  0.0508  1.2372
886.2839  68.8199  29.4975  9.4982  0.0524  1.2055
886.3198  82.2340  29.5043  9.5007  0.0515  1.2150
886.4365  95.5897  29.4952  9.5000  0.0508  1.2046
886.3368  108.9023  29.4774  9.5017  0.0516  1.2277
886.2604  122.3003  29.4464  9.4975  0.0511  1.2209
886.5007  15.6203  29.5079  9.5015  0.0503  1.2209
886.4103  28.8584  29.4694  9.4962  0.0503  1.2258
886.2900  42.2189  29.4911  9.4956  0.0518  1.2280
886.4214  62.4801  29.4853  9.4928  0.0507  1.2374
886.2850  75.7366  29.4975  9.4982  0.0525  1.2059
886.3225  89.1508  29.5043  9.5007  0.0525  1.2148
886.4367  102.5065  29.4952  9.5000  0.0500  1.2046
886.3359  115.8191  29.4774  9.5017  0.0505  1.2280
886.2604  9.2175  29.4462  9.4975  0.0523  1.2203
886.5005  22.5371  29.5079  9.5014  0.0503  1.2206
886.4097  35.7751  29.4693  9.4962  0.0503  1.2260
886.2895  49.1354  29.4910  9.4957  0.0520  1.2281
886.4227  69.3965  29.4853  9.4929  0.0506  1.2377
886.2841  82.6533  29.4974  9.4982  0.0533  1.2063
886.3222  96.0678  29.5042  9.5006  0.0536  1.2148
886.4381  109.4236  29.4952  9.5000  0.0512  1.2045
886.3378  2.7361  29.4773  9.5017  0.0514  1.2282
886.2595  16.1346  29.4461  9.4974  0.0523  1.2203
886.5007  29.4539  29.5078  9.5014  0.0503  1.2203
886.4100  42.6917  29.4691  9.4962  0.0503  1.2261
886.2908  56.0518  29.4910  9.4957  0.0519  1.2283
886.4216  76.3130  29.4853  9.4929  0.0504  1.2378
886.2839  89.5697  29.4973  9.4982  0.0522  1.2066
886.3203  102.9843  29.5042  9.5006  0.0516  1.2147
886.4355  116.3405  29.4952  9.5000  0.0509  1.2045
886.3381  9.6531  29.4772  9.5016  0.0514  1.2284
886.2602  23.0516  29.4459  9.4974  0.0523  1.2204
886.5007  36.3707  29.5078  9.5014  0.0502  1.2200
886.4095  49.6084  29.4690  9.4962  0.0505  1.2262
886.2905  62.9683  29.4910  9.4957  0.0521  1.2285
886.4213  83.2296  29.4853  9.4929  0.0507  1.2377
886.2861  96.4862  29.4972  9.4982  0.0513  1.2066
886.3227  109.9012  29.5041  9.5006  0.0527  1.2149
886.4338  123.2575  29.4951  9.5000  0.0515  1.2048
886.3383  16.5702  29.4772  9.5016  0.0515  1.2284
886.2604  29.9687  29.4458  9.4974  0.0524  1.2207
886.5015  43.2875  29.5076  9.5014  0.0502  1.2199
886.4122  56.5250  29.4687  9.4961  0.0503  1.2261
886.2924  69.8847  29.4909  9.4957  0.0522  1.2285
886.4235  90.1460  29.4853  9.4929  0.0506  1.2375
886.2833  103.4029  29.4972  9.4982  0.0521  1.2064
886.3231  116.8178  29.5040  9.5006  0.0522  1.2150
886.4362  10.1744  29.4951  9.4999  0.0510  1.2052
886.3376  23.4872  29.4772  9.5016  0.0515  1.2283
886.2609  36.8857  29.4456  9.4973  0.0522  1.2210
886.5026  50.2043  29.5075  9.5013  0.0502  1.2197
886.4092  63.4416  29.4687  9.4961  0.0501  1.2258
886.2935  76.8011  29.4910  9.4957  0.0518  1.2284
886.4235  97.0626  29.4853  9.4930  0.0511  1.2373
886.2817  110.3195  29.4970  9.4982  0.0525  1.2064
886.3222  3.7347  29.5040  9.5006  0.0520  1.2156
886.4350  17.0914  29.4951  9.4999  0.0509  1.2052
886.3379  30.4042  29.4771  9.5016  0.0515  1.2283
886.2614  43.8028  29.4455  9.4973  0.0525  1.2211
886.5012  57.1212  29.5075  9.5013  0.0503  1.2199
886.4098  70.3583  29.4685  9.4961  0.0505  1.2254
886.2917  83.7175  29.4909  9.4957  0.0520  1.2282
886.4199  103.9790  29.4853  9.4930  0.0510  1.2374
886.2837  117.2360  29.4970  9.4982  0.0515  1.2062
886.3204  10.6516  29.5039  9.5006  0.0521  1.2158
886.4351  24.0085  29.4950  9.4999  0.0510  1.2052
886.3381  37.3212  29.4770  9.5015  0.0514  1.2282
886.2609  50.7198  29.4453  9.4973  0.0525  1.2210
886.4973  64.0379  29.5074  9.5013  0.0502  1.2202
886.4099  77.2748  29.4684  9.4961  0.0503  1.2252
886.2903  90.6339  29.4909  9.4957  0.0521  1.2276
886.4227  110.8955  29.4853  9.4930  0.0513  1.2375
886.2833  4.1528  29.4969  9.4982  0.0525  1.2057
886.3209  17.5684  29.5039  9.5005  0.0520  1.2160
886.4330  30.9255  29.4951  9.4999  0.0509  1.2051
886.3373  44.2383  29.4770  9.5015  0.0516  1.2281
886.2616  57.6368  29.4452  9.4972  0.0524  1.2209
886.4996  70.9546  29.5073  9.5013  0.0497  1.2207
886.4094  84.1913  29.4682  9.4961  0.0502  1.2251
886.2937  97.5501  29.4909  9.4957  0.0513  1.2274
886.4244  117.8119  29.4852  9.4930  0.0503  1.2374
886.2823  11.0695  29.4969  9.4983  0.0525  1.2055
886.3195  24.4853  29.5038  9.5005  0.0521  1.2160
886.4326  37.8424  29.4950  9.4999  0.0509  1.2050
886.3383  51.1552  29.4769  9.5014  0.0515  1.2279
886.2595  64.5538  29.4450  9.4972  0.0524  1.2212
886.5020  77.8714  29.5072  9.5013  0.0505  1.2209
886.4110  91.1077  29.4680  9.4960  0.0498  1.2251
886.2919  104.4667  29.4909  9.4958  0.0521  1.2271
886.4220  4.7284  29.4853  9.4930  0.0506  1.2371
886.2827  17.9863  29.4968  9.4983  0.0525  1.2055
886.3208  31.4021  29.5037  9.5005  0.0521  1.2159
886.4333  44.7594  29.4950  9.4999  0.0510  1.2049
886.3367  58.0722  29.4768  9.5014  0.0514  1.2276
886.2582  71.4709  29.4449  9.4972  0.0523  1.2208
886.5013  84.7881  29.5072  9.5013  0.0502  1.2210
886.4138  98.0243  29.4679  9.4960  0.0498  1.2252
886.2899  111.3832  29.4908  9.4957  0.0525  1.2269
886.4206  11.6449  29.4853  9.4930  0.0507  1.2374
886.2853  24.9030  29.4967  9.4982  0.0526  1.2057
886.3190  38.3189  29.5036  9.5005  0.0521  1.2158
886.4327  51.6764  29.4950  9.4999  0.0512  1.2047
886.3363  64.9892  29.4768  9.5014  0.0516  1.2273
886.2589  78.3878  29.4448  9.4971  0.0522  1.2209
886.4992  91.7047  29.5070  9.5012  0.0499  1.2210
886.4123  104.9408  29.4677  9.4960  0.0501  1.2249
886.2933  -1.7005  29.4908  9.4957  0.0518  1.2271
886.4194  18.5615  29.4853  9.4930  0.0506  1.2378
886.2822  31.8197  29.4967  9.4983  0.0525  1.2059
886.3195  45.2358  29.5036  9.5005  0.0521  1.2157
886.4314  58.5933  29.4950  9.4999  0.0508  1.2046
886.3361  71.9060  29.4767  9.5014  0.0513  1.2276
886.2582  85.3049  29.4446  9.4971  0.0527  1.2208
886.4983  98.6215  29.5070  9.5012  0.0504  1.2210
886.4111  111.8576  29.4676  9.4960  0.0510  1.2250
886.2926  5.2159  29.4908  9.4958  0.0518  1.2275
886.4185  25.4779  29.4853  9.4930  0.0506  1.2379
886.2843  38.7364  29.4966  9.4983  0.0525  1.2061
886.3188  52.1526  29.5035  9.5005  0.0519  1.2155
886.4329  65.5103  29.4949  9.4999  0.0509  1.2045
886.3364  78.8229  29.4767  9.5013  0.0515  1.2278
886.2579  92.2218  29.4445  9.4971  0.0523  1.2205
886.4988  105.5383  29.5069  9.5012  0.0505  1.2208
886.4099  118.7741  29.4675  9.4960  0.0506  1.2251
886.2922  12.1324  29.4908  9.4958  0.0518  1.2276
886.4174  32.3944  29.4853  9.4930  0.0506  1.2381
886.2843  45.6531  29.4965  9.4982  0.0526  1.2063
886.3181  59.0694  29.5035  9.5004  0.0521  1.2153
886.4326  72.4272  29.4949  9.4999  0.0509  1.2041
886.3398  85.7398  29.4766  9.5013  0.0509  1.2277
886.2573  99.1389  29.4444  9.4970  0.0528  1.2201
886.4990  112.4550  29.5068  9.5012  0.0503  1.2204
886.4108  5.6906  29.4673  9.4960  0.0503  1.2256
886.2927  19.0488  29.4908  9.4958  0.0519  1.2277
886.4184  39.3109  29.4853  9.4931  0.0507  1.2380
886.2841  52.5699  29.4964  9.4982  0.0527  1.2064
886.3183  65.9862  29.5034  9.5004  0.0519  1.2150
886.4321  79.3441  29.4949  9.4999  0.0511  1.2040
886.3354  92.6567  29.4766  9.5013  0.0514  1.2278
886.2581  106.0557  29.4442  9.4970  0.0525  1.2203
886.4957  119.3717  29.5068  9.5012  0.0501  1.2199
886.4113  12.6073  29.4671  9.4960  0.0503  1.2256
886.2932  25.9652  29.4907  9.4958  0.0518  1.2277
886.4164  46.2274  29.4853  9.4931  0.0507  1.2382
886.2846  59.4865  29.4963  9.4982  0.0525  1.2064
886.3174  72.9029  29.5033  9.5004  0.0524  1.2152
886.4333  86.2609  29.4949  9.4998  0.0505  1.2044
886.3383  99.5735  29.4765  9.5012  0.0509  1.2279
886.2590  112.9726  29.4441  9.4969  0.0520  1.2207
886.5009  6.2884  29.5067  9.5012  0.0503  1.2199
886.4114  19.5239  29.4670  9.4960  0.0503  1.2256
886.2937  32.8817  29.4908  9.4958  0.0519  1.2278
886.4188  53.1438  29.4853  9.4931  0.0506  1.2385
886.2803  66.4032  29.4963  9.4982  0.0527  1.2062
886.3186  79.8196  29.5032  9.5004  0.0518  1.2153
886.4304  93.1778  29.4949  9.4998  0.0510  1.2045
886.3371  106.4905  29.4765  9.5012  0.0518  1.2279
886.2607  119.8897  29.4440  9.4969  0.0523  1.2208
886.5014  13.2052  29.5066  9.5011  0.0503  1.2198
886.4120  26.4406  29.4668  9.4960  0.0503  1.2255
886.2931  39.7980  29.4908  9.4959  0.0517  1.2276
886.4153  60.0604  29.4853  9.4931  0.0510  1.2386
886.2821  73.3197  29.4962  9.4982  0.0525  1.2061
886.3208  86.7363  29.5031  9.5004  0.0520  1.2157
886.4316  100.0947  29.4949  9.4998  0.0508  1.2046
886.3358  113.4073  29.4764  9.5012  0.0515  1.2277
886.2605  6.8067  29.4438  9.4969  0.0524  1.2210
886.4999  20.1220  29.5065  9.5011  0.0503  1.2200
886.4122  33.3571  29.4667  9.4960  0.0502  1.2253
886.2934  46.7145  29.4908  9.4959  0.0519  1.2273
886.4164  66.9767  29.4853  9.4931  0.0507  1.2387
886.2849  80.2362  29.4961  9.4982  0.0523  1.2059
886.3210  93.6530  29.5030  9.5004  0.0518  1.2155
886.4313  107.0116  29.4949  9.4998  0.0507  1.2045
886.3372  120.3241  29.4763  9.5012  0.0505  1.2277
886.2609  13.7237  29.4437  9.4968  0.0523  1.2209
886.5016  27.0388  29.5065  9.5011  0.0502  1.2205
886.4117  40.2738  29.4666  9.4960  0.0504  1.2252
886.2932  53.6309  29.4907  9.4959  0.0519  1.2272
886.4158  73.8931  29.4852  9.4932  0.0506  1.2386
886.2834  87.1528  29.4960  9.4982  0.0524  1.2057
886.3163  100.5697  29.5030  9.5004  0.0511  1.2155
886.4301  113.9284  29.4948  9.4998  0.0497  1.2043
886.3375  7.2412  29.4763  9.5011  0.0515  1.2281
886.2604  20.6408  29.4435  9.4968  0.0523  1.2208
886.5024  33.9556  29.5063  9.5010  0.0503  1.2210
886.4130  47.1903  29.4664  9.4960  0.0502  1.2250
886.2942  60.5472  29.4907  9.4959  0.0519  1.2268
886.4169  80.8096  29.4853  9.4932  0.0512  1.2386
886.2824  94.0694  29.4959  9.4982  0.0527  1.2053
886.3168  107.4865  29.5029  9.5004  0.0527  1.2155
886.4319  120.8455  29.4948  9.4998  0.0504  1.2042
886.3381  14.1582  29.4763  9.5011  0.0515  1.2279
886.2581  27.5578  29.4434  9.4968  0.0522  1.2208
886.5014  40.8724  29.5063  9.5010  0.0502  1.2213
886.4115  54.1070  29.4662  9.4959  0.0504  1.2249
886.2924  67.4635  29.4908  9.4959  0.0513  1.2265
886.4161  87.7260  29.4853  9.4932  0.0507  1.2383
886.2817  100.9860  29.4959  9.4982  0.0528  1.2052
886.3151  114.4033  29.5028  9.5003  0.0527  1.2156
886.4304  7.7624  29.4948  9.4998  0.0510  1.2044
886.3390  21.0751  29.4762  9.5011  0.0515  1.2277
886.2590  34.4747  29.4433  9.4967  0.0524  1.2206
886.5012  47.7892  29.5062  9.5010  0.0504  1.2216
886.4136  61.0235  29.4661  9.4959  0.0501  1.2247
886.2924  74.3799  29.4907  9.4959  0.0519  1.2264
886.4162  94.6424  29.4853  9.4932  0.0506  1.2380
886.2799  107.9024  29.4957  9.4982  0.0515  1.2052
886.3188  1.3200  29.5028  9.5003  0.0522  1.2159
886.4296  14.6794  29.4948  9.4997  0.0509  1.2043
886.3374  27.9922  29.4762  9.5011  0.0515  1.2277
886.2585  41.3917  29.4432  9.4967  0.0522  1.2204
886.5016  54.7059  29.5061  9.5010  0.0503  1.2215
886.4124  67.9401  29.4660  9.4959  0.0501  1.2245
886.2939  81.2962  29.4907  9.4960  0.0515  1.2265
886.4140  101.5587  29.4853  9.4932  0.0501  1.2382
886.2782  114.8192  29.4957  9.4982  0.0530  1.2052
886.3180  8.2369  29.5027  9.5003  0.0521  1.2159
886.4296  21.5964  29.4948  9.4997  0.0509  1.2042
886.3391  34.9091  29.4761  9.5011  0.0515  1.2279
886.2581  48.3087  29.4430  9.4967  0.0524  1.2202
886.4999  61.6227  29.5060  9.5010  0.0504  1.2213
886.4128  74.8565  29.4658  9.4959  0.0502  1.2245
886.2909  88.2126  29.4908  9.4960  0.0518  1.2266
886.4147  108.4752  29.4853  9.4932  0.0500  1.2384
886.2814  121.7357  29.4956  9.4982  0.0521  1.2057
886.3176  15.1537  29.5027  9.5003  0.0521  1.2158
886.4294  28.5133  29.4947  9.4997  0.0509  1.2041
886.3376  41.8261  29.4761  9.5010  0.0513  1.2280
886.2592  55.2256  29.4429  9.4966  0.0521  1.2199
886.5006  68.5394  29.5059  9.5010  0.0505  1.2210
886.4118  81.7731  29.4656  9.4959  0.0503  1.2246
886.2934  95.1291  29.4908  9.4960  0.0522  1.2268
886.4143  115.3916  29.4853  9.4932  0.0512  1.2385
886.2820  8.6524  29.4956  9.4982  0.0525  1.2063
886.3180  22.0706  29.5026  9.5003  0.0521  1.2157
886.4281  35.4302  29.4947  9.4997  0.0508  1.2040
886.3375  48.7431  29.4760  9.5010  0.0515  1.2281
886.2582  62.1426  29.4428  9.4966  0.0528  1.2199
886.5007  75.4559  29.5058  9.5010  0.0499  1.2205
886.4114  88.6895  29.4655  9.4959  0.0502  1.2248
886.2903  102.0453  29.4908  9.4960  0.0519  1.2272
886.4154  2.3080  29.4853  9.4932  0.0506  1.2394
886.2817  15.5692  29.4955  9.4982  0.0526  1.2063
886.3171  28.9874  29.5025  9.5002  0.0521  1.2157
886.4277  42.3472  29.4947  9.4997  0.0509  1.2039
886.3368  55.6601  29.4760  9.5010  0.0514  1.2282
886.2566  69.0595  29.4427  9.4966  0.0519  1.2199
886.4993  82.3727  29.5058  9.5010  0.0500  1.2200
886.4120  95.6060  29.4653  9.4959  0.0501  1.2247
886.2917  108.9617  29.4908  9.4960  0.0521  1.2274
886.4133  9.2245  29.4853  9.4932  0.0506  1.2397
886.2830  22.4859  29.4954  9.4982  0.0525  1.2063
886.3186  35.9042  29.5024  9.5002  0.0520  1.2158
886.4265  49.2642  29.4947  9.4996  0.0510  1.2042
886.3344  62.5771  29.4759  9.5010  0.0515  1.2281
886.2583  75.9764  29.4425  9.4965  0.0519  1.2203
886.4995  89.2894  29.5056  9.5009  0.0505  1.2200
886.4130  102.5225  29.4652  9.4959  0.0497  1.2246
886.2914  115.8781  29.4907  9.4960  0.0527  1.2274
886.4123  16.1409  29.4853  9.4932  0.0507  1.2399
886.2819  29.4026  29.4954  9.4982  0.0525  1.2061
886.3173  42.8210  29.5024  9.5002  0.0521  1.2160
886.4275  56.1811  29.4947  9.4996  0.0510  1.2045
886.3362  69.4940  29.4758  9.5009  0.0517  1.2277
886.2570  82.8934  29.4424  9.4965  0.0524  1.2205
886.4987  96.2061  29.5056  9.5009  0.0505  1.2198
886.4131  109.4390  29.4650  9.4958  0.0501  1.2245
886.2955  2.7943  29.4907  9.4961  0.0518  1.2270
886.4128  23.0574  29.4853  9.4932  0.0507  1.2400
886.2814  36.3193  29.4953  9.4982  0.0525  1.2059
886.3168  49.7379  29.5023  9.5002  0.0523  1.2162
886.4266  63.0980  29.4946  9.4996  0.0508  1.2047
886.3380  76.4107  29.4758  9.5009  0.0512  1.2276
886.2605  89.8103  29.4423  9.4964  0.0521  1.2207
886.5007  103.1226  29.5055  9.5009  0.0501  1.2198
886.4160  116.3554  29.4649  9.4958  0.0496  1.2244
886.2948  9.7107  29.4907  9.4961  0.0518  1.2268
886.4135  29.9737  29.4853  9.4932  0.0507  1.2400
886.2819  43.2359  29.4952  9.4982  0.0525  1.2055
886.3163  56.6546  29.5022  9.5002  0.0520  1.2163
886.4274  70.0149  29.4946  9.4996  0.0509  1.2043
886.3367  83.3276  29.4757  9.5009  0.0518  1.2276
886.2597  96.7272  29.4422  9.4964  0.0521  1.2208
886.4988  110.0395  29.5054  9.5009  0.0510  1.2202
886.4142  3.2720  29.4647  9.4959  0.0502  1.2246
886.2935  16.6271  29.4908  9.4961  0.0517  1.2266
886.4113  36.8902  29.4854  9.4933  0.0507  1.2398
886.2816  50.1526  29.4951  9.4982  0.0525  1.2052
886.3141  63.5713  29.5021  9.5001  0.0516  1.2164
886.4289  76.9318  29.4946  9.4996  0.0511  1.2040
886.3347  90.2445  29.4757  9.5008  0.0516  1.2276
886.2566  103.6442  29.4420  9.4964  0.0528  1.2208
886.4979  116.9560  29.5053  9.5009  0.0494  1.2207
886.4135  10.1886  29.4646  9.4958  0.0503  1.2246
886.2936  23.5435  29.4908  9.4961  0.0519  1.2263
886.4106  43.8066  29.4853  9.4933  0.0508  1.2396
886.2820  57.0693  29.4950  9.4982  0.0523  1.2050
886.3122  70.4881  29.5021  9.5001  0.0517  1.2159
886.4286  83.8486  29.4946  9.4995  0.0508  1.2040
886.3344  97.1613  29.4756  9.5008  0.0514  1.2274
886.2581  110.5609  29.4419  9.4963  0.0513  1.2207
886.5011  3.8727  29.5053  9.5009  0.0502  1.2214
886.4150  17.1052  29.4644  9.4958  0.0503  1.2244
886.2941  30.4597  29.4908  9.4961  0.0518  1.2259
886.4108  50.7229  29.4853  9.4933  0.0507  1.2394
886.2794  63.9859  29.4949  9.4982  0.0525  1.2050
886.3146  77.4047  29.5020  9.5001  0.0520  1.2159
886.4267  90.7655  29.4946  9.4995  0.0510  1.2039
886.3359  104.0782  29.4756  9.5008  0.0521  1.2273
886.2553  117.4780  29.4418  9.4963  0.0527  1.2205
886.5004  10.7895  29.5051  9.5009  0.0503  1.2217
886.4143  24.0218  29.4643  9.4959  0.0502  1.2243
886.2935  37.3760  29.4907  9.4962  0.0517  1.2259
886.4099  57.6393  29.4853  9.4933  0.0507  1.2392
886.2797  70.9025  29.4949  9.4982  0.0524  1.2049
886.3163  84.3214  29.5019  9.5001  0.0518  1.2159
886.4265  97.6824  29.4946  9.4995  0.0511  1.2037
886.3339  110.9950  29.4755  9.5008  0.0514  1.2270
886.2573  4.3949  29.4417  9.4962  0.0523  1.2203
886.5010  17.7063  29.5051  9.5008  0.0503  1.2216
886.4152  30.9383  29.4641  9.4959  0.0502  1.2243
886.2924  44.2925  29.4908  9.4962  0.0519  1.2259
886.4086  64.5556  29.4854  9.4933  0.0505  1.2391
886.2806  77.8191  29.4948  9.4982  0.0526  1.2049
886.3143  91.2382  29.5019  9.5001  0.0518  1.2156
886.4254  104.5992  29.4945  9.4995  0.0509  1.2037
886.3361  117.9120  29.4755  9.5007  0.0526  1.2274
886.2574  11.3118  29.4416  9.4962  0.0523  1.2201
886.5009  24.6230  29.5049  9.5008  0.0503  1.2213
886.4150  37.8548  29.4640  9.4958  0.0504  1.2243
886.2929  51.2087  29.4908  9.4962  0.0516  1.2262
886.4103  71.4720  29.4854  9.4933  0.0506  1.2395
886.2799  84.7358  29.4947  9.4982  0.0535  1.2053
886.3151  98.1548  29.5018  9.5001  0.0516  1.2156
886.4240  111.5161  29.4945  9.4995  0.0515  1.2036
886.3378  4.8288  29.4754  9.5007  0.0514  1.2280
886.2578  18.2288  29.4414  9.4962  0.0524  1.2199
886.5015  31.5397  29.5049  9.5008  0.0503  1.2210
886.4172  44.7713  29.4638  9.4958  0.0502  1.2244
886.2953  58.1250  29.4908  9.4962  0.0516  1.2264
