10000  0.9317  0.4710
20000  -0.2388  0.4698
30000  -0.4552  0.4721
40000  -1.4557  0.4709
50000  -1.5110  0.4698
60000  -2.2925  0.4697
70000  -3.1730  0.4705
80000  -3.8704  0.4711
90000  -4.6474  0.4698
100000  -4.3026  0.4706
110000  -7.6371  0.4702
120000  -7.8237  0.4716
130000  -7.4030  0.4671
140000  -7.6353  0.4678
150000  -10.4023  0.4707
160000  -8.6207  0.4706
170000  -9.8791  0.4703
180000  -8.8618  0.4673
190000  -9.1889  0.4707
200000  -9.6228  0.4700
210000  -10.5003  0.4692
220000  -11.0808  0.4738
230000  -11.4203  0.4707
240000  -12.0754  0.4692
250000  -9.1530  0.4713
260000  -10.3462  0.4676
270000  -7.5317  0.4706
280000  -11.3022  0.4680
290000  -10.8875  0.4695
300000  -11.1144  0.4703
310000  -9.4781  0.4704
320000  -9.1594  0.4680
330000  -9.3456  0.4709
340000  -8.7826  0.4728
350000  -10.9026  0.4677
360000  -10.2605  0.4722
370000  -10.8098  0.4701
380000  -9.4525  0.4708
390000  -9.1675  0.4703
400000  -10.2622  0.4710
410000  -9.0274  0.4695
420000  -8.9386  0.4693
430000  -9.1514  0.4686
440000  -9.0898  0.4698
450000  -10.4439  0.4739
460000  -8.7893  0.4701
470000  -10.5223  0.4702
480000  -9.3567  0.4706
490000  -10.7137  0.4706
500000  -9.0059  0.4717
510000  -10.7642  0.4692
520000  -10.5740  0.4702
530000  -10.7918  0.4718
540000  -11.1131  0.4702
550000  -11.1525  0.4709
560000  -10.1111  0.4693
570000  -8.5516  0.4682
580000  -9.8772  0.4731
590000  -9.7225  0.4735
600000  -11.1923  0.4712
610000  -10.0148  0.4683
620000  -9.8421  0.4693
630000  -10.5146  0.4698
640000  -8.5859  0.4709
650000  -8.9629  0.4721
660000  -7.2119  0.4700
670000  -11.7847  0.4721
680000  -9.8482  0.4728
690000  -10.5214  0.4673
700000  -10.8930  0.4711
710000  -10.8768  0.4707
720000  -9.9203  0.4725
730000  -7.9787  0.4702
740000  -8.8097  0.4711
750000  -9.5795  0.4720
760000  -8.2124  0.4712
770000  -8.7996  0.4690
780000  -8.7124  0.4705
790000  -10.5662  0.4699
800000  -10.5326  0.4710
810000  -9.6011  0.4732
820000  -10.0232  0.4718
830000  -9.3817  0.4700
840000  -10.0169  0.4703
850000  -8.1535  0.4714
860000  -7.3827  0.4701
870000  -10.8461  0.4700
880000  -8.3429  0.4691
890000  -6.2995  0.4721
900000  -7.6264  0.4730
910000  -5.5227  0.4716
920000  -6.7085  0.4709
930000  -8.3519  0.4688
940000  -6.4532  0.4720
950000  -8.1319  0.4713
960000  -9.3040  0.4703
970000  -10.5411  0.4700
980000  -9.9656  0.4707
990000  -9.4851  0.4681
1000000  -8.0844  0.4736
1010000  -9.9897  0.4701
1020000  -7.1702  0.4688
1030000  -7.3012  0.4701
1040000  -5.8777  0.4689
1050000  -6.7371  0.4702
1060000  -9.6683  0.4690
1070000  -8.9431  0.4732
1080000  -11.1315  0.4714
1090000  -10.1128  0.4689
1100000  -9.9227  0.4715
1110000  -9.6510  0.4694
1120000  -7.6205  0.4703
1130000  -9.5954  0.4687
1140000  -10.8751  0.4689
1150000  -8.7956  0.4708
1160000  -8.8861  0.4703
1170000  -8.5174  0.4720
1180000  -10.5786  0.4690
1190000  -10.0008  0.4730
1200000  -10.8731  0.4704
1210000  -8.5107  0.4688
1220000  -10.8793  0.4684
1230000  -9.8045  0.4698
1240000  -9.8526  0.4693
1250000  -9.8064  0.4686
1260000  -10.3872  0.4710
1270000  -8.0840  0.4699
1280000  -8.4745  0.4686
1290000  -6.4996  0.4722
1300000  -6.9274  0.4720
1310000  -8.4685  0.4709
1320000  -8.8284  0.4698
1330000  -8.5472  0.4694
1340000  -10.4207  0.4686
1350000  -7.7835  0.4716
1360000  -8.0524  0.4697
1370000  -9.5335  0.4719
1380000  -6.3641  0.4689
1390000  -8.7454  0.4725
1400000  -8.1025  0.4704
1410000  -9.5840  0.4714
1420000  -8.8876  0.4694
1430000  -10.8437  0.4700
1440000  -10.3839  0.4693
1450000  -10.3903  0.4707
1460000  -8.7694  0.4738
1470000  -8.2118  0.4747
1480000  -7.2574  0.4741
1490000  -10.0586  0.4724
1500000  -9.2106  0.4704
1510000  -10.0971  0.4700
1520000  -8.9581  0.4711
1530000  -8.7389  0.4712
1540000  -12.1359  0.4709
1550000  -11.0590  0.4737
1560000  -10.1250  0.4711
1570000  -9.7700  0.4716
1580000  -10.3214  0.4738
1590000  -11.1641  0.4700
1600000  -8.4623  0.4713
1610000  -5.4618  0.4710
1620000  -7.8065  0.4690
1630000  -8.4316  0.4706
1640000  -10.8848  0.4707
1650000  -6.6549  0.4728
1660000  -7.7542  0.4717
1670000  -5.1347  0.4693
1680000  -9.4671  0.4734
1690000  -9.6258  0.4698
1700000  -6.9145  0.4673
1710000  -7.1410  0.4718
1720000  -9.8132  0.4696
1730000  -10.2725  0.4725
1740000  -9.9307  0.4699
1750000  -8.3572  0.4695
1760000  -9.4262  0.4704
1770000  -11.1346  0.4711
1780000  -6.5462  0.4721
1790000  -10.0020  0.4677
1800000  -9.9503  0.4700
1810000  -9.1957  0.4695
1820000  -9.5909  0.4711
1830000  -6.7950  0.4693
1840000  -8.2479  0.4700
1850000  -8.4758  0.4723
1860000  -11.0140  0.4710
1870000  -7.4864  0.4711
1880000  -8.9221  0.4694
1890000  -7.0461  0.4721
1900000  -8.1635  0.4714
1910000  -8.7346  0.4683
1920000  -10.8213  0.4739
1930000  -7.7102  0.4717
1940000  -7.7586  0.4700
1950000  -9.9959  0.4682
1960000  -10.9335  0.4714
1970000  -8.6478  0.4677
1980000  -10.1166  0.4695
1990000  -8.4130  0.4702
2000000  -10.9644  0.4693
